-14.7065
-14.4188
-14.1368
-13.8602
-13.5891
-13.3233
-13.0628
-12.8073
-12.5568
-12.3113
-12.0705
-11.8345
-11.6031
-11.3763
-11.1539
-10.9358
-10.722
-10.5125
-10.307
-10.1056
-9.90807
-9.71445
-9.52463
-9.33854
-9.15609
-8.97721
-8.80185
-8.62992
-8.46137
-8.29612
-8.13411
-7.97527
-7.81955
-7.66689
-7.51722
-7.37048
-7.22662
-7.08558
-6.94731
-6.81174
-6.67884
-6.54854
-6.4208
-6.29556
-6.17277
-6.0524
-5.93438
-5.81868
-5.70525
-5.59404
-5.48501
-5.37812
-5.27333
-5.17059
-5.06986
-4.97111
-4.8743
-4.77938
-4.68633
-4.5951
-4.50566
-4.41797
-4.332
-4.24772
-4.16509
-4.08408
-4.00466
-3.9268
-3.85046
-3.77562
-3.70225
-3.63031
-3.55979
-3.49065
-3.42286
-3.35641
-3.29125
-3.22738
-3.16475
-3.10336
-3.04317
-2.98416
-2.9263
-2.86958
-2.81398
-2.75946
-2.70601
-2.65361
-2.60224
-2.55187
-2.5025
-2.45409
-2.40663
-2.3601
-2.31448
-2.26976
-2.22591
-2.18292
-2.14078
-2.09946
-2.05896
-2.01924
-1.98031
-1.94214
-1.90472
-1.86803
-1.83206
-1.79679
-1.76222
-1.72833
-1.6951
-1.66252
-1.63058
-1.59927
-1.56857
-1.53847
-1.50896
-1.48004
-1.45167
-1.42387
-1.39661
-1.36988
-1.34368
-1.31799
-1.29281
-1.26812
-1.24391
-1.22018
-1.19692
-1.17411
-1.15174
-1.12982
-1.10832
-1.08725
-1.06659
-1.04634
-1.02648
-1.00701
-0.987925
-0.969213
-0.950868
-0.932882
-0.91525
-0.897962
-0.881014
-0.864398
-0.848108
-0.832138
-0.81648
-0.80113
-0.78608
-0.771326
-0.756861
-0.742679
-0.728776
-0.715145
-0.701782
-0.68868
-0.675836
-0.663243
-0.650897
-0.638794
-0.626927
-0.615293
-0.603888
-0.592706
-0.581743
-0.570995
-0.560458
-0.550128
-0.54
-0.53
-0.52
-0.51
-0.5
-0.49
-0.48
-0.47
-0.46
-0.45
-0.44
-0.43
-0.42
-0.41
-0.4
-0.39
-0.38
-0.37
-0.36
-0.35
-0.34
-0.33
-0.32
-0.31
-0.3
-0.29
-0.28
-0.27
-0.26
-0.25
-0.24
-0.23
-0.22
-0.21
-0.2
-0.19
-0.18
-0.17
-0.16
-0.15
-0.14
-0.13
-0.12
-0.11
-0.1
-0.09
-0.08
-0.07
-0.06
-0.05
-0.04
-0.03
-0.02
-0.01
3.76435e-16
0.01
0.02
0.03
0.04
0.05
0.06
0.07
0.08
0.09
0.1
0.11
0.12
0.13
0.14
0.15
0.16
0.17
0.18
0.19
0.2
0.21
0.22
0.23
0.24
0.25
0.26
0.27
0.28
0.29
0.3
0.31
0.32
0.33
0.34
0.35
0.36
0.37
0.38
0.39
0.4
0.41
0.42
0.43
0.44
0.45
0.46
0.47
0.48
0.49
0.5
0.51
0.52
0.53
0.54
0.550128
0.560458
0.570995
0.581743
0.592706
0.603888
0.615293
0.626927
0.638794
0.650897
0.663243
0.675836
0.68868
0.701782
0.715145
0.728776
0.742679
0.756861
0.771326
0.78608
0.80113
0.81648
0.832138
0.848108
0.864398
0.881014
0.897962
0.91525
0.932882
0.950868
0.969213
0.987925
1.00701
1.02648
1.04634
1.06659
1.08725
1.10832
1.12982
1.15174
1.17411
1.19692
1.22018
1.24391
1.26812
1.29281
1.31799
1.34368
1.36988
1.39661
1.42387
1.45167
1.48004
1.50896
1.53847
1.56857
1.59927
1.63058
1.66252
1.6951
1.72833
1.76222
1.79679
1.83206
1.86803
1.90472
1.94214
1.98031
2.01924
2.05896
2.09946
2.14078
2.18292
2.22591
2.26976
2.31448
2.3601
2.40663
2.45409
2.5025
2.55187
2.60224
2.65361
2.70601
2.75946
2.81398
2.86958
2.9263
2.98416
3.04317
3.10336
3.16475
3.22738
3.29125
3.35641
3.42286
3.49065
3.55979
3.63031
3.70225
3.77562
3.85046
3.9268
4.00466
4.08408
4.16509
4.24772
4.332
4.41797
4.50566
4.5951
4.68633
4.77938
4.8743
4.97111
5.06986
5.17059
5.27333
5.37812
5.48501
5.59404
5.70525
5.81868
5.93438
6.0524
6.17277
6.29556
6.4208
6.54854
6.67884
6.81174
6.94731
7.08558
7.22662
7.37048
7.51722
7.66689
7.81955
7.97527
8.13411
8.29612
8.46137
8.62992
8.80185
8.97721
9.15609
9.33854
9.52463
9.71445
9.90807
10.1056
10.307
10.5125
10.722
10.9358
11.1539
11.3763
11.6031
11.8345
12.0705
12.3113
12.5568
12.8073
13.0628
13.3233
13.5891
13.8602
14.1368
14.4188
14.7065
