-14.8533
-14.5627
-14.2778
-13.9985
-13.7247
-13.4562
-13.193
-12.935
-12.682
-12.434
-12.1909
-11.9525
-11.7188
-11.4897
-11.2651
-11.0448
-10.8289
-10.6173
-10.4097
-10.2063
-10.0068
-9.81126
-9.61954
-9.43158
-9.24731
-9.06665
-8.88953
-8.71589
-8.54564
-8.37874
-8.21511
-8.05469
-7.89741
-7.74322
-7.59205
-7.44385
-7.29855
-7.1561
-7.01644
-6.87952
-6.74529
-6.61369
-6.48467
-6.35818
-6.23417
-6.11259
-5.99339
-5.87653
-5.76196
-5.64964
-5.53953
-5.43157
-5.32572
-5.22196
-5.12022
-5.02049
-4.9227
-4.82684
-4.73286
-4.64071
-4.55038
-4.46181
-4.37499
-4.28986
-4.2064
-4.12459
-4.04437
-3.96573
-3.88863
-3.81304
-3.73893
-3.66628
-3.59505
-3.52522
-3.45675
-3.38963
-3.32383
-3.25932
-3.19607
-3.13406
-3.07326
-3.01366
-2.95523
-2.89794
-2.84178
-2.78672
-2.73274
-2.67981
-2.62793
-2.57706
-2.52718
-2.47829
-2.43036
-2.38336
-2.33729
-2.29212
-2.24783
-2.20442
-2.16185
-2.12012
-2.07921
-2.0391
-1.99978
-1.96122
-1.92343
-1.88637
-1.85004
-1.81443
-1.77951
-1.74528
-1.71171
-1.67881
-1.64655
-1.61492
-1.58392
-1.55352
-1.52372
-1.4945
-1.46585
-1.43777
-1.41024
-1.38325
-1.35678
-1.33084
-1.3054
-1.28046
-1.25602
-1.23205
-1.20855
-1.18551
-1.16292
-1.14078
-1.11907
-1.09779
-1.07692
-1.05646
-1.03641
-1.01675
-0.997468
-0.978569
-0.960041
-0.941875
-0.924066
-0.906606
-0.889488
-0.872706
-0.856253
-0.840123
-0.824309
-0.808805
-0.793605
-0.778703
-0.764093
-0.74977
-0.735728
-0.721961
-0.708464
-0.695231
-0.682258
-0.669539
-0.65707
-0.644845
-0.63286
-0.62111
-0.609591
-0.598297
-0.587224
-0.576369
-0.565727
-0.555293
-0.545064
-0.535
-0.525
-0.515
-0.505
-0.495
-0.485
-0.475
-0.465
-0.455
-0.445
-0.435
-0.425
-0.415
-0.405
-0.395
-0.385
-0.375
-0.365
-0.355
-0.345
-0.335
-0.325
-0.315
-0.305
-0.295
-0.285
-0.275
-0.265
-0.255
-0.245
-0.235
-0.225
-0.215
-0.205
-0.195
-0.185
-0.175
-0.165
-0.155
-0.145
-0.135
-0.125
-0.115
-0.105
-0.095
-0.085
-0.075
-0.065
-0.055
-0.045
-0.035
-0.025
-0.015
-0.005
0.005
0.015
0.025
0.035
0.045
0.055
0.065
0.075
0.085
0.095
0.105
0.115
0.125
0.135
0.145
0.155
0.165
0.175
0.185
0.195
0.205
0.215
0.225
0.235
0.245
0.255
0.265
0.275
0.285
0.295
0.305
0.315
0.325
0.335
0.345
0.355
0.365
0.375
0.385
0.395
0.405
0.415
0.425
0.435
0.445
0.455
0.465
0.475
0.485
0.495
0.505
0.515
0.525
0.535
0.545064
0.555293
0.565727
0.576369
0.587224
0.598297
0.609591
0.62111
0.63286
0.644845
0.65707
0.669539
0.682258
0.695231
0.708464
0.721961
0.735728
0.74977
0.764093
0.778703
0.793605
0.808805
0.824309
0.840123
0.856253
0.872706
0.889488
0.906606
0.924066
0.941875
0.960041
0.978569
0.997468
1.01675
1.03641
1.05646
1.07692
1.09779
1.11907
1.14078
1.16292
1.18551
1.20855
1.23205
1.25602
1.28046
1.3054
1.33084
1.35678
1.38325
1.41024
1.43777
1.46585
1.4945
1.52372
1.55352
1.58392
1.61492
1.64655
1.67881
1.71171
1.74528
1.77951
1.81443
1.85004
1.88637
1.92343
1.96122
1.99978
2.0391
2.07921
2.12012
2.16185
2.20442
2.24783
2.29212
2.33729
2.38336
2.43036
2.47829
2.52718
2.57706
2.62793
2.67981
2.73274
2.78672
2.84178
2.89794
2.95523
3.01366
3.07326
3.13406
3.19607
3.25932
3.32383
3.38963
3.45675
3.52522
3.59505
3.66628
3.73893
3.81304
3.88863
3.96573
4.04437
4.12459
4.2064
4.28986
4.37499
4.46181
4.55038
4.64071
4.73286
4.82684
4.9227
5.02049
5.12022
5.22196
5.32572
5.43157
5.53953
5.64964
5.76196
5.87653
5.99339
6.11259
6.23417
6.35818
6.48467
6.61369
6.74529
6.87952
7.01644
7.1561
7.29855
7.44385
7.59205
7.74322
7.89741
8.05469
8.21511
8.37874
8.54564
8.71589
8.88953
9.06665
9.24731
9.43158
9.61954
9.81126
10.0068
10.2063
10.4097
10.6173
10.8289
11.0448
11.2651
11.4897
11.7188
11.9525
12.1909
12.434
12.682
12.935
13.193
13.4562
13.7247
13.9985
14.2778
14.5627
14.8533
