timestep	Fx	Fy
0.005	61.4943	-0.636202
0.01	44.0839	0.0333086
0.015	27.8295	-0.0599129
0.02	18.4286	0.0319516
0.025	12.2623	0.0638479
0.03	8.36328	0.0696565
0.035	5.8668	0.0693236
0.04	4.26449	0.0512469
0.045	3.22161	0.0460401
0.05	2.53784	0.0441234
0.055	2.06514	0.0361653
0.06	1.74616	0.0283572
0.065	1.50623	0.0211225
0.07	1.3553	0.0128327
0.075	1.23145	0.00496487
0.08	1.12994	0.00412483
0.085	1.06536	0.0255948
0.09	0.997725	0.0244996
0.095	0.939921	0.0192424
0.1	0.893404	0.0259627
0.105	0.846528	0.0176514
0.11	0.80879	0.0112497
0.115	0.779081	0.0072162
0.12	0.747726	0.00951746
0.125	0.730524	0.0089959
0.13	0.703508	0.00376653
0.135	0.679462	-0.00389621
0.14	0.660017	-0.000519729
0.145	0.63257	0.00378247
0.15	0.610589	0.00641949
0.155	0.587655	0.0116725
0.16	0.576958	0.00823963
0.165	0.564539	0.00338314
0.17	0.552296	0.00279123
0.175	0.545646	0.0035392
0.18	0.537536	-0.0027334
0.185	0.525821	-0.00243425
0.19	0.5164	-0.0047237
0.195	0.505895	-0.00487552
0.2	0.49677	-0.00475936
0.205	0.482549	-0.00131996
0.21	0.473623	0.00128914
0.215	0.466858	0.00545679
0.22	0.457542	-0.00519602
0.225	0.443686	0.00337533
0.23	0.435402	0.00250678
0.235	0.431081	-0.00426371
0.24	0.422271	-0.00641042
0.245	0.402308	0.00574947
0.25	0.399901	0.000886943
0.255	0.39152	-0.000902366
0.26	0.396633	-0.000865738
0.265	0.395948	-0.00184172
0.27	0.381904	-0.00173406
0.275	0.374134	-0.00143155
0.28	0.372454	0.0132739
0.285	0.373032	0.0064102
0.29	0.37151	-0.000714941
0.295	0.361728	0.00121216
0.3	0.363376	-0.000436643
0.305	0.360755	0.000617732
0.31	0.353885	0.00812987
0.315	0.353026	-8.02835e-05
0.32	0.341926	0.00244244
0.325	0.331583	0.0114587
0.33	0.340007	0.00327836
0.335	0.342753	0.000333529
0.34	0.337597	-0.00534407
0.345	0.337146	-0.00617454
0.35	0.337292	-0.00135533
0.355	0.335043	-0.0071714
0.36	0.319769	-0.0151655
0.365	0.319279	-0.0102045
0.37	0.311391	-0.00569344
0.375	0.314406	0.00451271
0.38	0.31878	0.00758479
0.385	0.311647	0.00433973
0.39	0.309587	-0.0023366
0.395	0.305313	-0.000954308
0.4	0.299907	-0.000359258
0.405	0.289238	-0.00377885
0.41	0.273843	-0.00982529
0.415	0.276678	-0.00398727
0.42	0.270892	-0.000130217
0.425	0.257328	0.0117891
0.43	0.255172	0.0099847
0.435	0.249742	0.00734821
0.44	0.235692	0.00855332
0.445	0.241369	0.00544753
0.45	0.247548	0.00314732
0.455	0.252139	-0.00243969
0.46	0.250342	-0.00125012
0.465	0.247694	3.74407e-05
0.47	0.243569	0.00215157
0.475	0.245701	-0.00243979
0.48	0.23726	-0.00573259
0.485	0.239817	-0.00232363
0.49	0.242757	-0.00183075
0.495	0.238039	-2.59421e-05
0.5	0.239084	0.0152499
0.505	0.24334	0.00120863
0.51	0.248895	-0.00306662
0.515	0.250262	0.00277384
0.52	0.244522	0.00247212
0.525	0.234785	0.00703492
0.53	0.247383	0.00330205
0.535	0.253443	-0.00238054
0.54	0.258587	-0.00487518
0.545	0.265079	-0.0052192
0.55	0.252111	-0.0123414
0.555	0.248798	-0.0080568
0.56	0.258337	0.00345797
0.565	0.258919	0.00286822
0.57	0.256017	-0.0005357
0.575	0.25085	-0.000750957
0.58	0.246229	-0.00161892
0.585	0.230363	-0.00890545
0.59	0.229815	-0.004858
0.595	0.218771	0.00945516
0.6	0.216998	0.00841479
0.605	0.200682	0.0078429
0.61	0.211021	0.00630708
0.615	0.217585	0.00229756
0.62	0.22166	6.28807e-05
0.625	0.220728	0.000463041
0.63	0.219631	-0.00105008
0.635	0.219514	-0.00531676
0.64	0.217239	-0.00351043
0.645	0.221407	-0.00184774
0.65	0.221218	0.00419685
0.655	0.225352	0.00543906
0.66	0.231863	8.06967e-05
0.665	0.232467	0.00324109
0.67	0.229061	0.00525805
0.675	0.226374	0.010847
0.68	0.237203	-0.00129831
0.685	0.248221	-0.00510612
0.69	0.255083	-0.00569504
0.695	0.246534	-0.011944
0.7	0.248185	-0.00310464
0.705	0.252507	0.00162929
0.71	0.252987	-0.00117548
0.715	0.250352	-0.000994936
0.72	0.233193	-0.00880498
0.725	0.22537	-0.000266263
0.73	0.22873	0.00608788
0.735	0.2199	0.00651208
0.74	0.206939	0.0065389
0.745	0.219008	0.00568117
0.75	0.223081	0.000802358
0.755	0.227291	0.000447345
0.76	0.22751	0.000868385
0.765	0.2272	-0.00668912
0.77	0.225894	-0.00280118
0.775	0.229056	-0.000959368
0.78	0.230258	0.00892607
0.785	0.23523	0.00123591
0.79	0.245337	-0.00125493
0.795	0.238481	0.0063499
0.8	0.239181	0.00700687
0.805	0.253154	-0.000828305
0.81	0.259638	-0.00344752
0.815	0.266085	-0.00470904
0.82	0.259067	-0.0109985
0.825	0.267656	0.000408808
0.83	0.266559	-0.00176789
0.835	0.264008	-0.0016911
0.84	0.256348	-0.00911148
0.845	0.247361	-0.00119667
0.85	0.24497	0.00639304
0.855	0.237888	0.00600817
0.86	0.227851	0.00611367
0.865	0.240264	0.00571162
0.87	0.24619	0.000974736
0.875	0.247962	0.000468829
0.88	0.248524	-0.00283537
0.885	0.246236	-0.00461479
0.89	0.253379	-0.00154665
0.895	0.253078	0.00807403
0.9	0.258199	0.0021742
0.905	0.269214	-0.00131939
0.91	0.259582	0.00747852
0.915	0.264869	0.00596145
0.92	0.275383	0.00192172
0.925	0.286711	-0.00599583
0.93	0.284043	-0.0122403
0.935	0.287101	-0.00412046
0.94	0.295723	0.000176808
0.945	0.294693	-0.00204587
0.95	0.289235	-0.00258447
0.955	0.275347	-0.00672767
0.96	0.275478	0.00528352
0.965	0.265342	0.00490081
0.97	0.25789	0.00587927
0.975	0.269593	0.00525078
0.98	0.276094	0.00120379
0.985	0.28052	-0.00185151
0.99	0.279823	-0.00573735
0.995	0.277993	-0.00277821
1	0.282349	-2.67484e-05
1.005	0.288358	0.00697684
1.01	0.294461	0.000431297
1.015	0.295354	0.00283646
1.02	0.291216	0.00729083
1.025	0.305539	0.000870085
1.03	0.316889	-0.000390722
1.035	0.315186	-0.00967437
1.04	0.31811	-0.00846141
1.045	0.328397	0.00150068
1.05	0.328025	-0.00174336
1.055	0.323089	-0.00260533
1.06	0.310655	-0.00109135
1.065	0.309385	0.00398947
1.07	0.3011	0.00355508
1.075	0.295679	0.00547596
1.08	0.307804	0.00212474
1.085	0.314146	0.000566259
1.09	0.316352	0.000202282
1.095	0.315835	-0.00410491
1.1	0.319484	-0.000487174
1.105	0.322885	0.0033922
1.11	0.327155	0.00308912
1.115	0.337045	-0.00024719
1.12	0.329276	0.00790907
1.125	0.337296	0.00481014
1.13	0.350039	-0.00164302
1.135	0.360311	-0.00519313
1.14	0.354996	-0.0105616
1.145	0.363942	-0.000508936
1.15	0.365983	-0.00191426
1.155	0.364794	-0.00368435
1.16	0.351258	-0.0068369
1.165	0.353167	0.00340675
1.17	0.343522	0.00614781
1.175	0.335923	0.00520185
1.18	0.348503	0.00500092
1.185	0.355445	-0.00020276
1.19	0.359877	-0.00117643
1.195	0.357092	-0.00343924
1.2	0.360759	-0.000205171
1.205	0.366064	0.00435024
1.21	0.369971	0.00244472
1.215	0.380065	2.255e-06
1.22	0.373315	0.00380814
1.225	0.380188	0.00566341
1.23	0.390547	0.00346516
1.235	0.40462	-0.00514963
1.24	0.400175	-0.0107171
1.245	0.409149	-0.00126689
1.25	0.410641	-0.00300311
1.255	0.409846	-0.0042722
1.26	0.398158	-0.00647739
1.265	0.399213	0.00392242
1.27	0.389212	0.00596127
1.275	0.383128	0.00479497
1.28	0.397104	0.00295995
1.285	0.402441	0.000316077
1.29	0.406555	0.000180209
1.295	0.405635	-0.00398917
1.3	0.410375	0.000135355
1.305	0.411916	0.00362852
1.31	0.417425	0.00307855
1.315	0.428964	0.000401815
1.32	0.422347	0.00358256
1.325	0.430042	0.00539916
1.33	0.44141	0.00240811
1.335	0.454286	-0.00375278
1.34	0.448881	-0.0111962
1.345	0.45907	-0.00135816
1.35	0.460745	-0.00251466
1.355	0.46039	-0.00333443
1.36	0.447178	-0.00717755
1.365	0.449464	0.00373996
1.37	0.441161	0.00588601
1.375	0.435437	0.00523587
1.38	0.448999	0.0024902
1.385	0.454425	0.000447694
1.39	0.459005	0.00155315
1.395	0.45782	-0.00449497
1.4	0.461564	-0.000306159
1.405	0.464756	0.00345488
1.41	0.470789	0.00350871
1.415	0.479826	-0.000467518
1.42	0.474297	0.00449593
1.425	0.482241	0.00521027
1.43	0.494251	0.00345028
1.435	0.506162	-0.00482281
1.44	0.504717	-0.0118131
1.445	0.513305	-0.000700017
1.45	0.514246	-0.00284151
1.455	0.516051	-0.00246703
1.46	0.502047	-0.00868616
1.465	0.504657	-0.00123579
1.47	0.496851	0.00709249
1.475	0.488258	0.00700925
1.48	0.50395	0.00538827
1.485	0.51065	0.000596052
1.49	0.514628	0.000693469
1.495	0.518465	-0.00388912
1.5	0.512852	-0.00273767
1.505	0.519011	-0.000130954
1.51	0.525399	0.00906277
1.515	0.531909	-0.000812553
1.52	0.533688	0.00187036
1.525	0.529883	0.00622071
1.53	0.545761	0.00834398
1.535	0.560663	-0.00370413
1.54	0.569307	-0.00496986
1.545	0.56232	-0.0108479
1.55	0.572971	-0.000950005
1.555	0.575463	-0.00238121
1.56	0.576129	-0.00421061
1.565	0.561424	-0.00851374
1.57	0.56645	-0.000508986
1.575	0.556583	0.00685339
1.58	0.54931	0.00767401
1.585	0.564794	0.00538127
1.59	0.571931	0.000355503
1.595	0.576801	0.00040346
1.6	0.57966	-0.00227678
1.605	0.577695	-0.00269843
1.61	0.582657	-0.000864891
1.615	0.583217	0.0037733
1.62	0.591261	0.00499743
1.625	0.599516	0.000592857
1.63	0.594963	0.00380534
1.635	0.598773	0.0101764
1.64	0.615303	-0.00115077
1.645	0.62942	-0.00487497
1.65	0.624332	-0.0106522
1.655	0.62992	-0.00798151
1.66	0.640379	0.00198884
1.665	0.640956	-0.00119196
1.67	0.64285	-0.00162645
1.675	0.628044	-0.0101913
1.68	0.631386	-0.00413526
1.685	0.626873	0.00543682
1.69	0.626414	0.00530479
1.695	0.6236	0.00577903
1.7	0.636129	0.00398441
1.705	0.640923	0.00263987
1.71	0.646779	0.00154658
1.715	0.647071	-0.00407062
1.72	0.645269	-0.00215668
1.725	0.650763	0.000536219
1.73	0.65308	0.00978877
1.735	0.661003	0.00343946
1.74	0.669358	-3.48226e-05
1.745	0.66995	0.00070955
1.75	0.665881	0.00641638
1.755	0.682871	0.00442083
1.76	0.695388	-0.00161152
1.765	0.704788	-0.00491615
1.77	0.698406	-0.0113448
1.775	0.705088	-0.0029334
1.78	0.714505	0.00132394
1.785	0.712072	-0.00314029
1.79	0.715205	-0.0028099
1.795	0.703167	-0.0101628
1.8	0.703037	-0.00414617
1.805	0.706494	0.0063082
1.81	0.700105	0.00625449
1.815	0.691693	0.00789631
1.82	0.7078	0.00636193
1.825	0.713631	-9.31963e-05
1.83	0.720437	0.00167827
1.835	0.723745	-0.000156622
1.84	0.723791	-0.00213899
1.845	0.721916	-0.00242174
1.85	0.727233	0.000158991
1.855	0.727772	-0.000671094
1.86	0.737454	0.00941527
1.865	0.745819	-0.000990049
1.87	0.752104	9.29827e-05
1.875	0.749484	0.00122499
1.88	0.744025	0.0119063
1.885	0.76397	0.00434536
1.89	0.774641	-0.00217294
1.895	0.783616	-0.00572105
1.9	0.776362	-0.0122967
1.905	0.785638	-0.00898261
1.91	0.793187	0.00339628
1.915	0.79536	0.00142508
1.92	0.793499	-0.00221959
1.925	0.799781	-0.00216948
1.93	0.788148	-0.011854
1.935	0.78785	-0.00866513
1.94	0.789367	-0.000304684
1.945	0.785937	0.00916868
1.95	0.787368	0.00828967
1.955	0.77435	0.00817474
1.96	0.794371	0.00512001
1.965	0.800362	0.00433625
1.97	0.806939	-0.00145495
1.975	0.809753	0.000694806
1.98	0.813736	0.000755686
1.985	0.813952	-0.00138474
1.99	0.8098	-0.00380684
1.995	0.816867	-0.000658087
2	0.821829	-0.000969995
2.005	0.819097	-0.000599339
2.01	0.827216	0.0115298
2.015	0.832161	0.00308426
2.02	0.844363	-0.000660467
2.025	0.837567	0.00132991
2.03	0.840169	0.00759221
2.035	0.846324	0.00632064
2.04	0.85888	0.00285573
2.045	0.867616	-0.00262296
2.05	0.874105	-0.00417303
2.055	0.879367	-0.00219534
2.06	0.884594	-0.00377737
2.065	0.87277	-0.0137543
2.07	0.879544	-0.00863108
2.075	0.89087	0.00460519
2.08	0.893836	0.00299655
2.085	0.890442	-0.00307871
2.09	0.897906	-0.000994474
2.095	0.89927	-0.00167923
2.1	0.896881	-0.0018627
2.105	0.883762	-0.010964
2.11	0.892761	-0.00402718
2.115	0.892894	0.000418881
2.12	0.895476	0.0101337
2.125	0.888864	0.00563552
2.13	0.896419	0.00194004
2.135	0.883261	0.00767488
2.14	0.898754	0.006854
2.145	0.90848	0.00441778
2.15	0.913044	0.00263956
2.155	0.918405	-0.00447715
2.16	0.921468	0.000366401
2.165	0.924978	0.00135636
2.17	0.926468	4.99927e-06
2.175	0.925526	-0.000171659
2.18	0.929301	-0.00156709
2.185	0.930074	-0.00533532
2.19	0.928792	-0.0033353
2.195	0.93841	0.000121429
2.2	0.938799	0.00139864
2.205	0.940816	-0.000733363
2.21	0.940687	-0.000547325
2.215	0.950068	0.0108113
2.22	0.957264	0.00949993
2.225	0.960232	0.000212587
2.23	0.964841	-0.00436436
2.235	0.96693	0.000515971
2.24	0.967244	0.00331509
2.245	0.962574	0.0074923
2.25	0.974668	-0.000371073
2.255	0.973779	4.11448e-05
2.26	0.979329	0.00813108
2.265	0.981495	0.00445421
2.27	0.992416	0.00226968
2.275	0.996041	0.000359704
2.28	1.00274	-0.00496976
2.285	1.0047	-0.00262788
2.29	1.00741	-0.00158963
2.295	1.00995	-0.00407731
2.3	1.01324	-0.00083681
2.305	1.01984	-0.00500304
2.31	1.02128	-0.00345971
2.315	1.00733	-0.012688
2.32	1.01668	-0.00909619
2.325	1.02153	-0.00578872
2.33	1.02417	-0.00296495
2.335	1.02502	-0.0011867
2.34	1.02867	-0.000675083
2.345	1.03901	0.010497
2.35	1.04291	0.0069368
2.355	1.04052	0.00370008
2.36	1.04274	0.00233947
2.365	1.0455	0.00135626
2.37	1.0457	-0.00234741
2.375	1.04682	-0.0031706
2.38	1.05165	-0.00137949
2.385	1.05274	-0.000366885
2.39	1.05673	0.00167682
2.395	1.05929	-0.000652438
2.4	1.05969	-0.000130522
2.405	1.0629	-0.00028281
2.41	1.0659	-0.000503092
2.415	1.06593	3.67264e-05
2.42	1.06546	-0.00295869
2.425	1.06726	-0.00166529
2.43	1.06946	-0.000217896
2.435	1.07223	0.00073469
2.44	1.06507	-0.0108428
2.445	1.07407	-0.00940014
2.45	1.08301	-0.00453818
2.455	1.07812	-0.00523722
2.46	1.0821	-0.00480486
2.465	1.08723	-0.00260752
2.47	1.08881	-0.00107516
2.475	1.08843	-0.000975108
2.48	1.09301	-0.000411363
2.485	1.09585	-0.000528816
2.49	1.10289	0.000552494
2.495	1.10445	0.000380614
2.5	1.10591	0.000263298
2.505	1.1071	0.000978247
2.51	1.10893	0.00111889
2.515	1.11193	-9.11614e-06
2.52	1.11398	0.000374273
2.525	1.11683	-4.96033e-05
2.53	1.11931	-0.000408589
2.535	1.11598	-0.000234402
2.54	1.1207	0.00188733
2.545	1.12444	0.00187567
2.55	1.12858	-2.93428e-05
2.555	1.13188	0.000221178
2.56	1.13575	-3.19192e-05
2.565	1.13528	-0.00177188
2.57	1.13745	0.00116993
2.575	1.1369	0.000859626
2.58	1.13969	0.000448948
2.585	1.14713	0.0124397
2.59	1.15004	0.011473
2.595	1.15167	0.00679495
2.6	1.15359	0.00435589
2.605	1.15744	0.00435691
2.61	1.16177	0.00425682
2.615	1.15968	0.00292734
2.62	1.15945	0.00155015
2.625	1.16138	0.000584507
2.63	1.16166	0.00243787
2.635	1.16099	-0.000279529
2.64	1.16369	-0.000240203
2.645	1.16519	-0.000605043
2.65	1.16725	0.000878147
2.655	1.16393	0.00473715
2.66	1.17058	0.0038288
2.665	1.1734	0.00275501
2.67	1.17976	0.00229566
2.675	1.18	0.0024807
2.68	1.16777	-0.0125149
2.685	1.17357	-0.00821972
2.69	1.18154	-0.00526743
2.695	1.18353	-0.00337608
2.7	1.18548	-0.00156009
2.705	1.18725	-0.000547133
2.71	1.19335	0.012324
2.715	1.19303	0.0152536
2.72	1.19545	0.00460529
2.725	1.18491	0.00376752
2.73	1.18149	0.0149741
2.735	1.19159	0.00443046
2.74	1.19063	0.00744841
2.745	1.19533	0.00663258
2.75	1.19716	0.00803163
2.755	1.19742	0.00872249
2.76	1.20284	-0.000841684
2.765	1.20882	-0.00198559
2.77	1.19963	-0.0115167
2.775	1.20715	-0.000234108
2.78	1.20829	-0.00834494
2.785	1.22209	-0.00681045
2.79	1.2148	-0.00828443
2.795	1.21414	0.000470412
2.8	1.21649	0.00713549
2.805	1.21915	0.00377168
2.81	1.22037	-0.0122811
2.815	1.22824	-0.0089795
2.82	1.23485	-0.00249688
2.825	1.24351	-0.00153331
2.83	1.23825	-0.00384454
2.835	1.24171	-0.00250799
2.84	1.24507	0.00343818
2.845	1.24838	0.00149533
2.85	1.25283	0.00133578
2.855	1.24941	0.00397003
2.86	1.24773	0.000917957
2.865	1.24775	0.00283407
2.87	1.24396	0.00783221
2.875	1.24651	0.00583441
2.88	1.24534	0.00350914
2.885	1.24502	0.00209002
2.89	1.25858	-0.00400574
2.895	1.26337	-0.0034348
2.9	1.26823	-0.00495007
2.905	1.26988	-0.0125059
2.91	1.27345	-0.00985533
2.915	1.27116	-0.017921
2.92	1.26773	0.00326715
2.925	1.27476	0.00962695
2.93	1.27341	0.00830616
2.935	1.26515	0.0020307
2.94	1.25777	0.00642812
2.945	1.26394	0.00781861
2.95	1.25157	-0.011211
2.955	1.256	-0.008893
2.96	1.26715	0.0111567
2.965	1.26448	0.00536776
2.97	1.25345	0.0100025
2.975	1.24942	0.0108248
2.98	1.25097	0.0156296
2.985	1.25466	0.00976617
2.99	1.26316	-0.002335
2.995	1.25894	-0.00322611
3	1.26823	-0.00712562
3.005	1.26718	-0.00255166
3.01	1.27326	0.00590857
3.015	1.27026	-0.0137918
3.02	1.2871	-0.00798706
3.025	1.29308	-0.005823
3.03	1.29296	-0.00573036
3.035	1.29846	0.00359714
3.04	1.30517	0.0018842
3.045	1.29892	0.00223784
3.05	1.29896	0.00353374
3.055	1.28987	0.00992822
3.06	1.2923	0.00775728
3.065	1.28403	0.0027805
3.07	1.30162	-0.00944242
3.075	1.31027	-0.00609328
3.08	1.30608	-0.0131527
3.085	1.31209	-0.0172186
3.09	1.29725	-0.0132603
3.095	1.31147	0.0084333
3.1	1.30507	0.00787608
3.105	1.29474	0.0118508
3.11	1.29434	0.00854721
3.115	1.28523	-0.00998589
3.12	1.28392	-0.0058994
3.125	1.29286	0.00996332
3.13	1.27792	0.0164287
3.135	1.27027	0.0215368
3.14	1.27611	0.0140838
3.145	1.27554	-0.00213177
3.15	1.28107	-0.0068506
3.155	1.28935	-0.0094084
3.16	1.28864	0.0081584
3.165	1.29023	-0.0126773
3.17	1.30406	-0.00663708
3.175	1.31222	-0.00680581
3.18	1.31986	0.00132729
3.185	1.32378	0.00548664
3.19	1.32014	0.00230773
3.195	1.31503	0.00289878
3.2	1.31087	0.00929434
3.205	1.30169	0.00349231
3.21	1.31442	-0.00442692
3.215	1.31846	-0.00541993
3.22	1.3264	-0.0188116
3.225	1.32895	-0.019933
3.23	1.31721	0.00365285
3.235	1.31921	0.00753927
3.24	1.30396	0.010687
3.245	1.2966	0.00213986
3.25	1.29755	-0.00766551
3.255	1.29876	0.00833267
3.26	1.28537	0.0129273
3.265	1.27835	0.0208926
3.27	1.28016	0.0151414
3.275	1.2757	0.00659975
3.28	1.28693	-0.00750716
3.285	1.29343	-0.00506519
3.29	1.29464	0.00220347
3.295	1.31063	-0.0168091
3.3	1.30483	-0.0118916
3.305	1.32741	-0.0124889
3.31	1.32678	0.00856718
3.315	1.32281	0.00288608
3.32	1.31829	0.00560218
3.325	1.30449	0.00986897
3.33	1.30272	-0.000222803
3.335	1.3241	-0.00384675
3.34	1.3243	-0.0212041
3.345	1.32716	-0.0190811
3.35	1.32099	0.0047316
3.355	1.31642	0.00743053
3.36	1.30009	0.0107379
3.365	1.29136	-0.00639061
3.37	1.29094	-0.00521032
3.375	1.29624	0.00907095
3.38	1.27928	0.0202898
3.385	1.26526	0.0232009
3.39	1.28166	0.0065037
3.395	1.27635	-0.00403714
3.4	1.2824	-0.00187205
3.405	1.28698	-0.0060604
3.41	1.30357	-0.0115279
3.415	1.30568	-0.00768367
3.42	1.31398	0.000426236
3.425	1.32002	0.00469014
3.43	1.31523	0.00202537
3.435	1.30099	0.0112879
3.44	1.2937	0.00607561
3.445	1.30532	-0.00263024
3.45	1.315	-0.0198002
3.455	1.31166	-0.020094
3.46	1.30831	-0.000518079
3.465	1.30489	0.00672379
3.47	1.29044	0.0104881
3.475	1.27711	-0.0094139
3.48	1.28193	0.00860538
3.485	1.27139	0.0116374
3.49	1.25571	0.0222487
3.495	1.25694	0.0160583
3.5	1.25666	-0.00230862
3.505	1.26281	-0.0107247
3.51	1.26999	0.0066848
3.515	1.27766	-0.0158044
3.52	1.28341	-0.0114214
3.525	1.30381	-0.00684205
3.53	1.29816	0.00653858
3.535	1.30045	0.0027523
3.54	1.2847	0.0118242
3.545	1.27349	0.00794788
3.55	1.28662	-0.00395269
3.555	1.29159	-0.0183572
3.56	1.2942	-0.0212398
3.565	1.28723	-0.000481984
3.57	1.28232	0.00483845
3.575	1.26987	0.0109941
3.58	1.25607	-0.00960353
3.585	1.25013	0.018461
3.59	1.24123	0.0166306
3.595	1.23031	0.0195661
3.6	1.23814	0.00514412
3.605	1.23129	-0.000734855
3.61	1.23839	-0.00376281
3.615	1.24549	-0.00845219
3.62	1.25743	-0.0113236
3.625	1.26633	-0.0106734
3.63	1.27007	0.00608073
3.635	1.27015	0.000226209
3.64	1.26452	0.00505402
3.645	1.24918	0.00937909
3.65	1.25426	-0.00195403
3.655	1.25697	-0.00985403
3.66	1.26019	-0.0227675
3.665	1.25329	-0.00251243
3.67	1.25213	0.00497801
3.675	1.23714	0.00858709
3.68	1.22719	-0.00761379
3.685	1.22502	0.00676431
3.69	1.21425	0.0158874
3.695	1.19563	0.030181
3.7	1.20153	0.0169413
3.705	1.1983	-0.00883969
3.71	1.20648	-0.00796629
3.715	1.21023	-0.00841083
3.72	1.22539	-0.0114879
3.725	1.23171	-0.0106451
3.73	1.23602	0.00510152
3.735	1.23385	0.000514044
3.74	1.22754	0.00485508
3.745	1.21066	0.00864658
3.75	1.21782	-0.00476752
3.755	1.22249	-0.00763387
3.76	1.22329	-0.0234045
3.765	1.21606	-0.00381794
3.77	1.21149	0.00515435
3.775	1.19528	0.00923463
3.78	1.18704	-0.00719062
3.785	1.18518	0.00794142
3.79	1.16831	0.0175907
3.795	1.15664	0.0209303
3.8	1.16851	0.00507647
3.805	1.15903	-0.000996192
3.81	1.16496	-0.00243914
3.815	1.17014	-0.00641728
3.82	1.18279	-0.0103026
3.825	1.18993	-0.00588493
3.83	1.18967	0.00648244
3.835	1.19003	-0.00129965
3.84	1.17999	0.0085187
3.845	1.1618	0.00583472
3.85	1.17309	-0.0052831
3.855	1.17646	-0.00602077
3.86	1.17811	-0.0233307
3.865	1.16709	-0.0051751
3.87	1.1638	0.00227018
3.875	1.14887	0.0100411
3.88	1.14009	-0.00675897
3.885	1.13659	0.0070306
3.89	1.12442	0.0146566
3.895	1.10546	0.0297333
3.9	1.11302	0.0167788
3.905	1.11066	-0.00823362
3.91	1.1174	-0.00777924
3.915	1.12065	0.00197935
3.92	1.13043	-0.0102117
3.925	1.13738	-0.0142375
3.93	1.13856	0.00304993
3.935	1.13837	-0.00128594
3.94	1.12571	0.00477627
3.945	1.1091	0.00532283
3.95	1.10981	-0.00313033
3.955	1.11642	-0.00511103
3.96	1.12456	-0.0137956
3.965	1.11243	-0.00662993
3.97	1.1126	-0.000104489
3.975	1.09897	0.0103728
3.98	1.07836	-0.0137749
3.985	1.07858	-0.00627696
3.99	1.08313	0.00919612
3.995	1.06066	0.0198278
4	1.05202	0.0199066
4.005	1.05335	0.00281794
4.01	1.05608	0.00417456
4.015	1.06425	1.25656e-05
4.02	1.06066	-0.0156998
4.025	1.07597	-0.00979827
4.03	1.07843	-0.00780927
4.035	1.07424	0.00679768
4.04	1.07137	0.00402893
4.045	1.05952	0.0122951
4.05	1.04459	0.00584687
4.055	1.05108	-0.00297489
4.06	1.05085	-0.00686646
4.065	1.05464	-0.0232222
4.07	1.04658	-0.00298715
4.075	1.04892	0.00387496
4.08	1.03306	0.00739446
4.085	1.01902	-0.000350703
4.09	1.01584	-0.00845287
4.095	1.00868	0.0142305
4.1	0.998822	0.0158611
4.105	0.982943	0.0184557
4.11	0.994538	0.00405233
4.115	0.987739	-0.00742557
4.12	0.990068	-0.00225871
4.125	0.993232	0.00489269
4.13	1.00623	-0.0137253
4.135	0.997513	-0.00932258
4.14	1.00331	-0.00130108
4.145	1.00501	0.00337488
4.15	0.999933	-0.0019703
4.155	0.981913	0.0102531
4.16	0.967193	0.00410979
4.165	0.973428	-0.00393765
4.17	0.974542	-0.00381575
4.175	0.980549	-0.0118809
4.18	0.969078	-0.0185092
4.185	0.969979	0.00249285
4.19	0.967858	0.00226782
4.195	0.951016	0.00789989
4.2	0.937938	-0.00660953
4.205	0.937858	0.00806655
4.21	0.92556	0.00962101
4.215	0.914116	0.0138841
4.22	0.907123	0.0174317
4.225	0.908164	-0.000967331
4.23	0.91459	-0.00660506
4.235	0.912263	-0.00166046
4.24	0.913654	0.00605706
4.245	0.920412	-0.0125271
4.25	0.922764	-0.00955307
4.255	0.922129	-0.00660751
4.26	0.911721	0.00612541
4.265	0.91144	0.00136953
4.27	0.907381	0.00571243
4.275	0.892408	0.00856792
4.28	0.879977	0.00255202
4.285	0.887103	-0.00400781
4.29	0.887913	-0.00365803
4.295	0.887812	-0.00796495
4.3	0.89353	-0.0209518
4.305	0.878451	0.000708595
4.31	0.881437	0.00351132
4.315	0.862562	0.00701322
4.32	0.852505	0.00223302
4.325	0.848793	-0.00966867
4.33	0.844561	0.0143893
4.335	0.82965	0.0161277
4.34	0.820714	0.0160998
4.345	0.819613	0.0121055
4.35	0.828291	-0.00312582
4.355	0.820508	-0.00467348
4.36	0.821851	-0.00884976
4.365	0.822382	-0.000384589
4.37	0.81763	-0.00472274
4.375	0.823463	-0.0106122
4.38	0.825429	-0.00617467
4.385	0.822188	-0.00537135
4.39	0.811883	0.00677672
4.395	0.81644	0.00141925
4.4	0.805186	0.00269936
4.405	0.793135	0.0054511
4.41	0.785237	0.00564446
4.415	0.776021	0.00259035
4.42	0.783257	-0.00333293
4.425	0.787717	-0.00508428
4.43	0.781871	-0.0152606
4.435	0.785652	-0.0137214
4.44	0.775756	0.000573178
4.445	0.773493	0.00447103
4.45	0.77188	0.00304101
4.455	0.755804	0.00757527
4.46	0.751671	0.0046665
4.465	0.734707	-0.0107902
4.47	0.733627	-0.00741463
4.475	0.73937	0.00879693
4.48	0.723688	0.00997965
4.485	0.711972	0.0180446
4.49	0.710069	0.0149582
4.495	0.708161	0.00651084
4.5	0.715174	-0.00192588
4.505	0.706142	0.00297361
4.51	0.709959	-0.00869697
4.515	0.708817	-0.00485952
4.52	0.703733	0.00239961
4.525	0.704916	-0.010816
4.53	0.703173	-0.00953678
4.535	0.703726	-0.00493415
4.54	0.695675	-0.00456171
4.545	0.692513	0.00305594
4.55	0.68828	0.00463008
4.555	0.685181	0.0016694
4.56	0.679027	-0.00459022
4.565	0.674731	0.00466036
4.57	0.661015	0.00967303
4.575	0.655331	0.00515267
4.58	0.646423	-0.000518611
4.585	0.64733	-0.00332811
4.59	0.657235	-0.00489161
4.595	0.656067	-0.00402064
4.6	0.647525	-0.0121057
4.605	0.651135	-0.00464358
4.61	0.646153	-0.0120421
4.615	0.639875	0.00231452
4.62	0.635199	0.00460711
4.625	0.635791	0.00356434
4.63	0.630463	0.00388375
4.635	0.617337	0.00546282
4.64	0.606018	0.0037029
4.645	0.601789	-0.000297042
4.65	0.594704	-0.00890457
4.655	0.593183	-0.00620422
4.66	0.591984	-0.0035517
4.665	0.594305	0.0143244
4.67	0.590614	0.00824012
4.675	0.570579	0.00789048
4.68	0.572397	0.00663681
4.685	0.565685	0.0106483
4.69	0.562961	0.00662026
4.695	0.55988	0.00363263
4.7	0.568461	-0.00506672
4.705	0.563409	-0.00389196
4.71	0.552859	0.00298375
4.715	0.558118	-0.00160004
4.72	0.552025	-0.00625249
4.725	0.547303	-0.00319036
4.73	0.545524	-0.000546007
4.735	0.544372	0.00480691
4.74	0.540856	0.00309155
4.745	0.537958	-0.0113148
4.75	0.533029	-0.00773821
4.755	0.535219	-0.00544903
4.76	0.528277	-0.00228861
4.765	0.521917	-0.00341597
4.77	0.519982	-0.000898042
4.775	0.518177	0.00082324
4.78	0.512347	-0.0023724
4.785	0.506194	0.00340309
4.79	0.505199	0.00167744
4.795	0.501317	0.00318922
4.8	0.496175	0.00237728
4.805	0.491521	0.00129039
4.81	0.48656	0.000272982
4.815	0.485197	0.00235631
4.82	0.479748	0.00308419
4.825	0.472822	0.00349104
4.83	0.467877	0.00169499
4.835	0.465814	0.004415
4.84	0.462457	0.00366036
4.845	0.456946	-0.000486337
4.85	0.450974	-0.00165446
4.855	0.44932	-0.000963017
4.86	0.446391	-0.000552736
4.865	0.44322	-0.000351442
4.87	0.446201	-0.00249292
4.875	0.444418	-0.00346048
4.88	0.441983	-0.00215863
4.885	0.43958	-0.000910626
4.89	0.434222	-0.00186935
4.895	0.430704	0.000493546
4.9	0.429044	0.000208099
4.905	0.426515	-0.00159627
4.91	0.419524	0.000445261
4.915	0.416595	0.00044102
4.92	0.417586	-0.00131718
4.925	0.411031	-0.00915603
4.93	0.406521	-0.0042282
4.935	0.404845	-0.0026812
4.94	0.404223	-0.00112443
4.945	0.400022	-0.000715894
4.95	0.393149	-0.00245681
4.955	0.389151	0.00441539
4.96	0.390226	0.0014485
4.965	0.385454	0.000167243
4.97	0.381653	0.000325187
4.975	0.380053	-0.00554806
4.98	0.376284	-0.00451556
4.985	0.371968	-0.00227781
4.99	0.367099	-0.00201769
4.995	0.364558	-0.00093547
5	0.362472	-0.0011753
5.005	0.359676	-0.000811803
5.01	0.356194	-8.32582e-05
5.015	0.353272	-0.000422125
5.02	0.349322	0.000576538
5.025	0.346383	0.000672366
5.03	0.343262	0.000167621
5.035	0.342821	0.000114713
5.04	0.339701	0.00102784
5.045	0.3358	0.000629837
5.05	0.330437	0.0060938
5.055	0.327446	0.00446257
5.06	0.325594	0.00277166
5.065	0.317503	0.00340028
5.07	0.322023	-0.00259035
5.075	0.320194	-0.00117385
5.08	0.316492	-0.00022988
5.085	0.31339	-0.000401108
5.09	0.309969	-0.000543851
5.095	0.307062	0.000394535
5.1	0.30683	0.00615275
5.105	0.300438	0.00394178
5.11	0.295472	0.00268561
5.115	0.294358	0.00227895
5.12	0.292847	0.00301991
5.125	0.289006	0.00133495
5.13	0.288023	-0.000349919
5.135	0.286104	0.000200679
5.14	0.283041	-8.15368e-06
5.145	0.280557	0.00268798
5.15	0.277135	-0.00022215
5.155	0.271377	0.00111168
5.16	0.271386	0.00116515
5.165	0.271879	0.00247081
5.17	0.269998	0.00149575
5.175	0.270775	0.000654939
5.18	0.270286	0.0023179
5.185	0.267534	0.00136391
5.19	0.2653	-0.000623335
5.195	0.263055	-0.000738845
5.2	0.263175	-0.00180603
5.205	0.259847	-0.00123568
5.21	0.257005	-0.00309511
5.215	0.255245	-0.00251147
5.22	0.2529	-0.00135767
5.225	0.255311	-0.00267513
5.23	0.247665	0.000552619
5.235	0.245526	-0.00238231
5.24	0.245777	-0.00332286
5.245	0.237373	-0.00169617
5.25	0.23661	-0.00154531
5.255	0.233124	-0.000924347
5.26	0.235343	0.00162017
5.265	0.235147	-0.000129981
5.27	0.231845	0.000205549
5.275	0.23113	0.00142292
5.28	0.229183	0.00959979
5.285	0.229478	0.0051274
5.29	0.22809	0.00135335
5.295	0.225996	-0.00238003
5.3	0.226602	-0.00385171
5.305	0.228245	-0.00245329
5.31	0.21692	0.00407317
5.315	0.215877	0.00119101
5.32	0.214697	0.000341978
5.325	0.202904	0.00815441
5.33	0.21102	0.00343786
5.335	0.214446	0.00115513
5.34	0.212743	-0.00367144
5.345	0.210775	-0.00309157
5.35	0.214145	-0.00458039
5.355	0.210224	-0.00586212
5.36	0.205158	-0.009524
5.365	0.201177	-0.00636272
5.37	0.198335	-0.00501804
5.375	0.200342	0.00121623
5.38	0.201	0.0036784
5.385	0.197882	0.00175485
5.39	0.198754	-0.00173534
5.395	0.193412	-0.00143555
5.4	0.187554	0.000125525
5.405	0.185103	-0.000321018
5.41	0.17848	-0.00541771
5.415	0.17405	0.00195384
5.42	0.173481	-0.000275969
5.425	0.170067	0.00483759
5.43	0.168336	0.00297668
5.435	0.169195	0.0025557
5.44	0.167272	0.00259204
5.445	0.169067	0.00121687
5.45	0.172707	0.00429348
5.455	0.175166	-0.000570898
5.46	0.17462	-0.00372879
5.465	0.177757	-0.00170312
5.47	0.178042	-0.00100492
5.475	0.175061	-0.000446724
5.48	0.168996	-0.00446516
5.485	0.169107	-0.00286898
5.49	0.164376	-0.000557193
5.495	0.164688	0.000129298
5.5	0.170742	0.00778118
5.505	0.17188	0.00203645
5.51	0.171445	-0.0020715
5.515	0.161949	0.00207733
5.52	0.160522	0.00305158
5.525	0.151363	0.00366835
5.53	0.160387	0.00286351
5.535	0.168729	-0.00183744
5.54	0.162595	-0.00369797
5.545	0.166845	-0.00468001
5.55	0.164399	-0.0084848
5.555	0.159941	-0.00708813
5.56	0.161507	0.00114891
5.565	0.16467	0.000947442
5.57	0.160994	-0.00129269
5.575	0.151488	-0.0010652
5.58	0.151134	-0.000873824
5.585	0.144495	-0.00221768
5.59	0.145199	1.32677e-05
5.595	0.139086	0.00440533
5.6	0.140256	0.00269674
5.605	0.135833	0.00268612
5.61	0.144247	0.00247103
5.615	0.146657	0.000918705
5.62	0.150795	0.000366357
5.625	0.151753	-0.00148489
5.63	0.152315	-0.00171028
5.635	0.154312	-0.00642612
5.64	0.150259	-0.00144512
5.645	0.15084	0.00040978
5.65	0.150466	0.00400525
5.655	0.151704	0.00494337
5.66	0.153763	-0.00222788
5.665	0.148466	0.00279709
5.67	0.143397	0.00337091
5.675	0.142149	0.0057162
5.68	0.14884	0.000436194
5.685	0.150789	-0.00415512
5.69	0.155095	-0.00538118
5.695	0.152142	-0.00930232
5.7	0.149973	-0.00378245
5.705	0.153058	-0.000355193
5.71	0.151772	-0.00189326
5.715	0.146965	-0.00117884
5.72	0.140332	-0.00414733
5.725	0.131901	0.00228549
5.73	0.139387	0.00386523
5.735	0.135264	0.00153547
5.74	0.131745	0.00154954
5.745	0.140721	0.00240762
5.75	0.144566	0.00135438
5.755	0.14855	-0.00160885
5.76	0.153673	-0.00180961
5.765	0.151965	-0.00462662
5.77	0.149222	-0.00275856
5.775	0.150743	0.000423433
5.78	0.152773	0.00747363
5.785	0.153041	0.00107838
5.79	0.159375	-0.00259202
5.795	0.144932	0.00294206
5.8	0.14536	0.00376929
5.805	0.152936	0.00273517
5.81	0.154411	-0.00294673
5.815	0.15889	-0.00445684
5.82	0.154477	-0.008402
5.825	0.157835	-0.0015232
5.83	0.159751	-0.00231885
5.835	0.152594	-0.00195861
5.84	0.149985	-0.00486086
5.845	0.143664	0.00131443
5.85	0.146671	0.00332636
5.855	0.144324	0.00266967
5.86	0.143627	0.00192107
5.865	0.151587	0.00294447
5.87	0.156268	-0.000162687
5.875	0.160473	-0.000870322
5.88	0.16315	-0.00220873
5.885	0.161666	-0.00386655
5.89	0.164468	-0.000531693
5.895	0.165459	0.00610462
5.9	0.166468	0.000810267
5.905	0.171349	-0.0028582
5.91	0.158896	0.00180296
5.915	0.16111	0.00354543
5.92	0.167747	0.0015425
5.925	0.170788	-0.00386013
5.93	0.169118	-0.007956
5.935	0.173301	-0.00403549
5.94	0.176264	-0.00116678
5.945	0.173496	-0.00169021
5.95	0.168953	-0.00177585
5.955	0.16434	-0.00230283
5.96	0.16477	0.00355757
5.965	0.161704	0.00262972
5.97	0.162818	0.000705077
5.975	0.17123	0.00235189
5.98	0.17541	8.30644e-05
5.985	0.184656	-0.00168936
5.99	0.184242	-0.00401697
5.995	0.182802	-0.00214773
6	0.182939	-0.000666017
6.005	0.189275	0.00589791
6.01	0.190058	-0.00137914
6.015	0.186927	0.00179623
6.02	0.179517	0.0028538
6.025	0.188155	0.00128324
6.03	0.195349	-0.00375132
6.035	0.19207	-0.0068907
6.04	0.194598	-0.00601038
6.045	0.200509	-5.63558e-05
6.05	0.199151	-0.000978774
6.055	0.19456	-0.0015676
6.06	0.187021	0.000757443
6.065	0.19226	0.00250749
6.07	0.188796	0.00263016
6.075	0.191193	0.000905432
6.08	0.198831	0.00140878
6.085	0.205986	-0.000982607
6.09	0.210129	-0.00174072
6.095	0.211481	-0.00408552
6.1	0.212993	0.000341119
6.105	0.216299	0.00311711
6.11	0.217466	0.00241488
6.115	0.221431	-0.00116132
6.12	0.209782	0.00286759
6.125	0.214777	0.00289169
6.13	0.222832	-0.00127607
6.135	0.226181	-0.00458918
6.14	0.224822	-0.00778296
6.145	0.229347	-0.00161488
6.15	0.230118	-0.0029298
6.155	0.226811	-0.00342403
6.16	0.220082	-0.00311963
6.165	0.22574	0.00332121
6.17	0.222575	0.00179496
6.175	0.223054	0.00308985
6.18	0.230673	0.00155075
6.185	0.237594	-0.000691367
6.19	0.246211	-0.000965994
6.195	0.245072	-0.00318292
6.2	0.244365	-0.000286649
6.205	0.250085	0.00315718
6.21	0.252651	0.00215931
6.215	0.256806	-0.00114231
6.22	0.245517	0.000854658
6.225	0.2505	0.00313987
6.23	0.258241	-0.000230084
6.235	0.262859	-0.00418374
6.24	0.261977	-0.0076057
6.245	0.266936	-0.00168872
6.25	0.267708	-0.00299729
6.255	0.264828	-0.00336023
6.26	0.258787	-0.00356215
6.265	0.264337	0.00354423
6.27	0.261199	0.00212747
6.275	0.26258	0.00285638
6.28	0.270942	0.000310672
6.285	0.277006	-0.000425891
6.29	0.286026	-0.00197705
6.295	0.28392	-0.00161597
6.3	0.285951	3.08521e-05
6.305	0.289037	0.00329769
6.31	0.291798	0.00235829
6.315	0.29691	-0.00022415
6.32	0.286465	0.000455536
6.325	0.292796	0.00243643
6.33	0.301694	-0.000669463
6.335	0.305835	-0.00440968
6.34	0.30524	-0.00764882
6.345	0.310411	-0.0017961
6.35	0.31141	-0.00271806
6.355	0.308537	-0.00362263
6.36	0.301324	-0.00451579
6.365	0.309887	0.00429159
6.37	0.306399	0.00247357
6.375	0.306782	0.00180998
6.38	0.315885	0.000872537
6.385	0.321992	-0.000511529
6.39	0.330787	-0.000233655
6.395	0.329639	-0.0034837
6.4	0.33033	-3.42164e-06
6.405	0.334555	0.00300701
6.41	0.338469	0.0026797
6.415	0.342129	-0.00202809
6.42	0.333382	0.000267772
6.425	0.339123	0.00334265
6.43	0.348464	-8.22071e-05
6.435	0.352609	-0.00360493
6.44	0.354049	-0.00846296
6.445	0.3593	-0.00162267
6.45	0.361191	-0.00267971
6.455	0.359414	-0.00285578
6.46	0.351391	-0.00695278
6.465	0.355903	0.000585452
6.47	0.3545	0.00556131
6.475	0.353519	0.0034686
6.48	0.364955	0.00187973
6.485	0.371337	-6.71396e-05
6.49	0.377174	-0.000236001
6.495	0.382851	-0.00369268
6.5	0.378512	-0.00278298
6.505	0.382164	-2.60183e-05
6.51	0.388291	0.00706468
6.515	0.389629	-0.000670906
6.52	0.388215	0.0015793
6.525	0.382245	0.00262594
6.53	0.397175	0.00240421
6.535	0.405505	-0.00277287
6.54	0.41089	-0.00432135
6.545	0.40805	-0.00851037
6.55	0.41533	-0.00196578
6.555	0.415896	-0.00301925
6.56	0.414591	-0.00415681
6.565	0.405261	-0.00590478
6.57	0.413786	0.000527298
6.575	0.409533	0.00522675
6.58	0.408017	0.00373418
6.585	0.419592	0.00180316
6.59	0.427828	-0.000267157
6.595	0.433383	-0.000500814
6.6	0.435676	-0.0023502
6.605	0.436749	-0.00250253
6.61	0.44028	-0.00068431
6.615	0.442289	0.00367548
6.62	0.446646	0.00338158
6.625	0.452368	-0.00132102
6.63	0.440333	0.00287226
6.635	0.448078	0.00311659
6.64	0.45891	-0.00125819
6.645	0.466604	-0.004355
6.65	0.465733	-0.00857225
6.655	0.470576	-0.00655553
6.66	0.477732	-8.40627e-05
6.665	0.477056	-0.00238401
6.67	0.478438	-0.0024796
6.675	0.469277	-0.00711632
6.68	0.47152	-0.002403
6.685	0.474569	0.00383044
6.69	0.474754	0.00461897
6.695	0.476194	0.00417466
6.7	0.486165	0.000788636
6.705	0.49182	-0.000473166
6.71	0.500988	-0.00185607
6.715	0.499949	-0.00382937
6.72	0.496287	-0.00203452
6.725	0.501564	3.37603e-05
6.73	0.5052	0.00815583
6.735	0.511838	0.00300599
6.74	0.51677	-0.00154752
6.745	0.510758	0.000172544
6.75	0.507828	0.00315571
6.755	0.523191	0.00239908
6.76	0.532359	-0.00183323
6.765	0.53788	-0.00224773
6.77	0.534233	-0.0107107
6.775	0.540866	-0.00418473
6.78	0.547855	-0.000971168
6.785	0.546561	-0.00356024
6.79	0.547999	-0.00315007
6.795	0.540735	-0.00927755
6.8	0.540617	-0.00292115
6.805	0.546616	0.00464657
6.81	0.546361	0.00341557
6.815	0.540672	0.00451244
6.82	0.554267	0.00213512
6.825	0.558725	0.000296115
6.83	0.565671	-0.00036257
6.835	0.572293	6.4528e-05
6.84	0.571445	-0.00109041
6.845	0.56908	-0.00355488
6.85	0.572338	-0.000884765
6.855	0.576051	-0.000398911
6.86	0.583928	0.00741015
6.865	0.587294	-0.00142432
6.87	0.589421	5.7514e-05
6.875	0.585903	-0.000990511
6.88	0.581298	0.00662008
6.885	0.599838	0.00307633
6.89	0.60933	-0.00223921
6.895	0.616304	-0.00511308
6.9	0.609526	-0.0104214
6.905	0.61686	-0.00828363
6.91	0.624808	0.00146208
6.915	0.626764	0.000223813
6.92	0.624223	-0.00383825
6.925	0.628325	-0.00321704
6.93	0.622285	-0.0085131
6.935	0.62209	-0.00653988
6.94	0.624829	-0.00047396
6.945	0.627221	0.00610489
6.95	0.627966	0.00507387
6.955	0.620991	0.00496118
6.96	0.635958	0.00449242
6.965	0.642115	0.00148036
6.97	0.646849	-0.0029885
6.975	0.649358	-0.000406532
6.98	0.655879	-0.000858525
6.985	0.656846	-0.00313365
6.99	0.652188	-0.00340707
6.995	0.660293	-0.000374306
7	0.66019	-0.0012624
7.005	0.66092	0.000555534
7.01	0.669322	0.00845962
7.015	0.670762	0.00183364
7.02	0.677738	-0.00213039
7.025	0.672409	-0.00100848
7.03	0.676224	0.00438237
7.035	0.679395	0.00354001
7.04	0.690722	0.00157968
7.045	0.69662	-0.00020318
7.05	0.704778	-0.00315965
7.055	0.709045	-0.00298872
7.06	0.71262	-0.00574491
7.065	0.704739	-0.0112217
7.07	0.710765	-0.00822951
7.075	0.720537	0.00226734
7.08	0.722038	0.000336366
7.085	0.722358	-0.00371164
7.09	0.72731	-0.00184586
7.095	0.727951	-0.00225288
7.1	0.72583	-0.00354459
7.105	0.717644	-0.00881154
7.11	0.724971	-0.00317929
7.115	0.727108	0.000270824
7.12	0.730574	0.00584948
7.125	0.72613	0.00553332
7.13	0.731432	0.00251742
7.135	0.724711	0.0040188
7.14	0.737513	0.00251811
7.145	0.745702	0.00290666
7.15	0.750656	-0.00100415
7.155	0.754985	-0.00355758
7.16	0.757588	-0.00247316
7.165	0.761039	-0.000401041
7.17	0.763806	-0.000628321
7.175	0.764474	-0.000202944
7.18	0.765143	-0.00221876
7.185	0.767191	-0.0048154
7.19	0.767368	-0.00235475
7.195	0.773582	-0.000615955
7.2	0.773694	-0.000723654
7.205	0.775643	-0.00210033
7.21	0.778157	0.000880756
7.215	0.785568	0.00933817
7.22	0.79083	0.00519769
7.225	0.792662	-0.000149933
7.23	0.797106	-0.00531748
7.235	0.798378	-0.000899867
7.24	0.798822	0.00379786
7.245	0.796156	-0.00060567
7.25	0.805211	-0.00262035
7.255	0.805893	0.00260853
7.26	0.810603	0.00620953
7.265	0.812249	0.00263742
7.27	0.820548	-1.41289e-05
7.275	0.826744	-0.000453661
7.28	0.830836	-0.00484167
7.285	0.832952	-0.00382552
7.29	0.836348	-0.00205342
7.295	0.839177	-0.00318432
7.3	0.843141	-0.000957869
7.305	0.845596	-0.000340442
7.31	0.848677	-0.00500347
7.315	0.840784	-0.0133747
7.32	0.846088	-0.00898847
7.325	0.851276	-0.00593589
7.33	0.854058	-0.00381474
7.335	0.854243	-0.0024716
7.34	0.857785	-0.00209563
7.345	0.868447	0.00804367
7.35	0.870667	0.00489214
7.355	0.86785	0.00146245
7.36	0.871317	0.000356181
7.365	0.874338	0.00136959
7.37	0.875573	-0.0046751
7.375	0.876791	-0.00381288
7.38	0.880808	-0.00237588
7.385	0.882362	-0.00170176
7.39	0.88566	7.71852e-05
7.395	0.888428	-0.0015086
7.4	0.888714	-0.000952777
7.405	0.8925	-0.000992464
7.41	0.894523	-0.00117912
7.415	0.895762	-0.00154891
7.42	0.896048	-0.00261738
7.425	0.89734	-0.00230612
7.43	0.899663	-0.00150443
7.435	0.902453	-0.000981167
7.44	0.899064	-0.00989847
7.445	0.905376	-0.008678
7.45	0.913673	-0.0049327
7.455	0.91034	-0.00489991
7.46	0.914972	-0.00495274
7.465	0.917918	-0.00160314
7.47	0.919197	-0.00333579
7.475	0.919044	-0.00243799
7.48	0.924162	-0.00100725
7.485	0.926455	-0.000716044
7.49	0.93266	-0.00170217
7.495	0.933767	-0.000196303
7.5	0.935401	-1.46121e-05
7.505	0.937654	-0.000990466
7.51	0.939716	-0.00084078
7.515	0.941937	-0.000967234
7.52	0.944472	-0.00109479
7.525	0.946498	-0.000466735
7.53	0.949334	-0.000842095
7.535	0.947408	-0.00128386
7.54	0.951153	-0.00104337
7.545	0.954753	-0.000569628
7.55	0.959568	-0.000279458
7.555	0.962457	-0.000434056
7.56	0.965763	-0.000691934
7.565	0.966607	-0.00122197
7.57	0.967538	-0.000255181
7.575	0.967252	-0.000389902
7.58	0.969835	-0.000605499
7.585	0.975499	0.00937534
7.59	0.978893	0.00825023
7.595	0.980478	0.00570718
7.6	0.983806	0.00294018
7.605	0.98544	0.00152511
7.61	0.989997	0.00221903
7.615	0.988248	0.000832155
7.62	0.988517	0.00036684
7.625	0.991495	-0.000282896
7.63	0.992006	0.000830137
7.635	0.990905	-0.000724752
7.64	0.993671	-0.00150331
7.645	0.994834	-0.00164801
7.65	0.997222	-0.000220184
7.655	0.994674	0.00407986
7.66	1.00043	0.00324651
7.665	1.00337	0.0020644
7.67	1.00897	0.00108744
7.675	1.00985	0.00102237
7.68	1.00006	-0.0124398
7.685	1.00464	-0.00853918
7.69	1.012	-0.00569285
7.695	1.0151	-0.00332391
7.7	1.01627	-0.00337896
7.705	1.01777	-0.00179404
7.71	1.02267	0.00994973
7.715	1.02592	0.00566123
7.72	1.02455	0.00275575
7.725	1.01625	0.00642242
7.73	1.01726	0.00628912
7.735	1.02131	0.00420247
7.74	1.02293	0.00163088
7.745	1.02464	0.00686925
7.75	1.0268	0.0043789
7.755	1.02594	0.00866089
7.76	1.03231	0.00414696
7.765	1.03637	-0.000387044
7.77	1.03127	-0.00981276
7.775	1.03911	-0.00853693
7.78	1.0402	-0.00711095
7.785	1.04929	-0.0047542
7.79	1.04949	-0.00756298
7.795	1.04173	0.00010547
7.8	1.05003	0.00543568
7.805	1.05243	0.00306119
7.81	1.04768	-0.0118997
7.815	1.06061	-0.00719173
7.82	1.05887	-0.00401231
7.825	1.07025	-0.00549468
7.83	1.06302	-0.00402112
7.835	1.06891	-0.00349208
7.84	1.07213	0.00267796
7.845	1.07778	0.00125195
7.85	1.08006	0.00370281
7.855	1.07881	0.00220621
7.86	1.07675	-0.00149934
7.865	1.07757	0.000702945
7.87	1.07523	0.00772631
7.875	1.07683	0.00208261
7.88	1.07377	0.00380369
7.885	1.07606	0.000779234
7.89	1.08854	-0.00644973
7.895	1.09432	-0.00475601
7.9	1.09691	-0.00630277
7.905	1.09802	-0.0133141
7.91	1.1021	-0.00836404
7.915	1.10114	-0.0142992
7.92	1.09702	0.00263227
7.925	1.10143	0.00616678
7.93	1.10244	0.00566148
7.935	1.09293	0.000716358
7.94	1.08968	0.0076792
7.945	1.09282	0.00545792
7.95	1.08283	-0.0110882
7.955	1.08954	-0.00780673
7.96	1.09747	0.00672332
7.965	1.09572	0.00420983
7.97	1.08486	0.0125713
7.975	1.07767	0.0137944
7.98	1.08443	0.0106437
7.985	1.08893	0.00518552
7.99	1.09648	-0.00367875
7.995	1.08716	0.000882523
8	1.09935	-0.00737239
8.005	1.09997	-0.00687194
8.01	1.10371	0.00199434
8.015	1.10452	-0.0128698
8.02	1.11964	-0.00759572
8.025	1.12135	-0.00695407
8.03	1.12331	-0.0058146
8.035	1.12732	0.00145788
8.04	1.13155	0.00406507
8.045	1.13288	-0.00431087
8.05	1.1294	0.000739605
8.055	1.12154	0.00860706
8.06	1.12297	0.0063555
8.065	1.11621	0.00180553
8.07	1.13207	-0.00557901
8.075	1.1407	-0.00448507
8.08	1.13861	-0.0144343
8.085	1.14422	-0.0199565
8.09	1.12776	-0.0131839
8.095	1.14212	0.00786949
8.1	1.13744	0.00663918
8.105	1.1237	0.0100217
8.11	1.12739	0.00800824
8.115	1.11763	-0.0100227
8.12	1.11601	-0.00750781
8.125	1.12612	0.00806441
8.13	1.11371	0.0147261
8.135	1.10275	0.0174393
8.14	1.11002	0.0109916
8.145	1.10916	-0.00301847
8.15	1.11694	-0.00511745
8.155	1.11979	-0.0106185
8.16	1.1239	0.00775555
8.165	1.12356	-0.0128508
8.17	1.1387	-0.00564062
8.175	1.1436	-0.00668024
8.18	1.15117	0.00131323
8.185	1.15592	0.00468723
8.19	1.15522	0.00139011
8.195	1.1492	0.00230046
8.2	1.14211	0.00643855
8.205	1.13579	0.00182602
8.21	1.1492	-0.00486637
8.215	1.15311	-0.00560342
8.22	1.15913	-0.0191032
8.225	1.16197	-0.0175745
8.23	1.15116	0.00226699
8.235	1.15251	0.0056699
8.24	1.13672	0.00948137
8.245	1.13062	0.00148013
8.25	1.13311	-0.00771218
8.255	1.13391	0.00666079
8.26	1.1241	0.0110345
8.265	1.11139	0.0184555
8.27	1.11504	0.019315
8.275	1.11647	-0.00197241
8.28	1.12259	-0.00964646
8.285	1.12797	-0.00457307
8.29	1.13047	0.00229663
8.295	1.14624	-0.0153968
8.3	1.14171	-0.00945494
8.305	1.15819	-0.00868046
8.31	1.16378	0.0017126
8.315	1.15982	0.000740976
8.32	1.15399	0.00530389
8.325	1.14368	0.00993682
8.33	1.14238	-0.000287163
8.335	1.15975	-0.00863694
8.34	1.16175	-0.0184256
8.345	1.16423	-0.0149783
8.35	1.15813	0.00458535
8.355	1.15189	0.00533548
8.36	1.13863	0.0100789
8.365	1.12696	-0.00763009
8.37	1.13023	-0.0066493
8.375	1.13699	0.00927995
8.38	1.11667	0.0163016
8.385	1.1066	0.0214897
8.39	1.11537	0.0143107
8.395	1.11554	-0.00425064
8.4	1.12362	-0.00623016
8.405	1.12804	-0.00600051
8.41	1.14328	-0.0124914
8.415	1.14304	-0.00919445
8.42	1.15584	-0.00475398
8.425	1.15878	0.00409844
8.43	1.15494	0.00266961
8.435	1.14178	0.0105335
8.44	1.13528	0.00570879
8.445	1.14907	-0.00716175
8.45	1.15567	-0.0185743
8.455	1.1526	-0.0166683
8.46	1.14963	-0.00140604
8.465	1.14592	0.00615546
8.47	1.13103	0.0108193
8.475	1.11877	-0.00880872
8.48	1.12459	0.00799243
8.485	1.11412	0.0102193
8.49	1.09814	0.0204841
8.495	1.09777	0.0228566
8.5	1.10092	-0.0020203
8.505	1.10356	-0.0156609
8.51	1.11552	0.00391843
8.515	1.12156	-0.0159036
8.52	1.12659	-0.0110574
8.525	1.14636	-0.00732399
8.53	1.14443	0.00670317
8.535	1.14343	0.00337794
8.54	1.12988	0.0100698
8.545	1.12343	0.00532624
8.55	1.12811	-0.00371935
8.555	1.14	-0.0199606
8.56	1.14174	-0.018821
8.565	1.13436	0.00376049
8.57	1.12803	0.00355545
8.575	1.11255	0.00771944
8.58	1.1041	-0.0083998
8.585	1.09708	0.0156094
8.59	1.0883	0.0146639
8.595	1.07818	0.0185883
8.6	1.08489	0.00299236
8.605	1.07756	0.00377567
8.61	1.08525	-0.00526098
8.615	1.09513	-0.00862606
8.62	1.10655	-0.0108829
8.625	1.11484	-0.0104645
8.63	1.11852	0.00532448
8.635	1.11969	-0.000217592
8.64	1.11479	0.00398057
8.645	1.10108	0.00237381
8.65	1.10709	-0.00229719
8.655	1.11321	-0.00548023
8.66	1.11291	-0.0219792
8.665	1.10422	-0.00277869
8.67	1.10244	0.004923
8.675	1.08733	0.00914372
8.68	1.07828	-0.00654008
8.685	1.07707	0.00631959
8.69	1.0616	0.0232414
8.695	1.05113	0.0169217
8.7	1.05567	0.0132129
8.705	1.05185	-0.00579714
8.71	1.05991	-0.00497186
8.715	1.06224	-0.00997221
8.72	1.07864	-0.011257
8.725	1.085	-0.00919404
8.73	1.08937	0.00518401
8.735	1.09103	0.00199314
8.74	1.0843	0.00402496
8.745	1.06642	0.00756129
8.75	1.07439	-0.00299469
8.755	1.0826	-0.00602532
8.76	1.08307	-0.0214887
8.765	1.0723	-0.0040456
8.77	1.06837	0.00416981
8.775	1.05484	0.0093972
8.78	1.04263	-0.00952579
8.785	1.0438	0.00884382
8.79	1.02522	0.0147963
8.795	1.01759	0.0211402
8.8	1.02402	0.00593143
8.805	1.01911	-0.00444366
8.81	1.0244	-0.00337993
8.815	1.02892	-0.00493338
8.82	1.04214	-0.0112294
8.825	1.0488	-0.00449316
8.83	1.04961	0.00471471
8.835	1.05306	0.000947657
8.84	1.04365	0.00911375
8.845	1.02866	0.00522111
8.85	1.03504	-0.00330729
8.855	1.04161	-0.00725905
8.86	1.04232	-0.0212179
8.865	1.03274	-0.00432233
8.87	1.02837	0.00356797
8.875	1.0121	0.00892023
8.88	1.00236	-0.0078614
8.885	1.00234	0.00844959
8.89	0.985038	0.0164622
8.895	0.974289	0.0195678
8.9	0.981666	0.00598508
8.905	0.976112	-0.00441371
8.91	0.980281	-0.00312378
8.915	0.986432	-0.00412879
8.92	0.995976	-0.00991461
8.925	1.00266	-0.00890219
8.93	1.00521	0.0055682
8.935	1.00573	0.00156031
8.94	0.996673	0.00609744
8.945	0.980242	0.00622257
8.95	0.981422	-0.00192223
8.955	0.988077	-0.00389874
8.96	0.99603	-0.0117604
8.965	0.98435	-0.00518207
8.97	0.984224	0.0007771
8.975	0.967312	0.00601438
8.98	0.951064	-0.00837523
8.985	0.949558	-0.00669612
8.99	0.953251	0.00878783
8.995	0.930667	0.0166869
9	0.919801	0.0306957
9.005	0.924199	0.000676652
9.01	0.932048	-0.00680881
9.015	0.939449	-0.00100369
9.02	0.935914	-0.00984116
9.025	0.949794	-0.00852116
9.03	0.951989	-0.00666802
9.035	0.947992	0.00624713
9.04	0.946643	0.00369874
9.045	0.936183	0.0112069
9.05	0.923995	0.00534197
9.055	0.928284	-0.0034224
9.06	0.929438	-0.00674037
9.065	0.934068	-0.0214331
9.07	0.925107	-0.00177935
9.075	0.926831	0.00405448
9.08	0.911065	0.00782989
9.085	0.897118	-6.02326e-05
9.09	0.893679	-0.00772617
9.095	0.890302	0.00603114
9.1	0.872778	0.0235029
9.105	0.862612	0.0181752
9.11	0.871176	0.00965727
9.115	0.868025	-0.00485566
9.12	0.869664	-0.00616017
9.125	0.873987	0.00348094
9.13	0.887081	-0.0147176
9.135	0.879316	-0.00918381
9.14	0.888545	-0.00463443
9.145	0.88721	0.00385792
9.15	0.882786	5.00994e-06
9.155	0.867937	0.0116831
9.16	0.853714	0.00546211
9.165	0.859904	-0.0026357
9.17	0.861238	-0.00429905
9.175	0.866644	-0.0110275
9.18	0.855204	-0.0163017
9.185	0.857131	0.00333577
9.19	0.852878	0.0034814
9.195	0.836242	0.00813208
9.2	0.824285	-0.00669696
9.205	0.822545	0.00791677
9.21	0.81071	0.00939322
9.215	0.798556	0.0207459
9.22	0.794897	0.0170262
9.225	0.797679	-0.00238426
9.23	0.802889	-0.00716935
9.235	0.799508	-0.0028688
9.24	0.801586	0.00563098
9.245	0.810053	-0.012137
9.25	0.812631	-0.00879662
9.255	0.812197	-0.00605083
9.26	0.80255	0.00590945
9.265	0.803847	0.00244397
9.27	0.799488	0.00565176
9.275	0.785911	0.00877015
9.28	0.775115	0.00479102
9.285	0.782015	-0.00616471
9.29	0.781992	-0.00442075
9.295	0.783039	-0.00686436
9.3	0.788088	-0.0159355
9.305	0.774976	0.00039213
9.31	0.775914	0.00413543
9.315	0.756633	0.00849699
9.32	0.746263	0.000930469
9.325	0.741965	-0.0076612
9.33	0.741643	0.0068854
9.335	0.723763	0.0156067
9.34	0.718286	0.011303
9.345	0.712185	0.0168957
9.35	0.722733	0.000848155
9.355	0.715202	0.000680768
9.36	0.718708	-0.0068603
9.365	0.719186	-0.000782084
9.37	0.71694	-0.00361753
9.375	0.722081	-0.00952714
9.38	0.723285	-0.00632066
9.385	0.720363	-0.00551871
9.39	0.711706	0.00661844
9.395	0.714072	0.00521816
9.4	0.708607	0.00444282
9.405	0.696184	0.00671931
9.41	0.688447	0.00576923
9.415	0.680096	0.00207521
9.42	0.689071	-0.00548969
9.425	0.690027	-0.00443632
9.43	0.683873	-0.012611
9.435	0.689306	-0.0132597
9.44	0.679712	0.00185517
9.445	0.676758	0.00586186
9.45	0.675492	0.00352933
9.455	0.659322	0.00688307
9.46	0.654216	0.00473176
9.465	0.640152	-0.00891415
9.47	0.638736	-0.00524616
9.475	0.640669	0.00779738
9.48	0.629616	0.00894374
9.485	0.615689	0.0180988
9.49	0.615775	0.0142307
9.495	0.611968	0.0133587
9.5	0.619051	0.0060042
9.505	0.616666	-0.00426735
9.51	0.616537	-0.012079
9.515	0.613927	-0.00512125
9.52	0.612732	0.003531
9.525	0.610875	-0.0108153
9.53	0.613065	-0.00743236
9.535	0.611836	-0.00518823
9.54	0.60619	-0.00318603
9.545	0.603307	0.00573512
9.55	0.598872	0.0048528
9.555	0.595526	0.00275217
9.56	0.588979	0.000208517
9.565	0.585939	0.00308731
9.57	0.574028	0.0091431
9.575	0.568797	0.00398932
9.58	0.561795	0.00182825
9.585	0.561878	-0.00162742
9.59	0.568547	-0.00359144
9.595	0.569179	-0.00281572
9.6	0.563413	-0.0101922
9.605	0.564958	-0.00343181
9.61	0.560713	-0.0110272
9.615	0.554323	0.00184197
9.62	0.54968	0.00547932
9.625	0.550795	0.004098
9.63	0.543371	0.00280872
9.635	0.532162	0.00564609
9.64	0.52339	0.00582826
9.645	0.516073	-0.000118193
9.65	0.510275	-0.00800127
9.655	0.509327	-0.00517265
9.66	0.50765	-0.00257083
9.665	0.511437	0.00862187
9.67	0.505742	0.00825949
9.675	0.488645	0.0104436
9.68	0.488726	0.00848651
9.685	0.482276	0.0118551
9.69	0.480316	0.00750078
9.695	0.475192	0.0089878
9.7	0.485556	-0.000767051
9.705	0.481535	-0.00593489
9.71	0.474348	0.00196329
9.715	0.479741	-0.00712716
9.72	0.471821	-0.00588878
9.725	0.465987	-0.000986761
9.73	0.466884	0.00229407
9.735	0.463633	0.00535226
9.74	0.461551	0.00452625
9.745	0.459615	-0.010013
9.75	0.455074	-0.00679658
9.755	0.457236	-0.00413534
9.76	0.450912	-0.00117676
9.765	0.445018	-0.00162385
9.77	0.443156	-0.000213562
9.775	0.440671	0.000739864
9.78	0.436968	-0.000265663
9.785	0.431403	0.00547111
9.79	0.428328	0.00579038
9.795	0.42623	0.0027253
9.8	0.42167	0.00233028
9.805	0.417767	0.00183989
9.81	0.412278	3.58261e-05
9.815	0.411104	0.0026564
9.82	0.406203	0.00397004
9.825	0.400206	0.00415737
9.83	0.396068	0.00308418
9.835	0.39221	0.0043481
9.84	0.389768	0.00426663
9.845	0.385906	-0.000937338
9.85	0.378088	-7.80684e-05
9.855	0.379156	-4.714e-05
9.86	0.375392	0.000722519
9.865	0.371946	0.000857225
9.87	0.376453	-0.00328043
9.875	0.371843	-0.0011915
9.88	0.370507	-0.00257713
9.885	0.369453	-0.000634055
9.89	0.366226	-0.000276795
9.895	0.36094	0.00240169
9.9	0.358415	0.00190378
9.905	0.356661	-0.000712947
9.91	0.351234	0.000809855
9.915	0.347501	0.000982585
9.92	0.347378	-0.000858382
9.925	0.343556	-0.00686268
9.93	0.33893	-0.00202041
9.935	0.336816	-0.00130171
9.94	0.334703	-8.70943e-05
9.945	0.331759	0.000757796
9.95	0.327997	-0.000165417
9.955	0.321017	0.00347226
9.96	0.324435	0.00183998
9.965	0.318775	0.00239517
9.97	0.315005	0.00207377
9.975	0.313588	-0.00397301
9.98	0.310002	-0.00282633
9.985	0.306959	-0.00180842
9.99	0.301578	-0.000795794
9.995	0.299968	-0.000256651
10	0.297554	0.000150917
