#timestep, Fx, Fy
0.005, 83.0608, -0.0508827
0.01, 42.2545, -0.0105663
0.015, 21.826, -0.00526462
0.02, 11.5278, -0.00177539
0.025, 6.30319, 0.00183126
0.03, 3.63439, 0.00290716
0.035, 2.25148, 0.00244969
0.04, 1.52705, -0.000184117
0.045, 1.14239, 0.00226965
0.05, 0.931405, 0.00130809
0.055, 0.806902, 0.00313593
0.06, 0.775089, -0.000511065
0.065, 0.607076, -0.00190247
0.07, 0.605071, 0.000456716
0.075, 0.59299, 0.000452071
0.08, 0.394607, -0.000630701
0.085, 0.478972, 0.00164335
0.09, 0.50666, 0.00156432
0.095, 0.514143, 0.00135388
0.1, 0.516933, -0.000150298
0.105, 0.595484, -0.00177959
0.11, 0.535198, 0.00123761
0.115, 0.498404, -0.00561961
0.12, 0.499807, -0.00157364
0.125, 0.45392, 0.000495049
0.13, 0.415234, -2.45836e-05
0.135, 0.417548, 0.000217596
0.14, 0.415732, 0.000309267
0.145, 0.40808, 0.00192104
0.15, 0.401967, 0.00117855
0.155, 0.388993, 0.000867128
0.16, 0.387149, 0.00064135
0.165, 0.369131, 0.000482706
0.17, 0.360936, 0.000541433
0.175, 0.353735, -0.000195219
0.18, 0.351403, 0.000830055
0.185, 0.337853, -0.00031156
0.19, 0.332013, 0.000130887
0.195, 0.326661, 0.000247801
0.2, 0.319874, 0.00196447
0.205, 0.262226, -0.00336181
0.21, 0.265608, 0.000424256
0.215, 0.28173, 0.000626339
0.22, 0.267584, -0.00102437
0.225, 0.288326, 0.00244277
0.23, 0.285595, -0.000728219
0.235, 0.276041, 0.00169346
0.24, 0.295645, -0.00087609
0.245, 0.297129, 0.00166188
0.25, 0.262797, -0.000354858
0.255, 0.258175, -0.000274798
0.26, 0.235556, 0.000668758
0.265, 0.19759, 0.00195622
0.27, 0.229372, -0.0010817
0.275, 0.240344, 0.000659761
0.28, 0.246196, 0.000455903
0.285, 0.244089, 0.000144358
0.29, 0.220582, 0.000758326
0.295, 0.226717, 0.00253222
0.3, 0.239856, 0.000273672
0.305, 0.311501, 0.0014802
0.31, 0.256413, -0.000636343
0.315, 0.327084, -0.000104742
0.32, 0.303153, 0.000335302
0.325, 0.272038, 0.000184932
0.33, 0.245216, 0.00149965
0.335, 0.228887, 0.00064889
0.34, 0.231984, -0.000610875
0.345, 0.213797, -0.00124524
0.35, 0.19002, -0.000902306
0.355, 0.301117, 0.000129339
0.36, 0.250959, -9.6871e-05
0.365, 0.235293, 2.34791e-06
0.37, 0.198305, 0.00082749
0.375, 0.201235, 0.000558641
0.38, 0.253305, 9.13169e-05
0.385, 0.200212, -0.000295858
0.39, 0.198688, 0.000484471
0.395, 0.183698, -0.000500816
0.4, 0.177443, 0.000656124
0.405, 0.342381, -0.000386989
0.41, 0.256737, 0.000720503
0.415, 0.174914, 0.000401439
0.42, 0.247499, 0.0010603
0.425, 0.175378, -0.00290189
0.43, 0.179757, -0.000308421
0.435, 0.207984, 0.00109924
0.44, 0.179758, 0.000856806
0.445, 0.171052, 0.000346897
0.45, 0.163265, 0.00163623
0.455, 0.144934, -0.000398457
0.46, 0.126905, -0.000543822
0.465, 0.146986, 0.000228087
0.47, 0.150739, 0.000217197
0.475, 0.180862, -0.00130278
0.48, 0.150692, 0.00131259
0.485, 0.133959, -0.000816078
0.49, 0.152731, -0.000241287
0.495, 0.158386, 0.00055033
0.5, 0.147325, 0.000477692
0.505, 0.149455, 0.000941865
0.51, 0.222764, 0.000632659
0.515, 0.250042, 0.000615745
0.52, 0.227792, 0.000693225
0.525, 0.200424, 0.00046019
0.53, 0.186027, 0.000178054
0.535, 0.14868, -0.000285963
0.54, 0.161168, -0.000763709
0.545, 0.235977, -0.000106403
0.55, 0.202238, -0.000122039
0.555, 0.16369, 0.000701339
0.56, 0.167174, 0.000213838
0.565, 0.18679, -0.000118093
0.57, 0.173753, 0.000490859
0.575, 0.16105, -0.000375791
0.58, 0.29548, 0.000393044
0.585, 0.244427, 0.000357717
0.59, 0.216415, 0.000798644
0.595, 0.152064, -0.00168533
0.6, 0.193193, 0.000295023
0.605, 0.163901, 0.00239441
0.61, 0.149491, 0.000337796
0.615, 0.160511, -0.000890826
0.62, 0.110092, -0.000988867
0.625, 0.127833, -0.00105658
0.63, 0.138762, 0.000703702
0.635, 0.143247, -0.000843968
0.64, 0.12168, -0.000170356
0.645, 0.165436, 0.000135722
0.65, 0.139666, 0.000517636
0.655, 0.146298, 0.000936238
0.66, 0.208846, 0.00183501
0.665, 0.220276, -4.47858e-06
0.67, 0.229813, 0.000242164
0.675, 0.195386, 0.00113397
0.68, 0.156548, -0.000815871
0.685, 0.163186, -0.000998595
0.69, 0.227137, -0.0004091
0.695, 0.183558, 0.000359395
0.7, 0.173151, 0.000189955
0.705, 0.194296, -0.000154726
0.71, 0.181997, -0.000213096
0.715, 0.289122, 0.000411014
0.72, 0.249823, 0.000322448
0.725, 0.179798, 0.00183373
0.73, 0.182627, -0.00214178
0.735, 0.210948, -4.09597e-05
0.74, 0.178305, 0.00152454
0.745, 0.164151, -0.000542081
0.75, 0.144017, -0.00184933
0.755, 0.142598, 0.00048328
0.76, 0.148379, -0.0010117
0.765, 0.153906, -0.000233561
0.77, 0.13931, -5.60226e-05
0.775, 0.175189, 0.000378897
0.78, 0.143062, 0.000704443
0.785, 0.182363, 0.00066187
0.79, 0.198744, 0.00129213
0.795, 0.26176, 0.00149967
0.8, 0.226291, -0.00010444
0.805, 0.181734, -0.000530463
0.81, 0.182311, -0.000897041
0.815, 0.245925, -0.000380098
0.82, 0.195625, 0.000411018
0.825, 0.213613, -0.000122778
0.83, 0.195852, 0.000620569
0.835, 0.257184, -0.000326765
0.84, 0.267165, 7.96671e-05
0.845, 0.225125, 0.000204606
0.85, 0.212113, -0.00119271
0.855, 0.233745, 0.00027185
0.86, 0.203211, 0.000264511
0.865, 0.197794, 7.7487e-06
0.87, 0.154376, -0.000319515
0.875, 0.168096, -8.39859e-05
0.88, 0.179716, -0.00111695
0.885, 0.164373, -0.000439972
0.89, 0.19202, 0.000175386
0.895, 0.166799, 0.000602975
0.9, 0.202585, 0.00061879
0.905, 0.259856, 0.000621644
0.91, 0.267663, 0.000601912
0.915, 0.229655, 0.000230155
0.92, 0.200917, -0.000501096
0.925, 0.265995, -0.000412112
0.93, 0.223005, 0.000246013
0.935, 0.192754, -0.000112665
0.94, 0.240992, 0.00040264
0.945, 0.230847, -0.000197278
0.95, 0.328674, -6.5742e-05
0.955, 0.27081, 0.000644178
0.96, 0.246431, -0.00148461
0.965, 0.263126, 4.72589e-05
0.97, 0.233935, 0.000724669
0.975, 0.215538, -0.000262207
0.98, 0.191833, 0.000134973
0.985, 0.191793, -0.000514796
0.99, 0.198899, -0.00141437
0.995, 0.22544, -0.000259434
1, 0.189041, 0.000217403
1.005, 0.226735, 0.000559788
1.01, 0.254507, 0.000644068
1.015, 0.301467, 0.000655648
1.02, 0.272274, 0.000394844
1.025, 0.239673, 0.000208193
1.03, 0.299259, -0.000743268
1.035, 0.256681, -0.000531493
1.04, 0.22385, 0.000131271
1.045, 0.272371, 0.000435683
1.05, 0.26402, -0.000179173
1.055, 0.356615, 7.55074e-05
1.06, 0.287758, 0.000586111
1.065, 0.286661, -0.00149112
1.07, 0.302438, -1.39997e-05
1.075, 0.269742, 5.50659e-05
1.08, 0.24081, -0.000526682
1.085, 0.238275, 0.000178415
1.09, 0.239789, -0.000110662
1.095, 0.230482, -0.00108515
1.1, 0.248091, -0.000333048
1.105, 0.232967, 0.000328692
1.11, 0.263454, 0.000459788
1.115, 0.319194, 0.00049273
1.12, 0.332495, 0.00125442
1.125, 0.280868, -0.000259949
1.13, 0.2829, -0.000405837
1.135, 0.324674, -0.00085982
1.14, 0.285525, -7.72826e-05
1.145, 0.301352, -0.000321539
1.15, 0.306108, -0.000491956
1.155, 0.39936, 0.000170282
1.16, 0.338111, 0.000665645
1.165, 0.313684, -0.0014063
1.17, 0.330453, 3.29436e-05
1.175, 0.307964, 7.67683e-05
1.18, 0.278538, -0.00146139
1.185, 0.278966, 0.000481259
1.19, 0.273661, -0.000957136
1.195, 0.268128, 0.000701995
1.2, 0.292595, -0.000519346
1.205, 0.26622, 0.00010938
1.21, 0.300142, 0.000368174
1.215, 0.35718, 0.000391764
1.22, 0.373324, 0.000432529
1.225, 0.320493, 0.00104674
1.23, 0.325159, -0.000603045
1.235, 0.365522, -0.000929489
1.24, 0.324043, -0.000138599
1.245, 0.342447, -0.000377904
1.25, 0.348618, -9.20472e-05
1.255, 0.441768, -8.80596e-05
1.26, 0.37859, 0.000516655
1.265, 0.353921, -0.00149022
1.27, 0.371471, -5.74587e-05
1.275, 0.349148, 1.73939e-05
1.28, 0.322175, -0.00148885
1.285, 0.324829, 0.00054535
1.29, 0.319842, -0.00108465
1.295, 0.311843, -0.000425728
1.3, 0.306786, 0.00101326
1.305, 0.315114, -0.000126625
1.31, 0.342387, 0.000148347
1.315, 0.400222, 0.000243621
1.32, 0.419525, 0.000248296
1.325, 0.364694, -0.000322573
1.33, 0.372411, -0.000729142
1.335, 0.411456, -0.000392364
1.34, 0.367535, 8.58905e-05
1.345, 0.387959, -0.000282354
1.35, 0.39495, -2.19792e-05
1.355, 0.489719, -0.000593515
1.36, 0.423593, 0.00104772
1.365, 0.398353, -0.00156934
1.37, 0.417009, -0.000104483
1.375, 0.39748, -4.19092e-05
1.38, 0.3681, -0.00151503
1.385, 0.372835, -0.000597197
1.39, 0.365516, 0.000522234
1.395, 0.357411, -0.000785663
1.4, 0.365302, -0.000245844
1.405, 0.351128, 0.000281641
1.41, 0.388064, 0.000495469
1.415, 0.44843, 0.000356968
1.42, 0.471443, 0.000349439
1.425, 0.412862, 0.000279612
1.43, 0.423178, -0.00096751
1.435, 0.473631, -0.000516391
1.44, 0.413013, 4.98456e-05
1.445, 0.442736, -0.000364692
1.45, 0.432348, -3.01476e-05
1.455, 0.541409, -9.73937e-05
1.46, 0.46747, -0.000517132
1.465, 0.456678, -0.00131523
1.47, 0.466451, 0.00114127
1.475, 0.450996, 0.000228501
1.48, 0.444991, -0.000512288
1.485, 0.39947, -0.00170892
1.49, 0.403636, -0.000978448
1.495, 0.401779, -0.000213529
1.5, 0.422402, -9.34927e-05
1.505, 0.385533, 0.000157725
1.51, 0.431588, 0.0015769
1.515, 0.468605, -0.000272359
1.52, 0.517931, 1.11143e-05
1.525, 0.493139, 0.000866881
1.53, 0.469703, -0.000859661
1.535, 0.473912, -0.000908313
1.54, 0.515205, -0.00067218
1.545, 0.465721, -0.000102952
1.55, 0.51197, -0.000473691
1.555, 0.481048, -6.13555e-05
1.56, 0.601488, -8.25435e-05
1.565, 0.522042, -0.000566422
1.57, 0.510041, -0.00141012
1.575, 0.521858, 0.000257114
1.58, 0.508632, 0.000646775
1.585, 0.502365, 0.000536237
1.59, 0.452971, -0.0022669
1.595, 0.479177, -0.000102101
1.6, 0.468966, -0.0015115
1.605, 0.459814, 0.000712195
1.61, 0.468869, -0.000731199
1.615, 0.449141, -8.35623e-05
1.62, 0.492861, 0.000332091
1.625, 0.560325, 0.000268768
1.63, 0.589562, 0.000233224
1.635, 0.536034, 0.000291186
1.64, 0.525905, -0.000918425
1.645, 0.594397, -0.00062962
1.65, 0.546399, -0.00059346
1.655, 0.508442, -2.86154e-05
1.66, 0.565924, -0.000469427
1.665, 0.541343, -6.01487e-06
1.67, 0.66345, -9.12609e-05
1.675, 0.610766, -4.5452e-05
1.68, 0.553016, -0.00245714
1.685, 0.545612, -0.000309192
1.69, 0.582649, 0.000566028
1.695, 0.560528, 0.000186859
1.7, 0.549446, -0.00157646
1.705, 0.518474, -0.000762433
1.71, 0.54125, -0.00051528
1.715, 0.531999, -0.000233349
1.72, 0.514258, -0.000200336
1.725, 0.53252, 3.14762e-05
1.73, 0.507391, 0.000234764
1.735, 0.554386, 0.000503267
1.74, 0.610506, 0.000451901
1.745, 0.644619, 0.000336128
1.75, 0.639696, 4.16437e-05
1.755, 0.574922, -0.000188387
1.76, 0.601075, -0.000499396
1.765, 0.662773, -0.000975564
1.77, 0.608149, -0.000143561
1.775, 0.572433, -0.000469397
1.78, 0.635282, -0.000734278
1.785, 0.608276, -5.2607e-05
1.79, 0.730438, -0.000229247
1.795, 0.689411, -0.000115064
1.8, 0.623387, -0.000292421
1.805, 0.604418, -0.00167482
1.81, 0.64097, -1.3984e-05
1.815, 0.637613, -0.000103055
1.82, 0.626044, -0.000249253
1.825, 0.614799, -0.00197022
1.83, 0.583072, 0.00118635
1.835, 0.617321, -0.00184187
1.84, 0.599783, 0.000377404
1.845, 0.586489, -0.00111948
1.85, 0.626961, -0.000599133
1.855, 0.574324, -0.000115613
1.86, 0.596455, 0.0002828
1.865, 0.623867, 0.000250489
1.87, 0.686181, 0.00034765
1.875, 0.721519, 0.000232622
1.88, 0.717478, -4.76932e-06
1.885, 0.663002, -0.000201493
1.89, 0.661554, -0.000242706
1.895, 0.743011, -0.00105718
1.9, 0.714505, -0.000881173
1.905, 0.663622, 7.86544e-05
1.91, 0.634806, -0.000428456
1.915, 0.707963, -0.0007624
1.92, 0.683283, 0.000474639
1.925, 0.76259, -0.000742725
1.93, 0.782735, -0.000606882
1.935, 0.706725, -0.000154387
1.94, 0.761363, 0.000217544
1.945, 0.662407, -0.00222854
1.95, 0.710111, -0.000382505
1.955, 0.713841, -0.000137537
1.96, 0.7054, 0.0010736
1.965, 0.69888, 0.000847108
1.97, 0.673534, -0.00324184
1.975, 0.659134, -0.00171981
1.98, 0.698509, -0.000953564
1.985, 0.693011, -0.000826167
1.99, 0.702857, -0.000262663
1.995, 0.662271, 0.00107757
2, 0.711106, -0.00103375
2.005, 0.648848, -0.000252515
2.01, 0.684568, 3.84323e-05
2.015, 0.722954, 0.000292315
2.02, 0.746363, 6.58995e-05
2.025, 0.825973, 0.000591938
2.03, 0.775343, -0.00038899
2.035, 0.786891, -0.000369053
2.04, 0.76937, -0.000464279
2.045, 0.733113, -0.00125335
2.05, 0.740979, -0.000139117
2.055, 0.758693, -0.00157444
2.06, 0.83666, -0.000757211
2.065, 0.810817, -0.000769836
2.07, 0.75308, 0.000183263
2.075, 0.778379, -0.000240356
2.08, 0.769353, -0.00106683
2.085, 0.777315, -0.00016149
2.09, 0.765921, -0.000296088
2.095, 0.777508, -0.000455999
2.1, 0.924682, -0.000472275
2.105, 0.854671, -0.0010072
2.11, 0.787501, 4.70564e-05
2.115, 0.7937, -3.34512e-05
2.12, 0.818547, -0.00258068
2.125, 0.791038, -0.00102095
2.13, 0.840278, 0.0004239
2.135, 0.783922, 1.57803e-05
2.14, 0.805061, -5.73728e-05
2.145, 0.803853, -0.000431584
2.15, 0.800686, -0.000400054
2.155, 0.797473, 0.000851395
2.16, 0.782047, -0.00306673
2.165, 0.75753, -0.00158176
2.17, 0.804907, -0.000693077
2.175, 0.81066, -0.000849941
2.18, 0.810591, 0.00120491
2.185, 0.806546, 0.000244682
2.19, 0.817301, -0.00152045
2.195, 0.83251, 0.000864368
2.2, 0.753338, -0.0016045
2.205, 0.826769, -0.000904551
2.21, 0.836633, -0.000576466
2.215, 0.790091, -0.000149084
2.22, 0.827831, -0.000361294
2.225, 0.799214, 0.00156663
2.23, 0.841072, -0.000368347
2.235, 0.855757, 0.00113311
2.24, 0.900491, -0.00100258
2.245, 0.851119, -0.000740414
2.25, 0.950071, 0.000716669
2.255, 0.924946, -0.00091886
2.26, 0.87342, -0.000817735
2.265, 0.902341, -0.000705626
2.27, 0.890051, -0.000113071
2.275, 0.883951, -0.00104766
2.28, 0.883388, 9.7775e-05
2.285, 0.852043, -0.00126071
2.29, 0.884661, -0.00184346
2.295, 0.888829, -0.00179301
2.3, 0.869535, -0.00108895
2.305, 0.892381, -0.00128601
2.31, 0.982945, -0.00061719
2.315, 0.943242, -0.000746569
2.32, 0.923513, -0.00077932
2.325, 0.923831, -0.000729255
2.33, 0.918202, -0.000768054
2.335, 0.909649, -0.000715899
2.34, 0.912933, 0.00027866
2.345, 0.874261, -0.000180964
2.35, 0.915557, -0.000480169
2.355, 0.918172, -0.000630438
2.36, 0.921098, -0.000849127
2.365, 0.983054, -0.000942141
2.37, 0.922758, -0.0012833
2.375, 0.906906, -0.000970725
2.38, 0.93677, -0.00104049
2.385, 0.907361, -0.000226629
2.39, 0.93653, -0.000545439
2.395, 0.944344, -0.000705343
2.4, 0.943148, -0.000557279
2.405, 0.943779, -0.000648738
2.41, 0.908524, -0.000787676
2.415, 0.938651, -0.000844119
2.42, 0.944257, -0.000755758
2.425, 0.949056, -0.000868747
2.43, 0.952745, -0.000990048
2.435, 1.05424, -0.0010764
2.44, 1.01035, -0.00115304
2.445, 0.989137, -0.000856597
2.45, 1.0439, -0.00152203
2.455, 1.01256, 0.000740757
2.46, 0.997968, -0.000496864
2.465, 0.985977, -0.000403949
2.47, 0.9794, -0.000398784
2.475, 0.976936, -0.000351615
2.48, 0.977244, -0.000521855
2.485, 0.97852, -0.000393966
2.49, 0.980157, 0.000205214
2.495, 0.982457, -0.000822579
2.5, 0.984779, -0.000628078
2.505, 0.987215, -0.00069116
2.51, 0.989641, -0.000490308
2.515, 0.992065, -0.000512366
2.52, 0.994471, -0.000624084
2.525, 0.99702, -0.000459526
2.53, 0.999508, -0.000461749
2.535, 1.00142, -0.000342102
2.54, 1.00408, -0.000357493
2.545, 1.00839, -0.000521704
2.55, 1.01163, -0.000282146
2.555, 1.00938, -0.00107322
2.56, 1.01058, -0.000165093
2.565, 0.948238, -0.000350555
2.57, 0.984633, -0.00092994
2.575, 1.0047, -0.000941419
2.58, 0.909756, -0.000605691
2.585, 0.968133, -0.000705391
2.59, 0.99908, -0.000456462
2.595, 1.01346, -0.000788472
2.6, 1.03402, -0.000834835
2.605, 1.03899, -0.000933004
2.61, 1.03962, -0.000913291
2.615, 1.04109, -0.00118288
2.62, 1.03319, -0.00123334
2.625, 1.04197, -0.000906852
2.63, 1.04217, -0.00175691
2.635, 1.04496, -0.00146598
2.64, 1.05205, -0.00130149
2.645, 1.05438, -0.00103746
2.65, 0.989673, -0.00092918
2.655, 1.02501, -0.000841446
2.66, 1.03695, -0.000884826
2.665, 1.05362, -0.000884199
2.67, 1.06013, -0.000821463
2.675, 1.06368, -0.00203007
2.68, 1.07498, -0.0015653
2.685, 1.07296, -0.00125176
2.69, 1.06418, -0.00111654
2.695, 1.07204, -0.00102979
2.7, 1.07686, -0.000981668
2.705, 0.969471, -0.00142426
2.71, 1.02723, -0.00128193
2.715, 1.05663, 8.36943e-05
2.72, 1.06519, -0.00140739
2.725, 1.08457, -0.000341141
2.73, 1.08995, -0.000768424
2.735, 1.0938, -0.00083745
2.74, 1.10254, -0.000274414
2.745, 1.08795, -0.00123151
2.75, 1.10308, -0.00154197
2.755, 1.06428, -0.00116524
2.76, 1.06079, -0.00110677
2.765, 0.996522, -0.000929078
2.77, 1.04629, -0.000895708
2.775, 1.01662, -0.000732353
2.78, 1.04307, -0.000701323
2.785, 1.07753, -0.000949946
2.79, 1.08879, -0.00147836
2.795, 1.10964, -0.000935525
2.8, 1.10887, -0.000925967
2.805, 1.07716, 0.00147949
2.81, 1.11428, 0.000184014
2.815, 1.13217, -0.000670742
2.82, 1.10575, -0.00303709
2.825, 1.12025, -0.00258774
2.83, 1.10044, -0.00099823
2.835, 1.12055, 0.00421596
2.84, 1.10781, -0.00218909
2.845, 1.12762, 0.000294227
2.85, 1.14531, -0.000422353
2.855, 1.15934, 0.000814092
2.86, 1.15069, 0.000322909
2.865, 1.15377, -0.000196279
2.87, 1.13825, -0.000179815
2.875, 1.14954, -0.000638657
2.88, 1.13575, -0.000911538
2.885, 1.09311, -0.0027253
2.89, 1.12535, -0.00275861
2.895, 1.05818, 0.0032685
2.9, 1.10037, 0.000791471
2.905, 1.14549, -0.00126486
2.91, 1.15145, -0.00128899
2.915, 0.932015, -0.00104196
2.92, 1.04589, -0.000376134
2.925, 1.07854, -0.000214543
2.93, 1.13181, -0.0016448
2.935, 1.05928, -0.000909824
2.94, 1.11676, -0.000791117
2.945, 1.14664, -0.00213107
2.95, 1.14695, -0.00175882
2.955, 1.03277, -0.00184409
2.96, 1.09381, -0.00161218
2.965, 1.14105, 0.000535362
2.97, 1.16109, 0.000466532
2.975, 1.14946, -0.000315685
2.98, 1.18305, -0.00281592
2.985, 1.10848, -0.00199115
2.99, 1.03548, -0.00154713
2.995, 1.01646, -0.00126304
3, 1.07871, -0.0016036
3.005, 1.14934, -0.00149649
3.01, 1.10462, -0.0014493
3.015, 1.17854, -0.00176728
3.02, 1.15237, -0.00147188
3.025, 1.17737, -0.00132139
3.03, 1.14658, -0.000682495
3.035, 1.19281, 0.00106917
3.04, 1.18429, -0.00200056
3.045, 1.21312, 0.0055422
3.05, 1.21448, 0.000287814
3.055, 1.19206, -0.000993546
3.06, 1.16018, -0.00141227
3.065, 1.16725, -0.00271695
3.07, 1.17404, -0.000273194
3.075, 1.10131, 0.00117177
3.08, 1.16373, -0.00159948
3.085, 1.06961, -0.000515886
3.09, 1.00786, -0.00157688
3.095, 1.07042, -0.00116272
3.1, 1.05599, -0.000570406
3.105, 1.13763, -0.000545567
3.11, 1.17535, -0.0020787
3.115, 1.16693, -0.0016133
3.12, 1.06137, -0.00167277
3.125, 1.14362, -0.000156663
3.13, 1.15813, -0.00085609
3.135, 1.20675, -0.00149034
3.14, 1.02569, -0.000904645
3.145, 1.00665, -0.00125677
3.15, 1.09118, -0.0013863
3.155, 1.17538, -0.0014049
3.16, 1.12104, -0.00162642
3.165, 1.17606, -0.00188566
3.17, 1.20061, -0.00149357
3.175, 1.16436, 0.00140451
3.18, 1.22279, -0.0020276
3.185, 1.21548, -0.00151617
3.19, 1.2447, 0.00297441
3.195, 1.2193, 0.00130199
3.2, 1.18227, 0.000620923
3.205, 1.19688, -0.00287706
3.21, 1.1148, 0.00156758
3.215, 1.21982, -0.000829481
3.22, 1.14685, 1.24929e-05
3.225, 0.970991, -0.000952228
3.23, 1.05084, -0.00168077
3.235, 1.05263, -0.000821951
3.24, 1.14744, -0.000981577
3.245, 1.17621, -0.00234289
3.25, 1.04646, -0.00201421
3.255, 1.15305, 0.000365421
3.26, 1.16392, -0.00132158
3.265, 1.21733, -0.00196707
3.27, 1.03428, -0.00121654
3.275, 0.979879, -0.00150159
3.28, 1.15001, -0.00211167
3.285, 1.10991, -0.00175912
3.29, 1.17255, -0.00216629
3.295, 1.20649, 0.000957443
3.3, 1.15246, -0.00232393
3.305, 1.23621, 0.000642038
3.31, 1.22589, 0.00129248
3.315, 1.25179, 0.00441227
3.32, 1.22626, -0.00173459
3.325, 1.15882, -0.00383469
3.33, 1.2036, -0.00409109
3.335, 1.17939, 0.00252108
3.34, 1.14251, 0.000337578
3.345, 0.948941, -0.000678895
3.35, 1.03504, -0.00145379
3.355, 1.04399, -0.00076507
3.36, 1.15327, -0.00215618
3.365, 1.16189, -0.00162619
3.37, 1.05992, -0.00157911
3.375, 1.1563, -0.00019732
3.38, 1.16576, -0.00121684
3.385, 1.12795, -0.00115726
3.39, 0.915181, -0.00154056
3.395, 1.11897, -0.00228301
3.4, 1.08747, 0.000277833
3.405, 1.15658, -0.00065766
3.41, 1.19749, -0.00373328
3.415, 1.16173, -0.00221044
3.42, 1.23862, -0.00123227
3.425, 1.24142, 0.00310265
3.43, 1.21845, 0.00125424
3.435, 1.2016, -0.0010365
3.44, 1.17311, -0.00385742
3.445, 1.10676, 0.00271443
3.45, 1.14696, -0.000776505
3.455, 0.937298, -0.000234049
3.46, 1.03103, -0.00119107
3.465, 1.03889, -0.000605408
3.47, 1.14855, -0.00211694
3.475, 1.02947, -0.00171174
3.48, 1.10508, -0.00129886
3.485, 1.15297, 0.000915013
3.49, 1.17716, -0.00178779
3.495, 1.01119, -0.00258012
3.5, 0.949845, -0.00160848
3.505, 1.11331, -0.00178818
3.51, 1.11516, -0.00235001
3.515, 1.1526, 0.000565018
3.52, 1.13648, -0.00257383
3.525, 1.22572, -0.00123257
3.53, 1.22815, 0.00286594
3.535, 1.20304, 0.00119131
3.54, 1.18562, -0.000968303
3.545, 1.15775, -0.00390908
3.55, 1.09286, 0.00266828
3.555, 1.13052, 0.000278034
3.56, 0.904651, -0.00168833
3.565, 0.99838, -0.00106026
3.57, 1.04223, -0.000572103
3.575, 1.11368, -0.00213284
3.58, 0.993448, -0.00166398
3.585, 1.12138, 0.000749954
3.59, 1.13165, -0.00171013
3.595, 1.09217, -0.00150195
3.6, 0.873336, -0.00174484
3.605, 1.09049, -0.00224245
3.61, 1.04824, -0.0026071
3.615, 1.11805, -0.00212805
3.62, 1.16069, 0.000555337
3.625, 1.14713, -0.000120186
3.63, 1.18137, -0.00259166
3.635, 1.17089, 0.00246908
3.64, 1.13978, 0.000246609
3.645, 1.15978, -0.00216002
3.65, 1.0728, 0.00195497
3.655, 1.12762, -9.70659e-06
3.66, 0.872604, -0.00102224
3.665, 0.979897, -0.00163826
3.67, 0.993451, -0.000952647
3.675, 1.10427, -0.00231838
3.68, 0.959347, -0.00191282
3.685, 1.09176, -0.00121095
3.69, 1.09941, -0.000862169
3.695, 1.062, -0.0010346
3.7, 0.880182, -0.0016754
3.705, 1.00938, -0.00137925
3.71, 1.02191, -0.00264605
3.715, 1.08428, 0.000594164
3.72, 1.12857, -0.00325821
3.725, 1.11376, -0.00167062
3.73, 1.15089, -0.0012662
3.735, 1.13656, 0.00325618
3.74, 1.1067, 0.000671155
3.745, 1.12642, -0.00211687
3.75, 1.03944, 0.00272582
3.755, 1.09066, -0.000431557
3.76, 0.840221, -0.00113749
3.765, 0.941906, -0.00169719
3.77, 0.957614, -0.000976972
3.775, 1.06898, -0.00234106
3.78, 0.925445, -0.00170406
3.785, 1.05671, 0.00151315
3.79, 1.06071, -0.000206497
3.795, 1.02286, -0.00268224
3.8, 0.816834, -0.00237598
3.805, 1.02079, -0.002636
3.81, 0.984207, 2.87877e-05
3.815, 1.04873, -0.00351154
3.82, 1.08906, -2.52565e-05
3.825, 1.07175, -0.00254543
3.83, 1.11145, -0.00186961
3.835, 1.09733, 0.00380056
3.84, 1.06159, -4.32951e-05
3.845, 1.08199, -0.00237524
3.85, 0.997649, 0.00053719
3.855, 1.04423, 0.000538181
3.86, 0.799148, 0.000443032
3.865, 0.896929, -0.00187401
3.87, 0.914841, -0.00110479
3.875, 1.02495, -0.00239785
3.88, 0.882757, -0.000381596
3.885, 1.01287, -0.000282443
3.89, 1.01566, -0.00204594
3.895, 0.97656, 0.000340555
3.9, 0.814187, -0.0017249
3.905, 0.923159, -0.00300109
3.91, 0.938017, -0.00333634
3.915, 0.995177, 0.000210848
3.92, 1.03905, -0.00337283
3.925, 1.02574, -0.00182751
3.93, 1.06026, 0.000874024
3.935, 1.07894, 0.00205959
3.94, 1.01879, 0.000116892
3.945, 0.998987, -0.00213774
3.95, 0.952566, 0.00168738
3.955, 0.992502, 0.000901326
3.96, 0.768236, -0.00103316
3.965, 0.826555, -0.00112083
3.97, 0.864962, -0.00163651
3.975, 0.969135, -0.00264201
3.98, 0.990327, -0.00185278
3.985, 0.872403, -0.00146917
3.99, 0.935656, -0.000400774
3.995, 0.975459, -0.00163643
4, 0.858252, -0.00125581
4.005, 0.715307, -0.00117777
4.01, 0.940269, -0.00212699
4.015, 0.920796, -0.0022332
4.02, 0.938197, -0.00229782
4.025, 0.923605, 0.000764353
4.03, 1.02245, 0.000168751
4.035, 1.00933, 0.00120942
4.04, 0.988362, 0.000400396
4.045, 0.954889, -0.000769162
4.05, 0.97719, -0.0024464
4.055, 0.892001, 0.000228431
4.06, 0.927717, 0.000335915
4.065, 0.709647, -0.000450618
4.07, 0.767575, -0.00063889
4.075, 0.807824, -0.00152343
4.08, 0.907741, -0.00125218
4.085, 0.924102, -0.00229087
4.09, 0.810505, -0.00166034
4.095, 0.910713, -0.0001673
4.1, 0.907284, -0.0011119
4.105, 0.858733, -0.00122898
4.11, 0.711051, -0.00162331
4.115, 0.802227, -0.00159983
4.12, 0.826297, -0.00194497
4.125, 0.863043, -0.0021203
4.13, 0.914506, -0.0019542
4.135, 0.878162, -0.00120471
4.14, 0.948353, 0.00145311
4.145, 0.942081, 0.00194406
4.15, 0.911344, 0.000854596
4.155, 0.884076, -0.000452769
4.16, 0.899478, -0.00245708
4.165, 0.821224, 0.00150782
4.17, 0.849951, -0.000656592
4.175, 0.758972, -0.000620647
4.18, 0.659573, -0.000412305
4.185, 0.783422, -0.00162752
4.19, 0.773523, -0.00087216
4.195, 0.843899, -0.00213209
4.2, 0.741174, -0.00164141
4.205, 0.788056, -0.000960701
4.21, 0.844915, 0.00153952
4.215, 0.862828, -0.00251687
4.22, 0.692985, -0.00142261
4.225, 0.693578, -0.00162217
4.23, 0.751522, -0.00163112
4.235, 0.767754, -0.00182585
4.24, 0.838372, 0.000489533
4.245, 0.795316, -0.000673234
4.25, 0.820637, -0.000930849
4.255, 0.829852, -0.00276609
4.26, 0.857075, 0.000115476
4.265, 0.860848, 0.00131055
4.27, 0.8256, 0.00112627
4.275, 0.803399, -0.000847149
4.28, 0.809034, -0.00227151
4.285, 0.734731, 0.00147072
4.29, 0.799799, 0.00119948
4.295, 0.743168, -0.000800171
4.3, 0.604292, -0.00217853
4.305, 0.634745, -0.00117086
4.31, 0.657876, -0.000684057
4.315, 0.746693, -0.0008752
4.32, 0.772676, -0.00203735
4.325, 0.679958, -0.0015009
4.33, 0.711061, 0.000526443
4.335, 0.781347, 0.000600337
4.34, 0.75707, -0.00211691
4.345, 0.70112, -0.00180005
4.35, 0.675419, -0.00164326
4.355, 0.583054, -0.00124968
4.36, 0.696062, -0.00196877
4.365, 0.686459, -0.00208411
4.37, 0.746881, -0.0016459
4.375, 0.700392, 0.000738806
4.38, 0.724758, -3.38775e-05
4.385, 0.724237, -0.00168132
4.39, 0.768321, 0.000414366
4.395, 0.755337, 0.00125886
4.4, 0.756107, 0.000350183
4.405, 0.725791, -7.27131e-05
4.41, 0.707171, -0.000741192
4.415, 0.700618, -0.00218065
4.42, 0.709625, -0.000127414
4.425, 0.666141, 6.50106e-05
4.43, 0.648842, 5.36583e-05
4.435, 0.469723, -0.000327502
4.44, 0.596834, -0.000650886
4.445, 0.58969, -0.00112624
4.45, 0.587947, -0.000976805
4.455, 0.656442, -0.000671952
4.46, 0.68679, -0.00190576
4.465, 0.687339, -0.00153521
4.47, 0.597742, -0.00127015
4.475, 0.608433, -0.000734521
4.48, 0.672762, 0.00138359
4.485, 0.647843, -0.00118821
4.49, 0.686518, -0.00155455
4.495, 0.593369, -0.00135906
4.5, 0.569989, -0.00124501
4.505, 0.488713, -0.000856488
4.51, 0.580974, -0.001573
4.515, 0.632167, -0.00123808
4.52, 0.586079, -0.00144941
4.525, 0.631254, -0.00122978
4.53, 0.584736, 0.000938606
4.535, 0.631091, -0.00212796
4.54, 0.621714, 0.000760934
4.545, 0.60756, -0.00114147
4.55, 0.634836, 0.000308278
4.555, 0.634014, -0.0017319
4.56, 0.626497, 0.00178799
4.565, 0.629246, 0.000619315
4.57, 0.593478, 9.90117e-05
4.575, 0.624877, -0.000450569
4.58, 0.53764, -0.00194362
4.585, 0.587176, -0.0023592
4.59, 0.585191, 0.00201612
4.595, 0.523674, 0.00112306
4.6, 0.528628, 0.000171084
4.605, 0.560565, -0.000560077
4.61, 0.378061, -0.000625874
4.615, 0.498583, -0.000774007
4.62, 0.490628, -0.000257259
4.625, 0.524982, -0.00141789
4.63, 0.553122, -0.00119877
4.635, 0.485396, -0.000731983
4.64, 0.531613, -0.000863063
4.645, 0.552158, -0.00174318
4.65, 0.549359, -0.00134451
4.655, 0.565615, -0.000665591
4.66, 0.462576, -0.000838719
4.665, 0.470724, -0.000370842
4.67, 0.527871, 7.44581e-05
4.675, 0.537215, -0.00032431
4.68, 0.543175, -0.000561836
4.685, 0.514711, -0.000648405
4.69, 0.534235, -0.000999517
4.695, 0.480339, -0.000985362
4.7, 0.392071, -0.000802575
4.705, 0.467622, -0.00076383
4.71, 0.454486, -0.000595139
4.715, 0.449239, -0.000409909
4.72, 0.482748, -0.000912888
4.725, 0.458044, -0.00102113
4.73, 0.490685, -0.000974554
4.735, 0.494013, -0.000972092
4.74, 0.470853, 0.00106904
4.745, 0.468067, 0.000121683
4.75, 0.472341, -0.00215739
4.755, 0.469546, -0.00137494
4.76, 0.429529, -0.00133075
4.765, 0.462769, -0.000965109
4.77, 0.464682, 0.00114848
4.775, 0.445856, -0.00153143
4.78, 0.457652, -0.000683115
4.785, 0.449213, -3.06364e-05
4.79, 0.45509, 0.00154953
4.795, 0.453118, -0.000920175
4.8, 0.43851, -0.00125657
4.805, 0.445955, -0.000598533
4.81, 0.436143, 0.00337954
4.815, 0.436793, 0.000109872
4.82, 0.437413, -3.28327e-05
4.825, 0.428901, 0.00116329
4.83, 0.431844, -0.000179435
4.835, 0.4283, -0.000959346
4.84, 0.424503, -0.000811285
4.845, 0.392537, -0.000803148
4.85, 0.417039, -0.000705901
4.855, 0.413141, 0.000617342
4.86, 0.409111, -0.00118684
4.865, 0.354493, -0.000790637
4.87, 0.374822, -0.00175874
4.875, 0.383192, -0.00117131
4.88, 0.386182, -0.000869583
4.885, 0.375792, -0.00110462
4.89, 0.384641, -0.00131957
4.895, 0.378688, -0.000947808
4.9, 0.377073, 0.00232967
4.905, 0.375011, 0.000198543
4.91, 0.322694, 0.000850598
4.915, 0.341242, 0.000279264
4.92, 0.353185, -0.000595575
4.925, 0.358013, 0.000601465
4.93, 0.359131, -0.00037216
4.935, 0.363807, -0.000294747
4.94, 0.359182, -0.000166549
4.945, 0.355173, -0.000291805
4.95, 0.339972, -0.00048918
4.955, 0.315466, -0.000146071
4.96, 0.3246, -0.00057191
4.965, 0.331408, -0.00048295
4.97, 0.33443, -0.000835193
4.975, 0.334185, -0.000497565
4.98, 0.331807, -0.000481739
4.985, 0.329393, 0.000118343
4.99, 0.326348, -0.000616467
4.995, 0.32375, -0.00110346
5, 0.320538, -0.000733788
5.005, 0.317673, 7.24402e-05
5.01, 0.314743, -0.000109353
5.015, 0.311865, -0.000245156
5.02, 0.309249, -0.000226098
5.025, 0.306037, -0.000347434
5.03, 0.303654, -0.000242057
5.035, 0.301419, -0.00021742
5.04, 0.298555, -0.00037014
5.045, 0.295034, -3.37627e-05
5.05, 0.291601, -0.000124898
5.055, 0.291253, -0.000533076
5.06, 0.312638, -0.00016542
5.065, 0.307394, -0.000223365
5.07, 0.2932, 0.0011119
5.075, 0.284642, -0.000816824
5.08, 0.276555, -0.00121116
5.085, 0.273423, 2.25431e-05
5.09, 0.270521, 0.000557554
5.095, 0.261761, -0.0011159
5.1, 0.263078, -0.000706347
5.105, 0.313715, 3.22366e-05
5.11, 0.285355, -0.00101243
5.115, 0.26965, -0.00277593
5.12, 0.261842, -0.00129339
5.125, 0.255083, -2.53884e-05
5.13, 0.257232, -2.9744e-05
5.135, 0.247713, -7.49752e-05
5.14, 0.24268, -0.000146363
5.145, 0.241135, 0.000682402
5.15, 0.282938, 0.0012548
5.155, 0.258101, -0.000624554
5.16, 0.252214, -0.000477936
5.165, 0.236752, -0.000463471
5.17, 0.231811, 0.000719838
5.175, 0.228389, -0.000745268
5.18, 0.225143, 2.87216e-05
5.185, 0.22022, 0.000284306
5.19, 0.225122, -0.00108305
5.195, 0.220344, -0.000738465
5.2, 0.215801, -0.000549471
5.205, 0.21926, -0.00194998
5.21, 0.21661, -0.00120561
5.215, 0.211813, -0.000589145
5.22, 0.22048, -0.000309804
5.225, 0.205583, -0.000201044
5.23, 0.203719, -0.000383021
5.235, 0.198198, 0.00091923
5.24, 0.212643, -0.000889848
5.245, 0.218068, -0.000584691
5.25, 0.204073, -0.000218392
5.255, 0.208206, -0.000180437
5.26, 0.225098, -0.000193593
5.265, 0.217839, -0.000252709
5.27, 0.200903, -0.00027188
5.275, 0.202683, -0.00042511
5.28, 0.215266, 3.74585e-05
5.285, 0.201286, 0.000135355
5.29, 0.214215, 8.64197e-05
5.295, 0.196013, 0.000312698
5.3, 0.188429, -4.11608e-06
5.305, 0.225687, 0.000975852
5.31, 0.20124, -0.00053085
5.315, 0.243843, -0.000310642
5.32, 0.264121, -7.33313e-05
5.325, 0.212539, -1.09722e-05
5.33, 0.204056, -0.000145589
5.335, 0.188718, -0.000312974
5.34, 0.194408, -0.000329155
5.345, 0.173494, -0.000853992
5.35, 0.181992, -0.00112439
5.355, 0.223773, -0.000998813
5.36, 0.194799, -0.000747987
5.365, 0.184099, -0.000561413
5.37, 0.181793, 5.69108e-05
5.375, 0.163878, -3.64487e-05
5.38, 0.217279, -0.000258051
5.385, 0.221609, -0.000333514
5.39, 0.172281, 6.97151e-05
5.395, 0.188939, -0.000621335
5.4, 0.161031, -0.000506127
5.405, 0.259273, -0.000328472
5.41, 0.203927, -6.03886e-05
5.415, 0.207818, 0.000259544
5.42, 0.204573, -0.000775361
5.425, 0.207011, -0.00230651
5.43, 0.161426, -0.000496787
5.435, 0.208103, 0.000375164
5.44, 0.163888, 0.00137098
5.445, 0.15004, -5.89588e-05
5.45, 0.146246, 0.000273377
5.455, 0.136668, -0.00183989
5.46, 0.16412, -0.00116101
5.465, 0.136995, -0.000528024
5.47, 0.133937, -0.000579775
5.475, 0.165156, -0.000410706
5.48, 0.145441, 0.000917548
5.485, 0.199672, -0.000680742
5.49, 0.142771, 0.000596623
5.495, 0.181694, -0.000915637
5.5, 0.200254, -0.000302078
5.505, 0.151822, 0.000323016
5.51, 0.19106, 0.000188974
5.515, 0.197528, 2.7177e-05
5.52, 0.225696, 0.000115002
5.525, 0.164554, 0.000155769
5.53, 0.177257, 0.000484873
5.535, 0.156125, -0.00118521
5.54, 0.136803, -0.000948258
5.545, 0.178991, -0.000934711
5.55, 0.157092, -0.000686286
5.555, 0.155233, 3.38007e-06
5.56, 0.179119, -9.31337e-05
5.565, 0.194154, -0.000383895
5.57, 0.168519, 0.000150128
5.575, 0.144779, -0.000581438
5.58, 0.22446, -0.000226778
5.585, 0.200033, 0.000379803
5.59, 0.18254, -0.000986432
5.595, 0.213311, -0.00125803
5.6, 0.200842, -8.30397e-05
5.605, 0.146202, -7.47945e-05
5.61, 0.128568, -7.51768e-05
5.615, 0.109135, 0.00136547
5.62, 0.155879, -0.00111096
5.625, 0.121341, 9.65327e-05
5.63, 0.136731, -0.000624393
5.635, 0.138606, -0.00209756
5.64, 0.207694, -0.000540749
5.645, 0.165185, -7.96686e-06
5.65, 0.201748, -0.000330325
5.655, 0.142972, 0.000225856
5.66, 0.18094, 0.000171887
5.665, 0.217434, 4.99401e-05
5.67, 0.179047, 0.000184503
5.675, 0.185085, 3.62977e-05
5.68, 0.156224, -0.000894471
5.685, 0.131326, -0.00072072
5.69, 0.165807, -0.000759774
5.695, 0.164773, -0.000177208
5.7, 0.184948, -0.000100665
5.705, 0.190229, -0.000493945
5.71, 0.18191, -0.000271741
5.715, 0.202754, -0.000284423
5.72, 0.187023, 2.77309e-05
5.725, 0.146909, -0.00029761
5.73, 0.237657, -0.000935313
5.735, 0.210578, -0.000294633
5.74, 0.148976, -0.000212567
5.745, 0.137074, -0.000175309
5.75, 0.145487, -0.000403052
5.755, 0.124084, -0.00100719
5.76, 0.143546, 0.000177113
5.765, 0.142396, -0.000879915
5.77, 0.21812, -0.000574116
5.775, 0.209947, -0.000612167
5.78, 0.195662, 8.05729e-05
5.785, 0.153618, 0.000175466
5.79, 0.170541, 0.000260073
5.795, 0.23215, 0.000800311
5.8, 0.211127, 0.000387733
5.805, 0.170249, -0.00128392
5.81, 0.140434, -0.000889671
5.815, 0.175948, -0.000822013
5.82, 0.183774, -0.000207123
5.825, 0.259812, -0.000138058
5.83, 0.183794, -4.6195e-05
5.835, 0.180678, -0.000571726
5.84, 0.194439, -5.57696e-05
5.845, 0.170352, -0.000298487
5.85, 0.260711, -0.00120178
5.855, 0.226036, -0.000157865
5.86, 0.161129, 0.0003181
5.865, 0.125712, 3.77054e-05
5.87, 0.177371, -0.00129525
5.875, 0.136734, -0.000755973
5.88, 0.187464, -0.000514605
5.885, 0.229811, -0.000283786
5.89, 0.226395, -0.000651008
5.895, 0.213316, 0.000134712
5.9, 0.182446, 0.000393909
5.905, 0.250033, 0.000198379
5.91, 0.200249, 0.000279663
5.915, 0.211855, 0.000455047
5.92, 0.185666, -0.0013448
5.925, 0.191096, -0.000814135
5.93, 0.195492, -0.000235614
5.935, 0.247474, -0.000166363
5.94, 0.218407, -2.7557e-05
5.945, 0.179565, -0.000774532
5.95, 0.232786, 1.09774e-05
5.955, 0.195956, -0.000632241
5.96, 0.286862, -0.000942061
5.965, 0.247207, -6.79545e-05
5.97, 0.181129, -5.08156e-05
5.975, 0.148699, 0.00131758
5.98, 0.206362, -0.00167682
5.985, 0.200612, -0.00110768
5.99, 0.210993, -0.0005889
5.995, 0.176363, -0.00022298
6, 0.348332, -0.000436367
6.005, 0.177859, 0.000745429
6.01, 0.234977, -0.000335851
6.015, 0.280665, -0.000113531
6.02, 0.245978, 0.000476241
6.025, 0.215041, -0.00139362
6.03, 0.216176, -0.000788783
6.035, 0.223595, -0.000620279
6.04, 0.277788, 4.17377e-05
6.045, 0.244383, 2.13121e-05
6.05, 0.203707, -0.000426075
6.055, 0.255601, 0.000163859
6.06, 0.257833, -0.000839486
6.065, 0.304461, -0.00103582
6.07, 0.239096, -0.000140695
6.075, 0.212555, -0.000123181
6.08, 0.209081, 0.000155096
6.085, 0.187146, -0.00113038
6.09, 0.240441, -1.65234e-05
6.095, 0.287584, -5.9684e-06
6.1, 0.276051, -0.00151436
6.105, 0.269774, -0.000270776
6.11, 0.235051, 0.000266366
6.115, 0.304843, 2.55294e-05
6.12, 0.249938, 0.000634535
6.125, 0.288863, -0.00114895
6.13, 0.21681, -0.00074943
6.135, 0.275159, -0.00064592
6.14, 0.288862, -1.93834e-06
6.145, 0.306875, -0.00050731
6.15, 0.236546, -0.000321676
6.155, 0.296431, -0.000205018
6.16, 0.250482, -0.000342667
6.165, 0.344931, -0.00116427
6.17, 0.303651, -0.000174109
6.175, 0.239014, -0.000154451
6.18, 0.244557, -0.00106601
6.185, 0.220417, -0.000568385
6.19, 0.272823, 0.000335492
6.195, 0.320779, -0.000811103
6.2, 0.263314, -0.00119585
6.205, 0.341473, 5.58333e-05
6.21, 0.266969, 9.7675e-05
6.215, 0.339686, 0.000148658
6.22, 0.284288, 0.000708764
6.225, 0.324262, -0.000740644
6.23, 0.251862, -0.000890495
6.235, 0.311593, -0.000664439
6.24, 0.324641, -1.34831e-05
6.245, 0.344049, -0.000551323
6.25, 0.271856, -0.000305987
6.255, 0.333559, -0.000226389
6.26, 0.283819, -0.00011048
6.265, 0.38052, -0.00132257
6.27, 0.339081, -0.000252956
6.275, 0.273795, 0.000921891
6.28, 0.277183, -0.00153206
6.285, 0.257824, -0.000873432
6.29, 0.313987, -0.000789619
6.295, 0.361069, 0.000448186
6.3, 0.360353, -0.00117137
6.305, 0.343054, -0.000202432
6.31, 0.304274, 0.000175831
6.315, 0.377159, 4.83266e-05
6.32, 0.323804, 0.000339628
6.325, 0.364478, -0.00109575
6.33, 0.291794, -0.000727652
6.335, 0.352863, -0.000550556
6.34, 0.364662, 3.09485e-05
6.345, 0.385514, -0.000573809
6.35, 0.311457, -0.000282463
6.355, 0.375919, -0.000231576
6.36, 0.322201, 0.000316935
6.365, 0.420512, -0.00157051
6.37, 0.378955, -0.000386475
6.375, 0.315193, 0.000849849
6.38, 0.316325, -0.000686242
6.385, 0.298708, -0.000495195
6.39, 0.355734, -0.00134743
6.395, 0.401888, -0.00072487
6.4, 0.355712, -0.000293983
6.405, 0.419089, -0.000425888
6.41, 0.344968, -0.000123629
6.415, 0.420149, -1.68521e-05
6.42, 0.369324, 8.34176e-05
6.425, 0.407036, -0.000594092
6.43, 0.336149, -0.000840211
6.435, 0.365953, -0.00056425
6.44, 0.411527, 1.42359e-05
6.445, 0.437015, -0.00061613
6.45, 0.390647, -0.000524762
6.455, 0.422533, -0.00012952
6.46, 0.391353, -0.000233114
6.465, 0.442601, -0.00136375
6.47, 0.422146, 0.000150761
6.475, 0.361727, 0.00029907
6.48, 0.325165, -0.000244071
6.485, 0.376713, -0.0013448
6.49, 0.364808, -0.000797284
6.495, 0.417031, 0.000545285
6.5, 0.391641, -0.000750036
6.505, 0.483272, -0.000871371
6.51, 0.389727, -4.85112e-06
6.515, 0.424334, -0.000170812
6.52, 0.484182, -4.25384e-05
6.525, 0.445343, -4.75815e-06
6.53, 0.413483, -0.00104016
6.535, 0.37994, -0.000652423
6.54, 0.446523, -0.000570654
6.545, 0.453553, 2.35329e-05
6.55, 0.455271, -0.000629174
6.555, 0.435091, -0.00015148
6.56, 0.476859, -0.00017728
6.565, 0.439115, 0.000135431
6.57, 0.490612, -0.00159733
6.575, 0.471192, -2.81579e-05
6.58, 0.412815, -0.00010152
6.585, 0.376173, 6.7459e-05
6.59, 0.423797, -0.00143519
6.595, 0.390277, 5.47059e-05
6.6, 0.448938, -9.59448e-05
6.605, 0.491495, -3.0459e-05
6.61, 0.444699, -0.00151204
6.615, 0.506422, -0.000194262
6.62, 0.439097, 8.14125e-05
6.625, 0.522529, -4.697e-05
6.63, 0.476586, 9.59978e-06
6.635, 0.480765, -0.000256251
6.64, 0.466059, -0.00130157
6.645, 0.476191, -0.000527113
6.65, 0.481509, -0.000547279
6.655, 0.494906, 5.53266e-05
6.66, 0.505991, -0.000647406
6.665, 0.488435, -0.00012013
6.67, 0.534217, -0.000648571
6.675, 0.507414, 0.00051281
6.68, 0.519299, -0.00263198
6.685, 0.498058, -0.000384059
6.69, 0.481116, 0.000273278
6.695, 0.460759, 0.000709367
6.7, 0.425924, -0.00139877
6.705, 0.487025, -0.000904706
6.71, 0.444614, -0.00086893
6.715, 0.506428, 0.0007759
6.72, 0.539653, 0.000197732
6.725, 0.503297, -0.00114346
6.73, 0.561952, -0.00027564
6.735, 0.482456, -5.67887e-05
6.74, 0.501677, -7.46628e-05
6.745, 0.601815, -8.87573e-06
6.75, 0.527646, -7.71106e-05
6.755, 0.551549, -0.00118604
6.76, 0.494978, -0.000902272
6.765, 0.538637, -0.000488099
6.77, 0.539014, -3.52834e-05
6.775, 0.552391, -0.000150488
6.78, 0.568293, -0.000779135
6.785, 0.548993, -0.000118414
6.79, 0.590368, -0.000658241
6.795, 0.567557, 6.44666e-05
6.8, 0.496232, -7.42689e-06
6.805, 0.606841, -0.00175143
6.81, 0.578282, -0.000332232
6.815, 0.530006, -0.000304801
6.82, 0.52268, -0.000430118
6.825, 0.483375, -0.00140513
6.83, 0.534289, -0.000875632
6.835, 0.512242, -0.000747064
6.84, 0.570264, -0.000500315
6.845, 0.601852, -0.000327681
6.85, 0.525288, -0.000246376
6.855, 0.589899, -0.000359866
6.86, 0.592966, -4.11361e-05
6.865, 0.545029, 0.0010697
6.87, 0.570538, -0.000365279
6.875, 0.667678, -0.000165641
6.88, 0.599262, 0.000193856
6.885, 0.593685, -0.000457855
6.89, 0.588316, -0.00157882
6.895, 0.613093, -0.000636309
6.9, 0.592263, -0.000631152
6.905, 0.592901, 2.67844e-05
6.91, 0.610689, -0.000185995
6.915, 0.636286, -0.000821784
6.92, 0.615655, -0.000469454
6.925, 0.626019, -0.000797055
6.93, 0.653167, -0.000154272
6.935, 0.604937, -0.000343023
6.94, 0.613936, -0.00019177
6.945, 0.656114, -0.000699872
6.95, 0.639695, -0.000699305
6.955, 0.599194, -0.000364187
6.96, 0.591459, -0.000558836
6.965, 0.588269, -0.000474448
6.97, 0.575458, -0.00181072
6.975, 0.601065, -0.000936624
6.98, 0.586485, -0.000672144
6.985, 0.626658, -0.000517412
6.99, 0.617438, -0.000419015
6.995, 0.664932, -0.000322668
7, 0.600842, -0.000117673
7.005, 0.653105, -0.000471528
7.01, 0.648902, -6.23755e-05
7.015, 0.629297, 0.000341205
7.02, 0.664942, 0.000113854
7.025, 0.691758, -0.000110165
7.03, 0.723038, -0.000175747
7.035, 0.661992, -0.000182715
7.04, 0.650602, 0.000465588
7.045, 0.660348, -0.00135714
7.05, 0.659453, -0.00170508
7.055, 0.640557, -0.00110747
7.06, 0.701198, -0.000477645
7.065, 0.6819, -0.000550726
7.07, 0.674162, 0.000142789
7.075, 0.656701, -0.000243735
7.08, 0.731789, -0.000730541
7.085, 0.699916, -0.000400919
7.09, 0.688121, -0.00030886
7.095, 0.655256, -0.000396894
7.1, 0.774638, -0.000248365
7.105, 0.720027, -0.000183261
7.11, 0.670981, -0.000165371
7.115, 0.674236, -0.000140716
7.12, 0.725411, -0.00284107
7.125, 0.70791, -0.000866419
7.13, 0.713796, 0.000283127
7.135, 0.705684, -4.36942e-05
7.14, 0.682613, 0.000278584
7.145, 0.681651, -8.62492e-05
7.15, 0.679979, 0.0010352
7.155, 0.683017, -0.00138446
7.16, 0.667899, -0.00266125
7.165, 0.695729, -0.00141044
7.17, 0.68362, 0.000599265
7.175, 0.689063, -0.00138845
7.18, 0.689514, -0.000682271
7.185, 0.730264, -0.000602453
7.19, 0.721127, -0.000534592
7.195, 0.711572, -0.000402086
7.2, 0.736897, 0.0012795
7.205, 0.703917, 0.00022304
7.21, 0.712695, -0.0013039
7.215, 0.728218, -0.000633536
7.22, 0.723494, -0.000515762
7.225, 0.752231, -0.000215563
7.23, 0.736966, 0.000147771
7.235, 0.728644, 8.15839e-05
7.24, 0.755686, -0.000179671
7.245, 0.764712, -0.000256943
7.25, 0.808667, -0.000346908
7.255, 0.788986, -0.000174244
7.26, 0.81151, -0.000369823
7.265, 0.770548, -0.000370744
7.27, 0.759732, -0.000453423
7.275, 0.757075, 0.000421338
7.28, 0.756018, -0.000168806
7.285, 0.768287, -0.00118339
7.29, 0.756332, -0.00164995
7.295, 0.759715, -0.000735755
7.3, 0.773779, -0.00186778
7.305, 0.763302, -0.00124569
7.31, 0.838473, -0.000579964
7.315, 0.806249, -0.000656183
7.32, 0.789777, -0.000656708
7.325, 0.791396, -0.000634527
7.33, 0.786927, -0.000650384
7.335, 0.78014, -0.000632719
7.34, 0.7825, 0.000255563
7.345, 0.790876, -0.0001724
7.35, 0.784904, -0.00041229
7.355, 0.787274, -0.000534485
7.36, 0.789932, -0.000706695
7.365, 0.843951, -0.000750832
7.37, 0.829243, -0.000893854
7.375, 0.817272, -0.000806632
7.38, 0.804638, -0.000844863
7.385, 0.818039, -0.000179132
7.39, 0.804692, -0.000521864
7.395, 0.811573, -0.000571959
7.4, 0.810739, -0.000215339
7.405, 0.811371, -0.000461537
7.41, 0.817157, -0.000526174
7.415, 0.804905, -0.00116944
7.42, 0.810681, -0.000319263
7.425, 0.815417, -0.000532235
7.43, 0.818988, -0.000590378
7.435, 0.900098, -0.000824928
7.44, 0.866032, -0.000849037
7.445, 0.849534, -0.000560873
7.45, 0.898841, 0.000236351
7.455, 0.871959, -0.000545737
7.46, 0.859664, -0.00109807
7.465, 0.849831, -0.000669817
7.47, 0.844265, 0.000177348
7.475, 0.842168, -0.000124919
7.48, 0.84274, -0.000202931
7.485, 0.843787, -7.0906e-05
7.49, 0.845634, -0.00028742
7.495, 0.847405, -0.000327996
7.5, 0.849666, -0.000335122
7.505, 0.85169, -0.00109778
7.51, 0.854364, -0.000816275
7.515, 0.856461, 0.000177839
7.52, 0.858654, -6.10218e-05
7.525, 0.860974, -0.000195411
7.53, 0.863231, -0.000225557
7.535, 0.865024, -0.000141787
7.54, 0.867406, -0.000176327
7.545, 0.871506, -0.000946129
7.55, 0.874533, 0.000140318
7.555, 0.872546, 1.76078e-05
7.56, 0.874545, -0.000164898
7.565, 0.819266, -0.000291543
7.57, 0.851061, -0.000734659
7.575, 0.868729, -0.000720176
7.58, 0.791154, 0.000293447
7.585, 0.840246, -0.00140136
7.59, 0.865769, -0.00021823
7.595, 0.877687, 0.000313609
7.6, 0.895663, -0.00169285
7.605, 0.904312, -0.000456941
7.61, 0.902848, -0.000728918
7.615, 0.902982, -0.00101999
7.62, 0.895142, -0.000970188
7.625, 0.902918, -0.000618897
7.63, 0.902867, -0.00136323
7.635, 0.905887, -0.00113465
7.64, 0.911562, -0.000984636
7.645, 0.913867, -0.000694071
7.65, 0.858198, -0.000621666
7.655, 0.888646, -0.000559479
7.66, 0.898086, -0.000604123
7.665, 0.913626, -0.000620402
7.67, 0.919633, -0.000550441
7.675, 0.922767, -0.00162673
7.68, 0.93262, -0.00123757
7.685, 0.93119, -0.000985098
7.69, 0.923193, -0.000869652
7.695, 0.930478, -0.000799512
7.7, 0.934966, -0.000768032
7.705, 0.84131, -0.00111278
7.71, 0.89207, 8.85095e-05
7.715, 0.917401, -0.000361089
7.72, 0.92466, -0.0013801
7.725, 0.941886, -0.000300301
7.73, 0.946566, -0.000605573
7.735, 0.949604, 0.000624718
7.74, 0.95515, -0.00136634
7.745, 0.948094, -0.00108887
7.75, 0.960388, -0.00127094
7.755, 0.923993, -0.000908063
7.76, 0.919736, 0.000590884
7.765, 0.864363, -0.00143295
7.77, 0.908316, -0.00103728
7.775, 0.880189, -0.000678892
7.78, 0.903011, -0.000603444
7.785, 0.935057, -0.000775171
7.79, 0.94883, -0.00127131
7.795, 0.965904, -0.00069844
7.8, 0.964411, -0.000625911
7.805, 0.938919, -0.000736988
7.81, 0.971183, 0.0013102
7.815, 0.98586, 0.000272982
7.82, 0.967656, -0.000182577
7.825, 0.977425, -0.00242326
7.83, 0.957525, -0.00141622
7.835, 0.976305, 0.000979807
7.84, 0.962107, -0.000899914
7.845, 0.982754, 0.000932592
7.85, 0.998388, -0.00162268
7.855, 1.00804, 0.00342845
7.86, 1.00158, 0.000129058
7.865, 1.00598, -0.000184354
7.87, 0.993417, 0.000449912
7.875, 1.00257, -0.000700117
7.88, 0.99368, -0.000816857
7.885, 0.953121, -0.00232239
7.89, 0.981299, -0.00233637
7.895, 0.921862, 0.00141279
7.9, 0.958927, 0.00168472
7.905, 0.99308, -0.000421171
7.91, 1.00164, 0.000209225
7.915, 0.81414, -0.000945813
7.92, 0.915167, -0.00099403
7.925, 0.943732, 5.90677e-05
7.93, 0.988283, -0.00114265
7.935, 0.923496, -0.000523484
7.94, 0.975034, -0.000451169
7.945, 1.00136, -0.00169078
7.95, 1.00017, -0.00135454
7.955, 0.897845, -0.00137564
7.96, 0.953758, -0.00121902
7.965, 0.995472, -0.000682657
7.97, 1.01404, 0.00130449
7.975, 1.00694, -0.000527634
7.98, 1.03541, -0.00180595
7.985, 0.964104, -0.00130718
7.99, 0.898693, -0.00106524
7.995, 0.879348, -0.000874219
8, 0.940807, -0.00118354
8.005, 1.00419, -0.00110973
8.01, 0.965365, -0.00128632
8.015, 1.03086, 0.00131752
8.02, 1.01477, -0.00241063
8.025, 1.03242, -0.00159181
8.03, 0.999812, 0.00126987
8.035, 1.04634, 9.29004e-05
8.04, 1.03755, 0.000655486
8.045, 1.05976, 0.000633176
8.05, 1.06184, 0.00183092
8.055, 1.04481, 0.00106531
8.06, 1.01048, -0.00201469
8.065, 1.02506, -0.00269241
8.07, 1.02877, 0.000980325
8.075, 0.960488, -0.000467195
8.08, 1.01094, -0.000958335
8.085, 0.93369, -0.00017652
8.09, 0.882887, -0.000418472
8.095, 0.939613, -0.00120339
8.1, 0.922218, -0.000483815
8.105, 0.995934, -0.000368531
8.11, 1.02948, -0.00173097
8.115, 1.01945, -0.00125244
8.12, 0.92656, -0.00128033
8.125, 0.999845, 7.46433e-05
8.13, 1.01418, -0.000585334
8.135, 1.05631, -0.00125219
8.14, 0.892081, -0.000694043
8.145, 0.870486, -0.00104297
8.15, 0.953982, -0.00106545
8.155, 1.03094, -0.00113436
8.16, 0.981664, -0.0013606
8.165, 1.03463, -0.00142796
8.17, 1.05804, 0.00109213
8.175, 1.02105, -0.00167611
8.18, 1.07511, 0.000473581
8.185, 1.06727, -0.00173952
8.19, 1.09034, 0.00444924
8.195, 1.07289, 0.00048195
8.2, 1.0323, -0.000547383
8.205, 1.05378, -0.00207636
8.21, 0.976081, 0.000487163
8.215, 1.06411, 0.00121334
8.22, 1.00997, -0.000819201
8.225, 0.843122, -0.000223508
8.23, 0.922128, -0.00104189
8.235, 0.919119, -0.000365187
8.24, 1.00674, -0.0005821
8.245, 1.03222, -0.0018805
8.25, 0.913175, -0.00157197
8.255, 1.0112, 0.000551127
8.26, 1.02214, -0.00105961
8.265, 1.07286, -0.00157942
8.27, 0.898392, -0.000874805
8.275, 0.842982, -0.00118251
8.28, 1.01396, -0.00171614
8.285, 0.969442, -0.00139984
8.29, 1.03465, -0.0014864
8.295, 1.06602, 0.00102505
8.3, 1.01061, -0.00198716
8.305, 1.09317, 0.000687641
8.31, 1.08018, -0.00166702
8.315, 1.09971, 0.00257857
8.32, 1.07993, 0.000802679
8.325, 1.01672, -0.00202207
8.33, 1.05874, -0.00400503
8.335, 1.02848, 0.00360245
8.34, 1.00199, 0.00114479
8.345, 0.826235, -0.000897705
8.35, 0.910132, -0.000538906
8.355, 0.912523, -0.000142931
8.36, 1.01365, -0.00159213
8.365, 1.01885, -0.00114738
8.37, 0.928871, -0.00115644
8.375, 1.01568, 0.00171841
8.38, 1.02933, 1.51776e-05
8.385, 0.986978, -0.00212395
8.39, 0.786397, -0.0018522
8.395, 0.989227, -0.00220176
8.4, 0.950228, -0.00233014
8.405, 1.02227, 0.000824085
8.41, 1.05964, -0.00422645
8.415, 1.02061, 0.00147845
8.42, 1.09422, -0.00182859
8.425, 1.09478, 0.00283985
8.43, 1.07813, 0.00357407
8.435, 1.05761, -0.0016862
8.44, 1.03315, -0.00390753
8.445, 0.970993, 0.0024912
8.45, 1.0065, -0.000607819
8.455, 0.815115, -0.000897612
8.46, 0.907855, -0.000513385
8.465, 0.90818, -0.000141438
8.47, 1.01064, -0.00164931
8.475, 0.898565, -0.00126188
8.48, 0.97063, 0.000652017
8.485, 1.01762, -0.00148239
8.49, 1.03633, -0.000916669
8.495, 0.882406, -0.00193613
8.5, 0.826938, -0.00123275
8.505, 0.980849, -0.00145138
8.51, 0.977807, -0.00191351
8.515, 1.02318, 0.000837742
8.52, 0.998724, 0.000125768
8.525, 1.08724, -0.00207885
8.53, 1.0834, 0.00224254
8.535, 1.06732, 0.00172706
8.54, 1.04588, -0.00106626
8.545, 1.02105, -0.00372538
8.55, 0.960227, 0.00257741
8.555, 0.993974, 0.00132899
8.56, 0.787058, -0.000965304
8.565, 0.876396, -0.00139245
8.57, 0.914693, -0.00065229
8.575, 0.980803, -0.00195572
8.58, 0.869439, -0.00134472
8.585, 0.987882, 0.00169152
8.59, 1.00257, -0.00188046
8.595, 0.959389, -0.00137929
8.6, 0.751174, -0.00152357
8.605, 0.96902, -0.00184656
8.61, 0.919627, -0.00228323
8.615, 0.99118, -0.00177496
8.62, 1.02874, 0.000792267
8.625, 1.01569, -0.00194448
8.63, 1.04407, -0.00224617
8.635, 1.0397, 0.00354606
8.64, 1.00262, 0.000984514
8.645, 1.02827, -0.00149489
8.65, 0.943921, 0.00220526
8.655, 0.989457, 0.000331595
8.66, 0.762261, -0.000763994
8.665, 0.865413, -0.0012917
8.67, 0.869029, -0.000677327
8.675, 0.974339, -0.00197288
8.68, 0.839475, -0.00149436
8.685, 0.963141, 0.000681631
8.69, 0.975039, 0.000295595
8.695, 0.93463, -0.00200496
8.7, 0.762211, -0.00204011
8.705, 0.894795, -0.00174642
8.71, 0.897111, -0.00257384
8.715, 0.962575, -0.00195355
8.72, 1.00107, -0.00174443
8.725, 0.989119, -0.000996364
8.73, 1.01971, -0.000538668
8.735, 1.01039, 0.00342937
8.74, 0.974148, 0.000918976
8.745, 0.999842, 4.67886e-05
8.75, 0.915405, 0.00120598
8.755, 0.957948, -0.00132477
8.76, 0.733895, -0.000504293
8.765, 0.833322, -0.00115015
8.77, 0.837494, -0.000618171
8.775, 0.944222, -0.00198842
8.78, 0.811149, -0.00133199
8.785, 0.933033, 1.63002e-05
8.79, 0.942377, -0.00107767
8.795, 0.901681, -0.00101763
8.8, 0.704792, 0.000760045
8.805, 0.911684, -0.00297428
8.81, 0.864452, -0.00285057
8.815, 0.932131, -0.00210276
8.82, 0.966538, -0.00160946
8.825, 0.951758, 0.0011198
8.83, 0.986199, -0.00180246
8.835, 0.977969, 0.00261009
8.84, 0.93527, 0.000459166
8.845, 0.961668, -0.00182589
8.85, 0.87905, 0.00198138
8.855, 0.917845, 0.000142563
8.86, 0.697326, -0.000827376
8.865, 0.795, -0.0012989
8.87, 0.799773, -0.000729268
8.875, 0.905757, -0.00205224
8.88, 0.774288, -0.000797897
8.885, 0.894968, -0.00132988
8.89, 0.902983, -0.000893443
8.895, 0.86222, -0.000950665
8.9, 0.707305, -0.00138931
8.905, 0.822511, -0.00172348
8.91, 0.824382, 0.000117448
8.915, 0.886683, -0.00367546
8.92, 0.922111, 2.2426e-05
8.925, 0.91178, -0.00219675
8.93, 0.93916, 0.000541076
8.935, 0.959193, 0.00372386
8.94, 0.906639, -0.000647265
8.945, 0.884642, -0.00247277
8.95, 0.838949, 0.00149814
8.955, 0.87454, -0.000688268
8.96, 0.671684, 0.0007039
8.965, 0.730466, -0.00107028
8.97, 0.755662, -0.00156303
8.975, 0.855656, -0.00248378
8.98, 0.872424, -0.00166263
8.985, 0.772064, -0.00130979
8.99, 0.829014, -0.000398229
8.995, 0.867002, -0.00143556
9, 0.753796, -0.00111941
9.005, 0.62533, -0.00108688
9.01, 0.838772, -0.00185973
9.015, 0.808653, -0.00210038
9.02, 0.837215, -0.00214964
9.025, 0.814199, -0.00146638
9.03, 0.912622, 0.00133797
9.035, 0.89698, 0.00170422
9.04, 0.884064, 0.00162237
9.045, 0.841559, -0.00103897
9.05, 0.86919, -0.00250183
9.055, 0.786076, 0.00133251
9.06, 0.813429, -0.000228048
9.065, 0.620231, -0.000856141
9.07, 0.679098, -0.000813132
9.075, 0.704082, -0.00156018
9.08, 0.801045, -0.00127971
9.085, 0.812939, -0.00216484
9.09, 0.718262, -0.00160247
9.095, 0.805393, -0.000228581
9.1, 0.807596, -0.00122177
9.105, 0.760697, 0.000654346
9.11, 0.615891, -0.0024017
9.115, 0.719112, -0.00203572
9.12, 0.725137, -0.00228884
9.125, 0.769831, -0.00223447
9.13, 0.810507, -0.00200108
9.135, 0.773845, 0.000929183
9.14, 0.84606, -0.00168547
9.145, 0.834615, 0.00208318
9.15, 0.817642, 0.00168042
9.155, 0.778609, -0.00105129
9.16, 0.800224, -0.0023345
9.165, 0.719409, 0.00191306
9.17, 0.743885, -0.000105083
9.175, 0.667702, -0.00142549
9.18, 0.585491, -0.000973349
9.185, 0.68623, -0.00184236
9.19, 0.678084, -0.00110464
9.195, 0.744911, -0.00227076
9.2, 0.643911, -0.00166756
9.205, 0.699613, 0.000262507
9.21, 0.749616, -0.00103527
9.215, 0.766008, -0.00211212
9.22, 0.608992, -0.0012855
9.225, 0.602757, -0.00162077
9.23, 0.676518, -0.00169067
9.235, 0.674016, -0.00203781
9.24, 0.739755, -0.00199103
9.245, 0.709997, -0.00193506
9.25, 0.724723, 0.000611818
9.255, 0.737719, -0.00181566
9.26, 0.757524, 0.000418954
9.265, 0.759368, 0.00414589
9.27, 0.742755, -0.00116986
9.275, 0.705947, -0.00154977
9.28, 0.718716, -0.00267137
9.285, 0.64459, 0.000942566
9.29, 0.697906, -0.00103879
9.295, 0.657645, -0.000348265
9.3, 0.518223, -0.00199376
9.305, 0.569858, -0.00113488
9.31, 0.568444, -0.000842975
9.315, 0.655216, -0.0010868
9.32, 0.679809, -0.00221368
9.325, 0.587389, -0.00158935
9.33, 0.634943, -0.0011577
9.335, 0.688953, -0.00055041
9.34, 0.672169, -0.00139194
9.345, 0.622648, -0.0014666
9.35, 0.588391, -0.00155562
9.355, 0.505886, -0.00138017
9.36, 0.632974, -0.00198528
9.365, 0.600401, -0.00232509
9.37, 0.65612, -0.00192644
9.375, 0.625355, -0.00183498
9.38, 0.6361, 0.00308691
9.385, 0.634884, -0.00081074
9.39, 0.684431, -0.000904075
9.395, 0.664904, -0.000393627
9.4, 0.665634, -0.000539618
9.405, 0.653385, -0.000213806
9.41, 0.617927, -0.00148904
9.415, 0.620076, -0.00275616
9.42, 0.623379, 0.000528283
9.425, 0.577588, 0.000652703
9.43, 0.562358, -0.000781708
9.435, 0.40584, -0.00166227
9.44, 0.510344, -0.00158197
9.445, 0.535008, -0.00182722
9.45, 0.505318, -0.00158294
9.455, 0.572604, -0.00122991
9.46, 0.601672, -0.00235757
9.465, 0.602353, -0.00196503
9.47, 0.517231, -0.00183559
9.475, 0.545693, -0.0011996
9.48, 0.589332, -0.000566159
9.485, 0.570504, -0.00104678
9.49, 0.604382, -0.00166982
9.495, 0.527933, -0.00161724
9.5, 0.491733, -0.00156884
9.505, 0.422803, -0.00130679
9.51, 0.5255, -0.00216563
9.515, 0.557013, -0.00168777
9.52, 0.505163, 0.000229408
9.525, 0.549002, -0.000747496
9.53, 0.521599, -0.0032798
9.535, 0.551159, -0.00248538
9.54, 0.542185, -0.00170645
9.545, 0.528417, 0.0011008
9.55, 0.56334, -0.00224517
9.555, 0.554042, -0.000124089
9.56, 0.546265, 0.000626853
9.565, 0.548801, -0.000159517
9.57, 0.53586, -0.000627699
9.575, 0.545541, -0.00108173
9.58, 0.457894, -0.00248105
9.585, 0.517817, -0.00290075
9.59, 0.511254, 0.00137085
9.595, 0.450359, 0.000408741
9.6, 0.450244, -0.00132997
9.605, 0.482815, -0.000749888
9.61, 0.325794, -0.000309068
9.615, 0.427883, -0.00164118
9.62, 0.428388, -0.0010387
9.625, 0.466664, -0.00202794
9.63, 0.477739, -0.00185706
9.635, 0.41123, -0.00139132
9.64, 0.45795, -0.00150345
9.645, 0.477593, -0.00232327
9.65, 0.475068, -0.0019317
9.655, 0.489254, -0.00136779
9.66, 0.394541, -0.0014246
9.665, 0.422119, -0.00101972
9.67, 0.455544, -0.000615228
9.675, 0.464392, -0.00100027
9.68, 0.470062, -0.00121855
9.685, 0.446626, -0.00134238
9.69, 0.463599, -0.00167567
9.695, 0.410301, -0.00161507
9.7, 0.347754, -0.00146498
9.705, 0.398973, -0.00142182
9.71, 0.385699, -0.00137264
9.715, 0.384495, -0.00120926
9.72, 0.411577, -0.00156899
9.725, 0.417407, -0.00172445
9.73, 0.428929, -0.00159415
9.735, 0.424552, 0.000127744
9.74, 0.40493, -0.000516618
9.745, 0.396039, -0.00100016
9.75, 0.402722, -0.00309706
9.755, 0.401737, -0.0022118
9.76, 0.380612, -0.000221232
9.765, 0.395825, -0.00245909
9.77, 0.397705, -0.000205678
9.775, 0.379759, -0.00229478
9.78, 0.391121, -0.0015817
9.785, 0.379568, 0.000784614
9.79, 0.389242, -0.00157926
9.795, 0.385393, -0.00135695
9.8, 0.386529, -0.00185293
9.805, 0.380055, -0.00116707
9.81, 0.369059, 0.00107038
9.815, 0.369749, 6.34345e-05
9.82, 0.3713, 0.000828449
9.825, 0.365784, -8.67649e-05
9.83, 0.368027, -0.00178049
9.835, 0.364594, -0.000957046
9.84, 0.360833, -0.00174367
9.845, 0.354808, -0.00166795
9.85, 0.353716, -0.00150551
9.855, 0.350116, -0.00140082
9.86, 0.346384, -0.000738845
9.865, 0.292823, -0.00151768
9.87, 0.309062, -0.00244208
9.875, 0.31412, -0.00186621
9.88, 0.324736, -0.00151032
9.885, 0.324852, -0.00168048
9.89, 0.323636, -0.00203244
9.895, 0.318684, -0.00167902
9.9, 0.316966, 0.000606478
9.905, 0.314904, 0.000537915
9.91, 0.261453, -0.000159828
9.915, 0.283227, -0.0013674
9.92, 0.294447, -0.000213503
9.925, 0.299028, -0.000871113
9.93, 0.300156, -0.000943069
9.935, 0.300752, -0.000984755
9.94, 0.298269, -0.000979379
9.945, 0.295511, -0.00176218
9.95, 0.281047, -0.00153401
9.955, 0.25788, -0.00071289
9.96, 0.267944, -0.00064721
9.965, 0.274108, -0.000902884
9.97, 0.276763, -0.00170045
9.975, 0.276652, -0.00138469
9.98, 0.276206, -0.00121333
9.985, 0.27183, -0.00115555
9.99, 0.269673, -0.00170693
9.995, 0.26739, -0.000928973
10, 0.264729, -0.000822888
