#timestep, Fx, Fy
0.015, 0.390221, -0.00057837
0.03, 20.0116, -0.2311
0.045, 15.1847, 0.15421
0.06, 7.61012, -0.0596853
0.075, 5.27438, -0.00953999
0.09, 3.33251, 0.00908144
0.105, 2.24167, 0.0219423
0.12, 1.5743, 0.0240535
0.135, 1.16787, 0.0172137
0.15, 0.915475, 0.0128735
0.165, 0.749675, 0.00880327
0.18, 0.635793, 0.0104478
0.195, 0.561929, 0.00881475
0.21, 0.505013, 0.00327117
0.225, 0.465159, -0.000609336
0.24, 0.428579, 0.00435472
0.255, 0.393834, -0.000407533
0.27, 0.37059, -0.00115268
0.285, 0.354125, 0.000927697
0.3, 0.331262, 0.00551547
0.315, 0.313855, 0.00338778
0.33, 0.308189, 0.00236307
0.345, 0.290998, 0.00699208
0.36, 0.281714, 0.00339772
0.375, 0.282893, -0.00163676
0.39, 0.272429, -0.0036909
0.405, 0.268893, 0.00163606
0.42, 0.257304, 0.00267249
0.435, 0.253139, -0.000721353
0.45, 0.246682, 0.00470732
0.465, 0.234129, 0.0055924
0.48, 0.232393, 0.00177404
0.495, 0.227997, -0.00225744
0.51, 0.223102, -0.000972104
0.525, 0.218497, 0.00270391
0.54, 0.212915, 0.00398513
0.555, 0.212632, 0.00306246
0.57, 0.218009, -0.00286511
0.585, 0.225054, 0.000407453
0.6, 0.215355, 0.000927096
0.615, 0.219075, 0.00288049
0.63, 0.214247, 0.00411736
0.645, 0.216589, 0.000133873
0.66, 0.210491, -0.00269753
0.675, 0.212605, 0.00165816
0.69, 0.204197, 0.00342155
0.705, 0.208624, 0.000163309
0.72, 0.218847, -0.000923867
0.735, 0.225391, 0.000221736
0.75, 0.222785, 0.00178324
0.765, 0.226171, 0.00305285
0.78, 0.221182, 0.00115069
0.795, 0.221489, -0.0027212
0.81, 0.221882, 0.00101113
0.825, 0.221401, 0.00440959
0.84, 0.230176, -0.00281012
0.855, 0.243837, -0.000879646
0.87, 0.240429, 0.00208387
0.885, 0.247073, 0.00263792
0.9, 0.245054, -0.00197167
0.915, 0.242525, 0.0014157
0.93, 0.244571, 0.00178755
0.945, 0.250108, -0.000994597
0.96, 0.265994, -0.00030479
0.975, 0.267307, -0.00292602
0.99, 0.269281, 0.00299465
1.005, 0.272626, 0.0005621
1.02, 0.272196, -0.00077995
1.035, 0.277098, 0.00168052
1.05, 0.279449, -5.68962e-05
1.065, 0.297054, 1.26891e-05
1.08, 0.301212, -0.00131487
1.095, 0.302376, 0.00337616
1.11, 0.306283, 3.6159e-05
1.125, 0.30857, 0.000159786
1.14, 0.311414, 0.00195779
1.155, 0.319586, -0.000603332
1.17, 0.333064, -0.00159965
1.185, 0.339531, -0.000124358
1.2, 0.344826, 0.0027467
1.215, 0.34455, -0.000825113
1.23, 0.347792, 0.00015922
1.245, 0.353779, 0.00233985
1.26, 0.361405, -0.00353775
1.275, 0.380237, -0.00191833
1.29, 0.381493, 0.00209055
1.305, 0.387106, 0.000868317
1.32, 0.389755, -0.000369239
1.335, 0.395487, 0.000792838
1.35, 0.399567, 0.000514938
1.365, 0.412084, -0.00109539
1.38, 0.425532, -0.00382483
1.395, 0.429104, 0.00305127
1.41, 0.432675, 0.00229031
1.425, 0.436985, -0.000496249
1.44, 0.442698, 0.00150991
1.455, 0.453071, -0.00130655
1.47, 0.468645, -0.00211279
1.485, 0.475494, -0.00170661
1.5, 0.48208, 0.00358513
1.515, 0.483647, -0.00142213
1.53, 0.488707, 0.0022446
1.545, 0.493247, 0.00184593
1.56, 0.506151, -0.00181731
1.575, 0.524756, -0.00262449
1.59, 0.529054, -0.00272075
1.605, 0.535565, 0.00353515
1.62, 0.5391, -0.000938962
1.635, 0.541365, -0.000609107
1.65, 0.549614, 0.00168985
1.665, 0.5605, 0.000845072
1.68, 0.5766, -0.00138097
1.695, 0.585026, -0.00609214
1.71, 0.59013, 0.0029995
1.725, 0.597925, -0.000320755
1.74, 0.597833, -0.000385636
1.755, 0.611666, 0.00127007
1.77, 0.611779, 0.00280215
1.785, 0.627475, -0.00139691
1.8, 0.645009, -0.00140207
1.815, 0.65003, -0.00588477
1.83, 0.655855, 0.0026921
1.845, 0.661958, 0.000991989
1.86, 0.667953, -0.000300095
1.875, 0.667488, 0.000614836
1.89, 0.682374, 0.000647118
1.905, 0.688943, 0.00342654
1.92, 0.700279, -0.004748
1.935, 0.719277, -0.000669996
1.95, 0.721488, -0.00492743
1.965, 0.730441, 0.00314906
1.98, 0.735133, 0.00410642
1.995, 0.74468, -0.000310446
2.01, 0.743512, -0.00248014
2.025, 0.752039, -0.00042807
2.04, 0.760535, 0.000624563
2.055, 0.768847, 0.00342834
2.07, 0.781399, 0.000411838
2.085, 0.793031, -0.00539443
2.1, 0.806801, -0.000907402
2.115, 0.81406, -0.00156762
2.13, 0.82134, -0.0029017
2.145, 0.826157, 0.00412804
2.16, 0.823001, 0.00218737
2.175, 0.839403, -0.00170838
2.19, 0.844767, 0.000737672
2.205, 0.844329, -0.00259019
2.22, 0.855295, 0.000186424
2.235, 0.86487, 0.00239713
2.25, 0.87011, -0.00115305
2.265, 0.877994, 0.00110519
2.28, 0.886917, 0.00245405
2.295, 0.896012, 0.00273903
2.31, 0.905019, -2.09022e-05
2.325, 0.91586, -0.0014817
2.34, 0.926296, -0.00669339
2.355, 0.928241, -0.00414731
2.37, 0.94165, 0.000179037
2.385, 0.946234, 0.000877725
2.4, 0.952042, -0.00164826
2.415, 0.958518, -0.00109997
2.43, 0.963961, 0.000125443
2.445, 0.968288, -0.000795722
2.46, 0.973688, -0.00401722
2.475, 0.983864, -0.00324689
2.49, 0.987075, -0.00276434
2.505, 0.997088, -0.00117323
2.52, 1.00511, -0.000694961
2.535, 1.0098, -0.000765578
2.55, 1.01524, -0.000558627
2.565, 1.01808, 0.000557376
2.58, 1.0273, -0.000746261
2.595, 1.02914, 0.000808685
2.61, 1.03706, 0.00538249
2.625, 1.04914, 0.00250152
2.64, 1.05416, 0.00145593
2.655, 1.05842, 0.00103934
2.67, 1.06602, -0.000209352
2.685, 1.06804, 0.00151167
2.7, 1.07484, -0.00292547
2.715, 1.07886, -0.00191848
2.73, 1.08989, 0.00341334
2.745, 1.09035, 0.00269235
2.76, 1.08704, 0.00866942
2.775, 1.10039, 0.00412234
2.79, 1.11174, -0.00335646
2.805, 1.12076, -0.00464519
2.82, 1.13031, 0.000804438
2.835, 1.12334, -0.00661803
2.85, 1.12941, -0.00204486
2.865, 1.14346, 0.00125524
2.88, 1.13949, -0.000753459
2.895, 1.13948, 0.00645621
2.91, 1.14773, -0.000695828
2.925, 1.15528, -0.00781531
2.94, 1.14942, 0.000984818
2.955, 1.15336, -0.00106254
2.97, 1.16036, -0.00427527
2.985, 1.1625, 0.00570642
3, 1.16758, 0.0100053
3.015, 1.16989, -0.000724869
3.03, 1.18732, -4.49289e-05
3.045, 1.18783, -0.00813389
3.06, 1.19627, -0.000983591
3.075, 1.18031, 0.00189111
3.09, 1.18825, 0.000937493
3.105, 1.19307, -0.0124529
3.12, 1.18725, 0.00117367
3.135, 1.18804, -0.00152018
3.15, 1.18771, 0.0098572
3.165, 1.19276, 0.00502565
3.18, 1.21658, 0.0010396
3.195, 1.21002, -0.00626449
3.21, 1.22043, -0.00439825
3.225, 1.19623, 0.00424661
3.24, 1.21618, -0.00814359
3.255, 1.20402, 0.00217438
3.27, 1.20294, -0.00317137
3.285, 1.20426, 0.0128534
3.3, 1.21168, 0.000855147
3.315, 1.22845, -0.00530135
3.33, 1.2289, 0.000168196
3.345, 1.20019, 0.00150076
3.36, 1.21904, -0.00779789
3.375, 1.20594, 0.00247537
3.39, 1.20499, -0.00472654
3.405, 1.20459, 0.0131489
3.42, 1.21119, -0.000100393
3.435, 1.22221, -0.0071608
3.45, 1.22486, -0.00202865
3.465, 1.20272, 0.0048394
3.48, 1.20364, -0.00494307
3.495, 1.18945, -0.00314439
3.51, 1.19633, 0.0159011
3.525, 1.19467, -0.000319951
3.54, 1.21266, -0.0094605
3.555, 1.2158, -0.00273702
3.57, 1.18666, 0.00443057
3.585, 1.19202, -0.00483611
3.6, 1.17407, -0.00392982
3.615, 1.17654, 0.0125021
3.63, 1.18047, 0.000827342
3.645, 1.19165, -0.0080841
3.66, 1.18187, 0.00120937
3.675, 1.16875, -0.00262085
3.69, 1.1556, -0.00153633
3.705, 1.15709, 0.00172644
3.72, 1.15304, 0.00731616
3.735, 1.15022, -0.00407465
3.75, 1.1635, -0.00261278
3.765, 1.1299, 0.00125845
3.78, 1.13529, -0.0112332
3.795, 1.12556, 0.00440363
3.81, 1.11421, 0.0104172
3.825, 1.11574, 0.0033646
3.84, 1.13235, -0.00823713
3.855, 1.11821, -0.0049728
3.87, 1.09496, -0.000244055
3.885, 1.08107, -0.0037121
3.9, 1.07295, -0.00184605
3.915, 1.07165, 0.012629
3.93, 1.06997, -0.000207697
3.945, 1.0796, -0.00718434
3.96, 1.06509, -0.00130273
3.975, 1.04235, 0.00107407
3.99, 1.03658, -0.00225895
4.005, 1.02444, -0.00426456
4.02, 1.02023, 0.0109993
4.035, 1.02089, -0.000413363
4.05, 1.02234, -0.0095551
4.065, 0.998301, 0.00270679
4.08, 0.986031, 0.000635261
4.095, 0.977372, -0.00224109
4.11, 0.964172, -0.00487407
4.125, 0.956341, 0.0103983
4.14, 0.952893, -0.000549116
4.155, 0.957658, -0.00765892
4.17, 0.945777, -0.00286952
4.185, 0.918204, 0.00212079
4.2, 0.905652, -0.00732024
4.215, 0.901254, 0.00322745
4.23, 0.89491, 0.00514665
4.245, 0.876353, 0.00451641
4.26, 0.888973, -0.00220071
4.275, 0.87631, -0.00780702
4.29, 0.857695, 0.00068836
4.305, 0.839358, 0.000678906
4.32, 0.829703, -0.0100183
4.335, 0.811912, 0.0030222
4.35, 0.817088, 0.000627375
4.365, 0.797599, 0.00932172
4.38, 0.792512, -0.00242771
4.395, 0.796128, -0.00688387
4.41, 0.777667, -0.00105734
4.425, 0.752308, 0.00052401
4.44, 0.743818, 0.000481195
4.455, 0.73639, -0.00847665
4.47, 0.721593, 0.000562829
4.485, 0.710145, -0.00292468
4.5, 0.699826, 0.00433413
4.515, 0.690108, 0.00753076
4.53, 0.688436, -0.00214653
4.545, 0.684215, -0.00485135
4.56, 0.666733, -0.00278157
4.575, 0.659823, -0.00162743
4.59, 0.632781, 0.00154827
4.605, 0.61959, 0.00168984
4.62, 0.621268, -0.00630773
4.635, 0.603429, 0.000374279
4.65, 0.593228, -0.001213
4.665, 0.586761, -0.00147596
4.68, 0.576329, -0.0032616
4.695, 0.560423, 0.00767812
4.71, 0.551524, 0.00565033
4.725, 0.547586, -0.0027712
4.74, 0.542706, -0.00516156
4.755, 0.536718, -0.000607996
4.77, 0.516739, -0.00553982
4.785, 0.502887, -0.00340047
4.8, 0.496575, -0.00272115
4.815, 0.48717, -0.000421686
4.83, 0.473201, -0.0016287
4.845, 0.461488, 0.00258726
4.86, 0.45251, 0.00348147
4.875, 0.439787, 0.000313522
4.89, 0.431944, -0.00144551
4.905, 0.430095, -0.00214599
4.92, 0.41853, -0.00115333
4.935, 0.407986, -0.00214238
4.95, 0.401191, -0.00326766
4.965, 0.394742, -0.0021985
4.98, 0.383156, -0.000609337
4.995, 0.372916, -0.00283382
5.01, 0.362511, -0.00233494
5.025, 0.355901, -0.00171451
5.04, 0.348946, -0.00153113
5.055, 0.343244, -0.00114348
5.07, 0.334976, 0.00127488
5.085, 0.326369, 0.00185621
5.1, 0.322842, -0.000740047
5.115, 0.314387, -0.000856802
5.13, 0.302512, 0.00106413
5.145, 0.293694, 0.00027501
5.16, 0.291261, -0.000955689
5.175, 0.281191, 0.000162078
5.19, 0.275668, -6.94061e-05
5.205, 0.27311, -0.00012025
5.22, 0.268811, -0.0014979
5.235, 0.263181, -0.00292563
5.25, 0.255661, -0.00328932
5.265, 0.248784, -0.00246381
5.28, 0.242222, -0.00162684
5.295, 0.235095, -0.0011005
5.31, 0.23199, 0.00185847
5.325, 0.22743, -0.000601426
5.34, 0.21739, 0.000992813
5.355, 0.215858, 0.00331467
5.37, 0.213029, -0.00255471
5.385, 0.209514, -0.00510126
5.4, 0.209673, -0.00193704
5.415, 0.202497, -0.00217174
5.43, 0.197129, -0.00341308
5.445, 0.199269, 0.000490555
5.46, 0.191624, 0.000698338
5.475, 0.193702, -0.000832544
5.49, 0.191393, -0.00150002
5.505, 0.185487, -0.00324175
5.52, 0.180176, 0.000818482
5.535, 0.175004, -0.000659057
5.55, 0.172129, 0.00149328
5.565, 0.170723, -0.00254799
5.58, 0.177702, -0.00249837
5.595, 0.16977, -0.00272386
5.61, 0.172064, -0.00215296
5.625, 0.172132, 0.000161832
5.64, 0.171116, -0.00138742
5.655, 0.169658, -0.00385535
5.67, 0.166753, -0.000288957
5.685, 0.16285, -5.66239e-05
5.7, 0.158531, 0.00148368
5.715, 0.165777, -0.00380499
5.73, 0.167886, -0.00242846
5.745, 0.166641, -0.00112247
5.76, 0.169726, -0.000122637
5.775, 0.170989, -0.00263153
5.79, 0.171398, -0.0028743
5.805, 0.166341, -0.000242766
5.82, 0.16611, 0.00112528
5.835, 0.16678, -0.00192055
5.85, 0.178177, -0.00320418
5.865, 0.174345, -0.00181209
5.88, 0.178823, -0.000512219
5.895, 0.181959, -0.00198654
5.91, 0.181082, -0.00223865
5.925, 0.17935, -0.00134205
5.94, 0.180221, 0.000372945
5.955, 0.186452, -0.00257167
5.97, 0.190425, -0.00287866
5.985, 0.195825, -0.000499427
6, 0.201044, -0.00186373
6.015, 0.203437, -0.00247567
6.03, 0.199422, -0.00152616
6.045, 0.200163, 0.000351476
6.06, 0.208634, -0.00358369
6.075, 0.214829, -0.00277189
6.09, 0.219577, -8.96661e-05
6.105, 0.226578, -0.00237117
6.12, 0.227815, -0.00180122
6.135, 0.226373, -0.00195368
6.15, 0.230116, -0.00044819
6.165, 0.239704, -0.00232992
6.18, 0.244519, -0.00383536
6.195, 0.251046, -0.000117925
6.21, 0.257779, -0.00117064
6.225, 0.25686, -0.00124918
6.24, 0.255758, -0.000548108
6.255, 0.266496, -0.00278069
6.27, 0.277238, -0.00368265
6.285, 0.283451, -0.00178319
6.3, 0.288593, -0.000914992
6.315, 0.291807, -0.00242974
6.33, 0.295593, -0.00120309
6.345, 0.296358, 0.000252631
6.36, 0.306421, -0.00476703
6.375, 0.317456, -0.00431825
6.39, 0.323017, -0.000820402
6.405, 0.329796, -0.0019197
6.42, 0.332847, -0.00145791
6.435, 0.335765, -0.0030723
6.45, 0.341307, -0.000540733
6.465, 0.352252, -0.00351445
6.48, 0.361178, -0.00553732
6.495, 0.366456, 0.000126056
6.51, 0.375667, -0.00132824
6.525, 0.3759, -0.00212897
6.54, 0.381378, -0.00196604
6.555, 0.387115, -0.00151391
6.57, 0.402702, -0.0031338
6.585, 0.408595, -0.00547908
6.6, 0.415681, 7.70727e-05
6.615, 0.423499, -0.00118063
6.63, 0.42734, -0.00249921
6.645, 0.431452, -0.002672
6.66, 0.436161, -0.000532186
6.675, 0.447514, -0.00514359
6.69, 0.462002, -0.00359845
6.705, 0.467432, -0.00140358
6.72, 0.472784, -0.00146244
6.735, 0.479222, -0.0033495
6.75, 0.48354, -0.000181564
6.765, 0.483813, -0.00273419
6.78, 0.497739, -0.00181772
6.795, 0.50986, -0.00410121
6.81, 0.521343, -0.00450685
6.825, 0.526375, -0.00135691
6.84, 0.533201, -0.000293736
6.855, 0.540612, -0.00186777
6.87, 0.540807, -0.00349357
6.885, 0.547323, -0.00359621
6.9, 0.551942, -0.000956511
6.915, 0.5666, -0.0019012
6.93, 0.583112, -0.00414247
6.945, 0.586126, -0.00531398
6.96, 0.593933, -0.00444834
6.975, 0.596162, 0.000711147
6.99, 0.606883, -0.00348946
7.005, 0.612209, -0.00300716
7.02, 0.615029, -0.00223873
7.035, 0.623169, -0.000849002
7.05, 0.627201, -0.00200476
7.065, 0.638294, -0.00122049
7.08, 0.651525, -0.00480986
7.095, 0.665556, -0.00420922
7.11, 0.669106, -0.00457679
7.125, 0.673627, -0.00741864
7.14, 0.683286, -0.00117065
7.155, 0.681198, 0.00147658
7.17, 0.693982, -0.00137255
7.185, 0.702564, -0.00278462
7.2, 0.704644, -0.00489592
7.215, 0.708111, -0.00380335
7.23, 0.716517, -0.0025651
7.245, 0.726515, -0.000791222
7.26, 0.733649, -0.00251337
7.275, 0.737371, -0.00126195
7.29, 0.745589, 0.000127813
7.305, 0.755497, -0.00257557
7.32, 0.766795, -0.00589618
7.335, 0.775796, -0.00782383
7.35, 0.779638, -0.00500107
7.365, 0.788775, -0.00132541
7.38, 0.793573, -0.00226467
7.395, 0.799503, -0.00434187
7.41, 0.80671, -0.00327136
7.425, 0.812, -0.0027975
7.44, 0.816878, -0.00288205
7.455, 0.82186, -0.00257897
7.47, 0.832253, -0.00642481
7.485, 0.835114, -0.00484281
7.5, 0.841784, -0.0047956
7.515, 0.849272, -0.00402311
7.53, 0.854796, -0.00388481
7.545, 0.859531, -0.00360318
7.56, 0.862642, -0.00226206
7.575, 0.871197, -0.00287168
7.59, 0.879429, -0.00122098
7.605, 0.87829, 0.00196679
7.62, 0.887569, -2.75995e-05
7.635, 0.895978, -0.00101656
7.65, 0.902916, -0.0022332
7.665, 0.904005, -0.00228714
7.68, 0.911716, -0.00166957
7.695, 0.918771, -0.00227847
7.71, 0.921165, -0.00596423
7.725, 0.92262, -0.00340344
7.74, 0.933186, -0.000848848
7.755, 0.934681, 0.00366729
7.77, 0.930546, 0.00568773
7.785, 0.949398, -0.00196386
7.8, 0.956892, -0.0066341
7.815, 0.96567, -0.00559571
7.83, 0.957556, -0.00666661
7.845, 0.969684, -0.00455333
7.86, 0.979273, -0.00236553
7.875, 0.977779, -0.00145255
7.89, 0.977497, -2.97659e-05
7.905, 0.974109, 0.00155876
7.92, 0.99405, -0.00616982
7.935, 0.989455, -0.00943617
7.95, 0.99704, -0.00058514
7.965, 0.998019, 5.46498e-05
7.98, 1.00407, -0.00125099
7.995, 0.996675, 0.00453736
8.01, 1.0021, 0.00177531
8.025, 1.01444, -0.00437133
8.04, 1.02475, -0.00781754
8.055, 1.02908, -0.00341294
8.07, 1.02515, -0.00347553
8.085, 1.0164, 0.00466076
8.1, 1.03697, -0.00947157
8.115, 1.02836, 0.000164889
8.13, 1.03116, -0.000143845
8.145, 1.03657, -0.00129668
8.16, 1.03081, 0.00714094
8.175, 1.0324, -0.00441786
8.19, 1.05123, -0.00543148
8.205, 1.05619, 0.00119951
8.22, 1.0382, 0.000270166
8.235, 1.04772, -0.00340917
8.25, 1.04544, -0.00371719
8.265, 1.04118, -0.00171607
8.28, 1.04975, 0.00128998
8.295, 1.04183, 0.00259242
8.31, 1.06049, -0.00139077
8.325, 1.06128, -0.00700622
8.34, 1.05235, 0.00106038
8.355, 1.05407, -0.00194945
8.37, 1.05667, -0.00369878
8.385, 1.04054, -0.00312394
8.4, 1.0477, 0.00901856
8.415, 1.04978, 0.00109939
8.43, 1.06913, -0.00556515
8.445, 1.06702, -0.000843198
8.46, 1.03663, 0.00215679
8.475, 1.05016, -0.0109258
8.49, 1.04663, 0.00326811
8.505, 1.04399, 0.00370895
8.52, 1.03853, 0.00488584
8.535, 1.05041, -0.00372339
8.55, 1.06242, -0.000244822
8.565, 1.0278, 0.000636598
8.58, 1.03932, -0.00926585
8.595, 1.03698, 0.00375858
8.61, 1.02979, 0.00769922
8.625, 1.02328, 0.00271855
8.64, 1.04567, -0.00543469
8.655, 1.03766, -0.00294486
8.67, 1.01904, 0.000378133
8.685, 1.01102, -0.000638897
8.7, 1.00448, -0.00118142
8.715, 1.00553, 0.0123877
8.73, 1.00681, 0.00101795
8.745, 1.01474, -0.00750877
8.76, 1.00768, 0.00198066
8.775, 0.995286, -0.000353652
8.79, 0.985509, 0.0010809
8.805, 0.982791, 0.00115311
8.82, 0.977537, 0.00698423
8.835, 0.974053, -0.00296094
8.85, 0.985191, -3.77418e-05
8.865, 0.9529, 0.00226423
8.88, 0.961147, -0.0086844
8.895, 0.951307, 0.00503796
8.91, 0.94348, 0.0043515
8.925, 0.936234, 0.00420811
8.94, 0.950275, -0.00394063
8.955, 0.937792, -0.000411801
8.97, 0.911963, 0.00302489
8.985, 0.907615, -0.000490146
9, 0.8977, -0.00174651
9.015, 0.895192, 0.0136701
9.03, 0.895065, 0.00198293
9.045, 0.904661, -0.00745258
9.06, 0.890343, -0.000772565
9.075, 0.861061, 0.00362894
9.09, 0.856894, -0.00106463
9.105, 0.846252, 0.00199241
9.12, 0.848332, 0.00796231
9.135, 0.834506, 0.00313507
9.15, 0.846746, -0.00546321
9.165, 0.832934, 0.00215744
9.18, 0.799555, 0.00251666
9.195, 0.808334, -0.00366803
9.21, 0.794001, 0.000945769
9.225, 0.785621, 0.00284177
9.24, 0.77232, 0.0104416
9.255, 0.766824, 0.000742125
9.27, 0.776279, -0.00645359
9.285, 0.760398, -0.00186874
9.3, 0.727217, 0.00561058
9.315, 0.734464, -0.00157445
9.33, 0.718545, 0.00177153
9.345, 0.710652, -0.00213413
9.36, 0.699077, 0.00979744
9.375, 0.694073, 0.00486108
9.39, 0.693751, -0.00319462
9.405, 0.682392, -0.00277023
9.42, 0.668697, 0.000949333
9.435, 0.644936, 0.00636727
9.45, 0.650295, -0.00415813
9.465, 0.634442, 0.00286144
9.48, 0.627229, 0.00227494
9.495, 0.617309, 0.00163088
9.51, 0.602695, 0.00852758
9.525, 0.594675, 0.00199222
9.54, 0.596963, 4.97102e-05
9.555, 0.585493, -0.00477661
9.57, 0.571955, 0.000787363
9.585, 0.554393, 7.99324e-05
9.6, 0.535923, 0.00459453
9.615, 0.537905, 0.00113902
9.63, 0.520514, -0.00415238
9.645, 0.519936, 0.00149082
9.66, 0.51007, 0.00353591
9.675, 0.49891, -0.00124049
9.69, 0.489472, 0.00373996
9.705, 0.475016, 0.00844843
9.72, 0.471081, 0.0031087
9.735, 0.466903, -0.00102036
9.75, 0.460167, -0.000200308
9.765, 0.444369, -0.00299577
9.78, 0.436935, -0.000508244
9.795, 0.425182, 0.000131302
9.81, 0.414595, 0.00156099
9.825, 0.408966, 0.00112892
9.84, 0.396712, 0.00139525
9.855, 0.386241, 0.00561314
9.87, 0.374227, 0.00307767
9.885, 0.366434, 0.00190486
9.9, 0.362444, 0.000406505
9.915, 0.356216, 0.00107974
9.93, 0.349418, 4.53821e-05
9.945, 0.337895, -0.000651957
9.96, 0.334446, 0.000578605
9.975, 0.323739, 0.00204712
9.99, 0.316304, 0.000741739
