#timestep, Fx, Fy
0.01, 0.389939, -0.00054862
0.02, 28.3495, -0.331942
0.03, 21.4519, 0.139028
0.04, 12.0245, -0.0557337
0.05, 7.92933, -0.00977968
0.06, 5.09773, 0.0232022
0.07, 3.40927, 0.0294206
0.08, 2.37837, 0.024595
0.09, 1.74835, 0.0148343
0.1, 1.3453, 0.0255634
0.11, 1.0791, 0.0286118
0.12, 0.897797, 0.019514
0.13, 0.77139, 0.0164356
0.14, 0.685399, 0.0102974
0.15, 0.617325, 0.00800547
0.16, 0.562179, 0.00725169
0.17, 0.52242, 0.00844003
0.18, 0.484479, 0.00743917
0.19, 0.466208, 0.00125303
0.2, 0.445493, 0.000195978
0.21, 0.426731, -0.00305022
0.22, 0.404842, 8.12928e-05
0.23, 0.388471, 0.00149224
0.24, 0.369955, 0.0021549
0.25, 0.355079, -0.00114475
0.26, 0.338569, 0.00224688
0.27, 0.329252, 0.00164308
0.28, 0.315802, 0.00120411
0.29, 0.309233, 0.00634424
0.3, 0.306364, 0.00213816
0.31, 0.295617, 0.00140562
0.32, 0.292398, 0.00733838
0.33, 0.283855, 0.00525151
0.34, 0.281091, 0.00409578
0.35, 0.274104, 0.000745523
0.36, 0.278173, -0.00351912
0.37, 0.265514, -0.00613997
0.38, 0.263196, -0.00398136
0.39, 0.262912, 0.0033073
0.4, 0.256075, 0.00133396
0.41, 0.249826, 0.000462479
0.42, 0.239162, -0.0052322
0.43, 0.243424, 0.00111589
0.44, 0.23249, 0.00869587
0.45, 0.221866, 0.00647942
0.46, 0.223054, 0.00394258
0.47, 0.223698, -0.000841891
0.48, 0.218273, 0.000252691
0.49, 0.212457, -0.0028223
0.5, 0.211968, -0.000419314
0.51, 0.207029, 0.00598974
0.52, 0.205128, 0.000474473
0.53, 0.211104, 0.00414853
0.54, 0.209984, 0.0088878
0.55, 0.211587, -0.002152
0.56, 0.217881, -0.00688585
0.57, 0.222551, -0.000290642
0.58, 0.216857, -0.000693727
0.59, 0.212265, -0.000605635
0.6, 0.21477, -0.00319986
0.61, 0.210886, 0.00577138
0.62, 0.203007, 0.00514392
0.63, 0.205241, 0.000256366
0.64, 0.205994, -0.00066697
0.65, 0.202213, -0.00217975
0.66, 0.198578, 0.00198488
0.67, 0.196537, 0.00115646
0.68, 0.202824, 0.00469612
0.69, 0.206609, 0.0055163
0.7, 0.216829, -0.00140956
0.71, 0.219965, -0.00370891
0.72, 0.220991, -0.00171528
0.73, 0.217694, -0.00587786
0.74, 0.219041, 0.00344017
0.75, 0.213794, 0.00521495
0.76, 0.217428, 0.00261467
0.77, 0.217073, 0.00184705
0.78, 0.214716, -0.00311572
0.79, 0.211854, 0.00293195
0.8, 0.212742, -8.52997e-05
0.81, 0.219477, 0.00628892
0.82, 0.223608, 0.000892499
0.83, 0.235397, -0.00599067
0.84, 0.242496, -0.00230315
0.85, 0.234104, -0.00474714
0.86, 0.238551, 0.00235173
0.87, 0.236185, 0.00503234
0.88, 0.238141, -3.63721e-05
0.89, 0.239641, -0.00108143
0.9, 0.236484, -0.00148707
0.91, 0.236187, 0.00359499
0.92, 0.24056, 0.00305716
0.93, 0.247177, 0.0028393
0.94, 0.256189, -0.00462541
0.95, 0.269219, -0.000392275
0.96, 0.263905, -0.000975462
0.97, 0.265371, 0.000528368
0.98, 0.264022, 0.00387594
0.99, 0.265673, 0.000490853
1, 0.26788, -0.00297111
1.01, 0.265228, -0.00119447
1.02, 0.26787, 0.00130859
1.03, 0.273984, 0.00597897
1.04, 0.281685, 0.000897749
1.05, 0.292872, -0.00491175
1.06, 0.299499, -0.0014325
1.07, 0.297955, -0.00195513
1.08, 0.29971, 0.0024339
1.09, 0.298415, 0.00349517
1.1, 0.302878, -3.25325e-05
1.11, 0.30118, -0.00118233
1.12, 0.302103, 0.00154453
1.13, 0.306635, 0.0027527
1.14, 0.317005, 0.000475902
1.15, 0.326148, -0.00454648
1.16, 0.335291, -0.00133702
1.17, 0.334242, -0.00411376
1.18, 0.339181, 0.00317465
1.19, 0.336635, 0.00425927
1.2, 0.342205, 0.000924853
1.21, 0.340545, -0.000689961
1.22, 0.342221, 0.00129138
1.23, 0.345867, 0.00222784
1.24, 0.35461, 0.00324651
1.25, 0.367755, -0.00509943
1.26, 0.37682, -0.00231422
1.27, 0.376338, -0.00516927
1.28, 0.381831, 0.00318848
1.29, 0.378248, 0.00246945
1.3, 0.385123, 0.000499402
1.31, 0.382878, -0.000733675
1.32, 0.386383, 0.00201288
1.33, 0.390544, 0.00244243
1.34, 0.401605, 0.00266131
1.35, 0.412445, -0.00516421
1.36, 0.421565, -0.00205332
1.37, 0.421909, -0.00509582
1.38, 0.427444, 0.00264748
1.39, 0.425035, 0.00372349
1.4, 0.431894, 0.00111677
1.41, 0.429685, -0.00118357
1.42, 0.433917, 0.00164577
1.43, 0.438441, 0.00208355
1.44, 0.448644, 0.00353715
1.45, 0.459608, -0.00542568
1.46, 0.473079, -0.00294832
1.47, 0.469033, -0.00550401
1.48, 0.476096, 0.00394239
1.49, 0.4749, 0.00347222
1.5, 0.483416, 0.000330924
1.51, 0.477789, -0.00218438
1.52, 0.487892, 0.00386066
1.53, 0.487429, -9.98459e-05
1.54, 0.497127, 0.00301932
1.55, 0.511282, -0.00188822
1.56, 0.523141, -0.00242347
1.57, 0.524372, -0.00368198
1.58, 0.527043, -0.00266141
1.59, 0.524807, 0.00412982
1.6, 0.534238, -0.000644168
1.61, 0.537007, 0.000607422
1.62, 0.536451, -0.00103582
1.63, 0.542161, 0.00225317
1.64, 0.546194, 0.00191728
1.65, 0.556222, 0.00375693
1.66, 0.567687, -0.00562054
1.67, 0.582054, -0.00112836
1.68, 0.585139, -0.00272186
1.69, 0.585336, -0.00447066
1.7, 0.586639, 0.00365009
1.71, 0.591776, 0.00247349
1.72, 0.597425, 0.00183698
1.73, 0.591155, -0.00167188
1.74, 0.604548, 0.00173002
1.75, 0.60579, 3.07335e-05
1.76, 0.610568, 0.00568525
1.77, 0.625459, -0.000557442
1.78, 0.635804, -0.00747336
1.79, 0.646098, -0.00118019
1.8, 0.65021, -0.0026666
1.81, 0.650366, -0.0053981
1.82, 0.654724, 0.00383148
1.83, 0.65506, 0.00425145
1.84, 0.662881, -0.000576128
1.85, 0.664671, -0.00139199
1.86, 0.661669, -0.000311287
1.87, 0.674258, 0.00484024
1.88, 0.677515, -0.00104339
1.89, 0.682319, 0.00352043
1.9, 0.695588, 0.00113891
1.91, 0.70508, -0.00674746
1.92, 0.718142, -0.00124118
1.93, 0.719244, -0.00245149
1.94, 0.718346, -0.00684723
1.95, 0.728158, -0.00021489
1.96, 0.728653, 0.00485698
1.97, 0.729892, 0.00468454
1.98, 0.737739, -0.0016821
1.99, 0.741352, 0.000465764
2, 0.737762, -0.00298295
2.01, 0.749299, -0.000247166
2.02, 0.753429, 0.00640018
2.03, 0.759712, -0.000290579
2.04, 0.764868, 0.00210077
2.05, 0.771115, 0.00346314
2.06, 0.782881, -0.00167166
2.07, 0.794871, -0.00362213
2.08, 0.797333, -0.00655424
2.09, 0.804847, 8.26457e-05
2.1, 0.812367, -0.00111845
2.11, 0.809273, -0.00240793
2.12, 0.818754, -0.00305721
2.13, 0.818494, 0.0025921
2.14, 0.818404, 0.00297741
2.15, 0.819535, 0.00356576
2.16, 0.830776, 0.00147505
2.17, 0.839273, -0.00143761
2.18, 0.842515, -0.000419896
2.19, 0.840623, -0.00161901
2.2, 0.84161, -0.00213764
2.21, 0.854001, -0.000231173
2.22, 0.851768, -0.000203211
2.23, 0.866673, 0.0062041
2.24, 0.869588, -0.00289884
2.25, 0.873257, -9.61715e-05
2.26, 0.880314, 0.00102927
2.27, 0.887953, 0.00354855
2.28, 0.89191, 0.0042133
2.29, 0.899054, -0.000405783
2.3, 0.903732, -0.000737229
2.31, 0.915485, -0.00136711
2.32, 0.922549, -0.00346137
2.33, 0.922089, -0.00869563
2.34, 0.924687, -0.00528897
2.35, 0.927908, -0.00162547
2.36, 0.939404, 0.00211982
2.37, 0.942899, 0.00228722
2.38, 0.946642, -0.0011451
2.39, 0.947964, -0.00136092
2.4, 0.953767, 0.000115156
2.41, 0.957694, 0.000122632
2.42, 0.966733, 3.50194e-05
2.43, 0.967445, -0.00156678
2.44, 0.968933, -0.00104733
2.45, 0.9669, -0.00542254
2.46, 0.981852, -0.00402651
2.47, 0.979899, -0.00353897
2.48, 0.988563, -0.00293066
2.49, 0.985532, -0.00231215
2.5, 0.99934, -0.00132444
2.51, 1.00223, -0.000432653
2.52, 1.00517, 0.000125193
2.53, 1.00869, -9.70088e-05
2.54, 1.01286, 1.91362e-05
2.55, 1.01247, 0.000247473
2.56, 1.01546, -0.000490767
2.57, 1.02595, -0.000513952
2.58, 1.02734, 0.00227958
2.59, 1.02645, 0.00175211
2.6, 1.03343, 0.00655617
2.61, 1.03982, 0.00461303
2.62, 1.04645, 0.00301439
2.63, 1.05053, 0.00152799
2.64, 1.05187, 0.00151877
2.65, 1.05338, -0.000452917
2.66, 1.05984, -0.000482177
2.67, 1.05981, 0.0018322
2.68, 1.06807, 0.000968231
2.69, 1.06542, -0.00562155
2.7, 1.06877, -0.00291555
2.71, 1.07373, -0.000981178
2.72, 1.08312, 0.00382885
2.73, 1.08648, 0.00358992
2.74, 1.08151, 0.00764192
2.75, 1.08, 0.0095819
2.76, 1.08738, 0.00572738
2.77, 1.097, -0.00179299
2.78, 1.10228, -0.00462722
2.79, 1.10876, -0.0050952
2.8, 1.11253, -0.00553652
2.81, 1.11705, 0.00294958
2.82, 1.10797, -0.00606316
2.83, 1.12079, -0.00147804
2.84, 1.12178, -0.0019865
2.85, 1.13359, -0.00271808
2.86, 1.13396, 0.00409488
2.87, 1.13431, -0.000987893
2.88, 1.12935, 0.00668179
2.89, 1.12515, 0.00315324
2.9, 1.13799, -0.00214812
2.91, 1.14448, -0.00274827
2.92, 1.1502, -0.00810459
2.93, 1.14536, -0.00115267
2.94, 1.14718, 0.00158727
2.95, 1.15035, 0.00232037
2.96, 1.14729, -0.00635075
2.97, 1.15487, 0.00400913
2.98, 1.15015, 0.00924106
2.99, 1.14635, 0.0104166
3, 1.15904, 0.00025592
3.01, 1.16588, -0.00522774
3.02, 1.17336, 0.000953756
3.03, 1.17126, -0.00826322
3.04, 1.17052, -0.00391839
3.05, 1.18674, -0.000719497
3.06, 1.17895, -0.00286108
3.07, 1.16972, 0.00713429
3.08, 1.17958, -7.10191e-05
3.09, 1.1857, -0.00957932
3.1, 1.17657, -0.0068513
3.11, 1.17615, 0.00254564
3.12, 1.18901, 0.00411104
3.13, 1.1826, -0.00453839
3.14, 1.17514, 0.0124226
3.15, 1.17202, 0.0123457
3.16, 1.19025, -0.00307792
3.17, 1.19936, 0.00249907
3.18, 1.1961, -0.00761099
3.19, 1.20091, -0.00327378
3.2, 1.19802, -0.00527768
3.21, 1.19255, 0.00454679
3.22, 1.19732, 0.00205843
3.23, 1.20215, -0.0110555
3.24, 1.19876, 0.000916559
3.25, 1.19116, 0.00249051
3.26, 1.19404, -0.00478541
3.27, 1.18694, 0.00746147
3.28, 1.18203, 0.0119982
3.29, 1.19911, -0.000526584
3.3, 1.20742, -0.000942157
3.31, 1.19614, -0.00901566
3.32, 1.21649, -0.00138533
3.33, 1.19827, 0.00193492
3.34, 1.19198, 0.00409711
3.35, 1.20966, -0.0131892
3.36, 1.20341, 0.000767149
3.37, 1.19355, 0.0033609
3.38, 1.19473, -0.00542455
3.39, 1.18159, 0.0167334
3.4, 1.18552, 0.00910075
3.41, 1.20009, -0.00400183
3.42, 1.20491, -0.0100613
3.43, 1.20746, -0.00386062
3.44, 1.20014, -0.00256295
3.45, 1.17651, 0.00748668
3.46, 1.20323, -0.0090815
3.47, 1.18953, -0.000433985
3.48, 1.18546, 0.00247851
3.49, 1.19276, 0.00297967
3.5, 1.17533, 0.0112896
3.51, 1.17551, 0.00167714
3.52, 1.19157, 0.000929518
3.53, 1.18227, -0.0113659
3.54, 1.19787, -0.00235989
3.55, 1.17414, 0.003506
3.56, 1.17457, 0.00210894
3.57, 1.17739, -0.0168836
3.58, 1.1702, 0.00169689
3.59, 1.16512, -0.00440919
3.6, 1.15756, 0.0139115
3.61, 1.1549, 0.0107881
3.62, 1.16703, -0.000812848
3.63, 1.17587, -0.0068977
3.64, 1.17142, 0.00359946
3.65, 1.15214, 0.000139477
3.66, 1.15165, -0.00137182
3.67, 1.15453, -0.0158089
3.68, 1.14494, 0.0013873
3.69, 1.13724, -0.00413341
3.7, 1.13236, 0.0105734
3.71, 1.12981, 0.0101402
3.72, 1.13743, 0.00162447
3.73, 1.14579, -0.006701
3.74, 1.14351, -0.000376314
3.75, 1.12088, 0.00158963
3.76, 1.11964, 0.000756746
3.77, 1.12186, -0.0147607
3.78, 1.10971, 0.000847228
3.79, 1.10417, -0.00299607
3.8, 1.08984, 0.0170203
3.81, 1.09432, 0.0103239
3.82, 1.1032, -0.00447153
3.83, 1.10875, -0.00926153
3.84, 1.10234, 0.00166113
3.85, 1.0823, 0.00321136
3.86, 1.07954, -0.00148327
3.87, 1.08249, -0.0151699
3.88, 1.07028, 0.00113035
3.89, 1.0607, -0.00420207
3.9, 1.0538, 0.0093613
3.91, 1.05009, 0.00941804
3.92, 1.05648, 0.00082404
3.93, 1.06196, -0.00726858
3.94, 1.05572, 0.00137349
3.95, 1.03582, 0.00197562
3.96, 1.02695, 0.000218301
3.97, 1.03805, -0.0105845
3.98, 1.02598, -0.000170401
3.99, 1.00705, -0.00477472
4, 1.00995, 0.00388
4.01, 1.00351, 0.0146816
4.02, 0.997208, -0.00127937
4.03, 1.00289, -0.00680842
4.04, 0.996814, -0.00519292
4.05, 0.992205, -7.88449e-05
4.06, 0.965187, 0.00605279
4.07, 0.97631, -0.00182062
4.08, 0.966776, -0.00228599
4.09, 0.962619, 0.00103511
4.1, 0.956666, -0.00724853
4.11, 0.938861, 0.0150701
4.12, 0.935305, 0.0123419
4.13, 0.942023, -0.00357251
4.14, 0.94498, -0.0133419
4.15, 0.935698, -0.00523131
4.16, 0.922525, -0.00288407
4.17, 0.8999, 0.00690561
4.18, 0.906181, -0.00262987
4.19, 0.893809, -0.00897006
4.2, 0.893127, -0.000327148
4.21, 0.887882, -0.00364607
4.22, 0.872018, 0.0110531
4.23, 0.86425, 0.0158904
4.24, 0.87192, -0.00384073
4.25, 0.873811, -0.00215447
4.26, 0.865395, -0.00998254
4.27, 0.854958, -0.00237586
4.28, 0.839682, 0.0013381
4.29, 0.817142, 0.00353468
4.3, 0.826029, -0.00349111
4.31, 0.820778, -0.0103708
4.32, 0.807551, 2.62611e-05
4.33, 0.806377, 0.00118514
4.34, 0.803533, 0.00237259
4.35, 0.783011, 0.00830362
4.36, 0.779636, 0.00491904
4.37, 0.784314, -0.0036541
4.38, 0.780244, -0.00332126
4.39, 0.770306, -0.00876852
4.4, 0.762529, -0.000352667
4.41, 0.749579, 0.00159896
4.42, 0.733569, 0.00614008
4.43, 0.733238, -0.00108225
4.44, 0.729995, -0.00878568
4.45, 0.718489, 0.000485345
4.46, 0.712663, -0.000441354
4.47, 0.712468, 0.00102661
4.48, 0.697113, -0.00553391
4.49, 0.687598, 0.00572647
4.5, 0.677762, 0.00989244
4.51, 0.677153, 0.00296185
4.52, 0.678044, -0.00410088
4.53, 0.674372, -0.000331509
4.54, 0.663871, -0.00649273
4.55, 0.649854, -0.00494297
4.56, 0.646138, 0.00123425
4.57, 0.636438, -0.00245576
4.58, 0.625756, 0.00331282
4.59, 0.609578, 0.00363067
4.6, 0.613864, -0.00332521
4.61, 0.608846, -0.00617446
4.62, 0.601037, -0.00629177
4.63, 0.594728, 0.00115238
4.64, 0.58784, 0.00145703
4.65, 0.581805, 0.00235756
4.66, 0.571052, -0.0047543
4.67, 0.562595, -0.0024233
4.68, 0.56097, 0.00512959
4.69, 0.547811, 0.00613666
4.7, 0.542447, 0.0078675
4.71, 0.538752, 0.000716469
4.72, 0.53459, -0.00185638
4.73, 0.530087, -0.00484323
4.74, 0.523168, -0.00088037
4.75, 0.518045, 0.000496039
4.76, 0.506157, -0.00517495
4.77, 0.503419, -0.00269732
4.78, 0.489927, -0.0035972
4.79, 0.485103, -0.00462259
4.8, 0.479461, 0.000591061
4.81, 0.475444, 0.000640576
4.82, 0.466129, -0.00171023
4.83, 0.457817, 0.00251125
4.84, 0.448025, 0.0035936
4.85, 0.443292, 0.00335529
4.86, 0.433394, 0.00153973
4.87, 0.429117, -0.0013689
4.88, 0.423783, -0.00092185
4.89, 0.42346, -0.00211272
4.9, 0.414263, -0.00145936
4.91, 0.414055, -0.000830361
4.92, 0.406227, -0.00237718
4.93, 0.399403, -0.00124855
4.94, 0.39352, -0.00351154
4.95, 0.385112, -0.00273497
4.96, 0.378326, -0.00186313
4.97, 0.378362, 0.000301233
4.98, 0.367741, -5.616e-05
4.99, 0.365712, -0.00305665
5, 0.352909, -0.00235465
5.01, 0.349039, -0.00187794
5.02, 0.344774, -0.00114735
5.03, 0.339891, -0.000580448
5.04, 0.335043, -0.000610949
5.05, 0.331897, -0.000463935
5.06, 0.331952, 0.00222594
5.07, 0.320558, 0.0016035
5.08, 0.319612, -0.000487748
5.09, 0.310936, -0.000227127
5.1, 0.305572, -0.000297518
5.11, 0.306685, 0.00247011
5.12, 0.298607, 0.00190732
5.13, 0.291761, 0.000762559
5.14, 0.288607, -0.000648905
5.15, 0.284113, -0.000214584
5.16, 0.277975, 0.000159567
5.17, 0.275308, 0.000538353
5.18, 0.271459, 0.000432933
5.19, 0.272242, 0.00131423
5.2, 0.268748, -0.000232467
5.21, 0.264775, -0.00239724
5.22, 0.259567, -0.00366741
5.23, 0.258255, -0.00240934
5.24, 0.250106, -0.00134841
5.25, 0.246462, -0.00398111
5.26, 0.240521, -0.000366185
5.27, 0.237356, 0.000209886
5.28, 0.234019, -4.40028e-05
5.29, 0.230153, 0.00497961
5.3, 0.229052, 0.00157547
5.31, 0.222436, -0.00241889
5.32, 0.222039, 0.000924061
5.33, 0.214416, 0.000857208
5.34, 0.215662, 0.00257376
5.35, 0.213473, -0.00056183
5.36, 0.213991, -0.00226127
5.37, 0.208582, -0.00597667
5.38, 0.208186, -0.00471771
5.39, 0.207633, 0.000176117
5.4, 0.204259, -0.000997063
5.41, 0.19909, -0.00114119
5.42, 0.193037, -0.00332901
5.43, 0.195072, -0.000953254
5.44, 0.191353, 0.00182244
5.45, 0.185969, 0.00132464
5.46, 0.189047, 0.00190494
5.47, 0.18824, -0.00268445
5.48, 0.187573, -0.0019035
5.49, 0.181814, -0.00301166
5.5, 0.179559, -0.000729361
5.51, 0.174572, 0.00341983
5.52, 0.170285, -0.000999197
5.53, 0.170642, 0.00179946
5.54, 0.175662, 0.00239041
5.55, 0.171152, -0.000212275
5.56, 0.174094, -0.00495368
5.57, 0.176865, -0.00233711
5.58, 0.172139, -0.0024807
5.59, 0.16768, -0.00148467
5.6, 0.169338, -0.00152966
5.61, 0.16958, 0.000938165
5.62, 0.165013, 0.000545123
5.63, 0.168538, -0.0008617
5.64, 0.169358, -0.0023398
5.65, 0.167941, -0.00239675
5.66, 0.162627, 0.00167139
5.67, 0.157445, -0.00135157
5.68, 0.158303, 0.00173963
5.69, 0.162052, 0.00204761
5.7, 0.16469, -0.00214446
5.71, 0.169294, -0.00351682
5.72, 0.166978, -0.00240707
5.73, 0.164752, -0.00395228
5.74, 0.164411, 0.000429326
5.75, 0.166197, 0.000950993
5.76, 0.167637, -0.000134184
5.77, 0.171309, -0.00192728
5.78, 0.168747, -0.00295013
5.79, 0.163702, 0.00277211
5.8, 0.163175, -0.000163437
5.81, 0.165104, 0.00156149
5.82, 0.166759, -0.00120465
5.83, 0.173906, -0.00535537
5.84, 0.176857, -0.00193893
5.85, 0.17013, -0.00356167
5.86, 0.174948, 0.000479399
5.87, 0.176339, 0.00100743
5.88, 0.178657, -0.00093757
5.89, 0.182272, -0.00239831
5.9, 0.18023, -0.00133621
5.91, 0.175977, 0.000848931
5.92, 0.176348, 0.000536277
5.93, 0.183566, 0.0002904
5.94, 0.186334, -0.00385565
5.95, 0.195427, -0.00192361
5.96, 0.188583, -0.00203214
5.97, 0.192644, -4.76996e-05
5.98, 0.195718, 0.000262289
5.99, 0.197479, -0.00150801
6, 0.201245, -0.00310949
6.01, 0.199163, -0.000979199
6.02, 0.197176, -0.000477478
6.03, 0.20061, 0.00222131
6.04, 0.205719, -0.00166684
6.05, 0.214519, -0.00432517
6.06, 0.214548, -0.00210305
6.07, 0.214446, -0.00127737
6.08, 0.220105, 0.000701431
6.09, 0.219985, 0.000186899
6.1, 0.226971, -0.00197221
6.11, 0.227251, -0.00132588
6.12, 0.225173, 0.000443865
6.13, 0.225118, -0.00039845
6.14, 0.232645, 0.000718093
6.15, 0.240596, -0.00518877
6.16, 0.244716, -0.00262073
6.17, 0.242053, -0.00377177
6.18, 0.250092, 0.000285791
6.19, 0.250733, 0.00139118
6.2, 0.259525, -0.00170123
6.21, 0.257348, -0.00118831
6.22, 0.257713, 0.000451758
6.23, 0.256588, -0.000606745
6.24, 0.264969, -0.000285709
6.25, 0.273751, -0.00497893
6.26, 0.278113, -0.00307429
6.27, 0.277089, -0.00385116
6.28, 0.284907, 0.000449035
6.29, 0.286579, 0.000530088
6.3, 0.294049, -0.00110523
6.31, 0.292571, -0.00136142
6.32, 0.294082, 0.000487307
6.33, 0.2941, -0.000600131
6.34, 0.303445, 0.000514755
6.35, 0.311863, -0.00514521
6.36, 0.317592, -0.00336047
6.37, 0.31505, -0.00406949
6.38, 0.325104, 0.000270156
6.39, 0.325077, 0.00061278
6.4, 0.334416, -0.00120713
6.41, 0.332121, -0.00135737
6.42, 0.33485, 0.000460151
6.43, 0.334755, -0.00112908
6.44, 0.345128, 0.000266884
6.45, 0.353123, -0.00545225
6.46, 0.362686, -0.00334047
6.47, 0.357849, -0.00530749
6.48, 0.365987, 0.00175146
6.49, 0.369005, 0.000747314
6.5, 0.375963, -0.000312203
6.51, 0.375522, -0.00273956
6.52, 0.382464, 0.00188482
6.53, 0.38009, -0.00202508
6.54, 0.388031, 0.000440359
6.55, 0.39735, -0.00321257
6.56, 0.407287, -0.00368083
6.57, 0.406185, -0.00458146
6.58, 0.411002, -0.00263025
6.59, 0.413109, 0.00180361
6.6, 0.420591, -0.00261691
6.61, 0.425486, -0.00242423
6.62, 0.425564, -0.00130556
6.63, 0.430814, 0.000871621
6.64, 0.431199, -0.000692598
6.65, 0.441225, -0.00054072
6.66, 0.449149, -0.00535699
6.67, 0.460085, -0.00241702
6.68, 0.461679, -0.00326199
6.69, 0.464608, -0.00388572
6.7, 0.468598, 0.00128105
6.71, 0.471294, -6.89472e-05
6.72, 0.480234, -0.00162879
6.73, 0.47651, -0.00210809
6.74, 0.485887, 0.00177124
6.75, 0.487627, -0.00328937
6.76, 0.488195, 0.000678425
6.77, 0.502097, -0.00139374
6.78, 0.509911, -0.00675697
6.79, 0.519401, -0.00283011
6.8, 0.520956, -0.00346992
6.81, 0.523717, -0.00422468
6.82, 0.528314, 0.000914105
6.83, 0.529616, 0.000828554
6.84, 0.53808, -0.00247038
6.85, 0.541369, -0.00192247
6.86, 0.540258, -0.00152062
6.87, 0.549459, 0.00240191
6.88, 0.551557, -0.00381351
6.89, 0.554007, 0.000717787
6.9, 0.565607, 0.00145852
6.91, 0.574653, -0.00717585
6.92, 0.586727, -0.00336153
6.93, 0.586691, -0.00444743
6.94, 0.586171, -0.00717167
6.95, 0.595117, -0.00203576
6.96, 0.598143, 0.00187159
6.97, 0.599085, 0.00175528
6.98, 0.606946, -0.00267418
6.99, 0.612718, -0.00103181
7, 0.609116, -0.00340228
7.01, 0.617623, -0.00186343
7.02, 0.619633, 0.00313296
7.03, 0.626692, -0.00262104
7.04, 0.630238, -0.00117883
7.05, 0.639045, 0.00135426
7.06, 0.648717, -0.00249901
7.07, 0.656132, -0.00566918
7.08, 0.659781, -0.00694347
7.09, 0.666637, -0.00178772
7.1, 0.672184, -0.00269499
7.11, 0.671798, -0.0040329
7.12, 0.678649, -0.00473649
7.13, 0.681934, 0.000853552
7.14, 0.681882, 0.000490765
7.15, 0.683166, 0.00104684
7.16, 0.693161, -0.000204082
7.17, 0.699975, -0.00388513
7.18, 0.704162, -0.000470171
7.19, 0.704354, -0.00421589
7.2, 0.704209, -0.00355426
7.21, 0.712501, -0.00202774
7.22, 0.714975, -0.00146148
7.23, 0.724634, 0.00341038
7.24, 0.727607, -0.00456173
7.25, 0.735643, -0.00199048
7.26, 0.73817, 0.00151894
7.27, 0.743438, -0.000167612
7.28, 0.750396, 0.000580842
7.29, 0.756452, -0.00271625
7.3, 0.761653, -0.00177287
7.31, 0.771007, -0.00606509
7.32, 0.775482, -0.0025423
7.33, 0.776371, -0.0077021
7.34, 0.779665, -0.00649906
7.35, 0.786952, -0.00447399
7.36, 0.79187, 0.000739395
7.37, 0.799204, -0.000815851
7.38, 0.798439, -0.00307658
7.39, 0.800309, -0.00312782
7.4, 0.81101, -0.00206317
7.41, 0.808933, -0.00192856
7.42, 0.818194, -0.00217301
7.43, 0.819266, -0.0033869
7.44, 0.822796, -0.00204001
7.45, 0.819678, -0.00611267
7.46, 0.834426, -0.00473747
7.47, 0.831555, -0.00535898
7.48, 0.840112, -0.00465738
7.49, 0.836209, -0.00331933
7.5, 0.849694, -0.00306295
7.51, 0.852745, -0.00271728
7.52, 0.855571, -0.00216914
7.53, 0.858925, -0.00217464
7.54, 0.862834, -0.00200647
7.55, 0.86287, -0.00230042
7.56, 0.865471, -0.00169284
7.57, 0.874952, -0.00155102
7.58, 0.876221, -0.000265998
7.59, 0.876719, -0.00091357
7.6, 0.881937, 0.00359659
7.61, 0.892027, 0.00167096
7.62, 0.892321, 0.00105615
7.63, 0.897489, 0.000620256
7.64, 0.900771, -0.00148815
7.65, 0.90052, -0.00203853
7.66, 0.90581, -0.00130693
7.67, 0.906261, 0.000356865
7.68, 0.914521, -0.000743415
7.69, 0.911781, -0.0064473
7.7, 0.915288, -0.00488474
7.71, 0.920975, -0.00309913
7.72, 0.930069, 0.00188275
7.73, 0.926882, 0.00449102
7.74, 0.927831, 0.00727314
7.75, 0.92486, 0.00410948
7.76, 0.933351, 0.00166547
7.77, 0.942504, -0.00499179
7.78, 0.946013, -0.00514875
7.79, 0.95139, -0.00246596
7.8, 0.957034, -0.00666298
7.81, 0.962231, -0.00124292
7.82, 0.956106, -0.00693704
7.83, 0.966067, -0.00417934
7.84, 0.964979, -0.00366765
7.85, 0.972527, -0.00214448
7.86, 0.978543, -0.000884
7.87, 0.976473, -0.00372843
7.88, 0.974764, 0.00539617
7.89, 0.970375, 0.00235856
7.9, 0.98128, -0.00370972
7.91, 0.986664, -0.00419338
7.92, 0.993172, -0.00809861
7.93, 0.987967, -0.00283784
7.94, 0.989429, -0.000555644
7.95, 0.991622, 0.00115095
7.96, 0.990676, -0.00680504
7.97, 0.996587, 0.0017006
7.98, 0.99406, 0.00331125
7.99, 0.989514, 0.00702214
8, 1.0009, 0.00170107
8.01, 1.00721, -0.00508158
8.02, 1.01395, -4.03053e-05
8.03, 1.01259, -0.00787605
8.04, 1.01166, -0.00411334
8.05, 1.02521, 0.00112945
8.06, 1.01923, -0.0021253
8.07, 1.0134, 0.00392868
8.08, 1.02205, -0.00330898
8.09, 1.0265, -0.0105404
8.1, 1.0195, -0.00759166
8.11, 1.02109, 0.000948382
8.12, 1.02901, 0.00197146
8.13, 1.02462, -0.00574925
8.14, 1.01728, 0.0086974
8.15, 1.01485, 0.0112144
8.16, 1.03085, -0.00397121
8.17, 1.03933, 0.00133999
8.18, 1.0357, -0.00925307
8.19, 1.04375, -0.0058665
8.2, 1.0385, -0.00249554
8.21, 1.03586, 0.00594508
8.22, 1.0388, -0.00121646
8.23, 1.04632, -0.0111331
8.24, 1.04047, -0.000358872
8.25, 1.0358, 0.00255858
8.26, 1.03666, -0.00644539
8.27, 1.02903, 0.00865218
8.28, 1.02759, 0.0104769
8.29, 1.04027, -0.00329863
8.3, 1.04914, -0.00107406
8.31, 1.03964, -0.00890026
8.32, 1.05836, -0.00192671
8.33, 1.04425, 0.00164586
8.34, 1.03583, 0.000553236
8.35, 1.05483, -0.0112473
8.36, 1.0499, 0.00191122
8.37, 1.03914, 0.00249954
8.38, 1.04047, -0.00649031
8.39, 1.02701, 0.014576
8.4, 1.03089, 0.00676219
8.41, 1.04397, -0.00361098
8.42, 1.0499, -0.0101629
8.43, 1.05116, -0.0044081
8.44, 1.0465, -0.00270311
8.45, 1.02741, 0.0071837
8.46, 1.05034, -0.0088318
8.47, 1.0401, 0.00116184
8.48, 1.03421, 0.00217255
8.49, 1.04022, 0.000811154
8.5, 1.02539, 0.0104112
8.51, 1.02388, 0.00159467
8.52, 1.03838, -0.000137507
8.53, 1.03218, -0.00928678
8.54, 1.04516, 0.000269479
8.55, 1.0269, 0.00328572
8.56, 1.02787, 0.000876865
8.57, 1.03151, -0.0170914
8.58, 1.02324, 0.000538758
8.59, 1.01794, -0.00398904
8.6, 1.01165, 0.0136959
8.61, 1.00755, 0.00876663
8.62, 1.01841, -0.000258729
8.63, 1.02662, -0.00876864
8.64, 1.02428, 0.00366635
8.65, 1.0092, 0.00256559
8.66, 1.0099, -0.000703815
8.67, 1.01397, -0.0137808
8.68, 1.00382, 0.00160527
8.69, 0.995651, -0.00333767
8.7, 0.990382, 0.00973419
8.71, 0.987665, 0.0096417
8.72, 0.993679, 0.00145208
8.73, 1.00393, -0.00561487
8.74, 0.99781, 0.0019873
8.75, 0.985154, 0.00150123
8.76, 0.983151, 0.00019487
8.77, 0.985472, -0.0142796
8.78, 0.975112, 0.00121127
8.79, 0.967518, -0.00228951
8.8, 0.955326, 0.0178458
8.81, 0.958772, 0.0102411
8.82, 0.966245, -0.00341137
8.83, 0.972088, -0.00706696
8.84, 0.96689, 0.00195513
8.85, 0.949741, 0.00328659
8.86, 0.948599, -0.000640425
8.87, 0.953163, -0.0130831
8.88, 0.939505, 0.000610179
8.89, 0.931585, -0.0020702
8.9, 0.923962, 0.00952574
8.91, 0.918838, 0.0131181
8.92, 0.925233, 0.00259861
8.93, 0.931576, -0.0113068
8.94, 0.927613, -0.00194743
8.95, 0.913006, 0.00205281
8.96, 0.903053, 0.00224521
8.97, 0.913458, -0.00614097
8.98, 0.902251, 0.00178271
8.99, 0.884599, -0.00337804
9, 0.885055, 0.00872176
9.01, 0.878867, 0.0143316
9.02, 0.873859, 0.00207113
9.03, 0.879509, -0.00523199
9.04, 0.878899, -0.00757087
9.05, 0.872561, -0.00129879
9.06, 0.846014, 0.00632432
9.07, 0.8597, -0.00172392
9.08, 0.852357, -0.00178161
9.09, 0.846602, 0.00244133
9.1, 0.840069, -0.00519136
9.11, 0.824836, 0.0110804
9.12, 0.821332, 0.00842154
9.13, 0.824771, -9.65806e-05
9.14, 0.827402, -0.00778916
9.15, 0.819786, -0.000862748
9.16, 0.81045, -0.000903045
9.17, 0.790345, 0.00688669
9.18, 0.797684, -0.000799933
9.19, 0.786816, -0.00717485
9.2, 0.785113, 0.00228703
9.21, 0.778769, -0.00377877
9.22, 0.766089, 0.00758221
9.23, 0.757075, 0.0134085
9.24, 0.762394, -0.000139412
9.25, 0.765266, 0.00128791
9.26, 0.758188, -0.00843443
9.27, 0.747507, 0.00120877
9.28, 0.737381, 0.003352
9.29, 0.716654, 0.00410604
9.3, 0.725205, -0.0021476
9.31, 0.721391, -0.0091353
9.32, 0.707498, 0.000680824
9.33, 0.706881, 0.001914
9.34, 0.702846, 0.00397747
9.35, 0.683704, 0.00820792
9.36, 0.68109, 0.00714838
9.37, 0.682747, 0.00128245
9.38, 0.679363, -0.00296891
9.39, 0.674133, -0.00758404
9.4, 0.666277, 0.000879143
9.41, 0.657356, 0.00043891
9.42, 0.64077, 0.00533657
9.43, 0.639473, -0.000105209
9.44, 0.638365, -0.00624567
9.45, 0.629126, 0.00157097
9.46, 0.622338, 0.00121714
9.47, 0.620614, 0.00245594
9.48, 0.606204, -0.00369353
9.49, 0.5968, 0.00528362
9.5, 0.589993, 0.0114449
9.51, 0.587702, 0.0035899
9.52, 0.587997, -0.00269376
9.53, 0.585788, 0.000780126
9.54, 0.574993, -0.00711503
9.55, 0.562682, -0.00224602
9.56, 0.563126, 0.00103098
9.57, 0.550844, 6.17386e-05
9.58, 0.542462, 0.00510065
9.59, 0.528226, 0.00510316
9.6, 0.532208, -0.00150137
9.61, 0.529529, -0.00548852
9.62, 0.520769, -0.00468934
9.63, 0.515516, 0.001749
9.64, 0.508392, 0.00276379
9.65, 0.501705, 0.00358553
9.66, 0.490646, -0.00325518
9.67, 0.484906, -0.00131431
9.68, 0.482886, 0.00577496
9.69, 0.469153, 0.00733995
9.7, 0.464658, 0.00856372
9.71, 0.462428, 0.000715477
9.72, 0.458109, -0.000188036
9.73, 0.454022, -0.00311314
9.74, 0.447761, 0.000396673
9.75, 0.441655, 0.00150846
9.76, 0.433006, -0.00389849
9.77, 0.428796, -0.00300733
9.78, 0.419418, -0.00161353
9.79, 0.414271, -0.000359581
9.8, 0.408475, 0.00313638
9.81, 0.405771, 0.000553278
9.82, 0.397134, -0.000528865
9.83, 0.389982, 0.00110293
9.84, 0.38201, 0.0050773
9.85, 0.376531, 0.00480278
9.86, 0.365946, 0.00175276
9.87, 0.356513, 0.000862076
9.88, 0.360218, -0.000539014
9.89, 0.358063, -0.000567297
9.9, 0.349352, -0.000643981
9.91, 0.345491, 0.000305088
9.92, 0.343136, -0.000332799
9.93, 0.33664, 0.000537075
9.94, 0.33083, -0.00213552
9.95, 0.322545, -0.000419331
9.96, 0.316841, 5.95304e-05
9.97, 0.317485, 0.00106262
9.98, 0.306897, 0.00131684
9.99, 0.306112, -0.00172713
10, 0.29437, -0.0019763
