#timestep, Fx, Fy
0.01, 41.9037, -0.0254972
0.02, 21.3684, -0.00863717
0.03, 11.1488, 0.000512923
0.04, 6.00231, 0.00131505
0.05, 3.39282, 0.00211689
0.06, 2.05346, 0.000919293
0.07, 1.34096, 0.000647245
0.08, 0.982964, 0.000293551
0.09, 0.681418, 0.000491131
0.1, 0.624787, 0.000397681
0.11, 0.633846, -0.000806011
0.12, 0.588102, -0.00159491
0.13, 0.489137, -7.43703e-05
0.14, 0.467878, -7.1758e-05
0.15, 0.452181, 0.00105067
0.16, 0.43861, 0.000752722
0.17, 0.406674, 0.000429195
0.18, 0.388173, 0.000547226
0.19, 0.371841, -0.000124709
0.2, 0.357189, 0.000124547
0.21, 0.32389, -0.00139601
0.22, 0.289421, 0.000579503
0.23, 0.308327, 0.00122689
0.24, 0.300004, 0.000830017
0.25, 0.303367, -0.000571666
0.26, 0.267832, -0.00031654
0.27, 0.240353, -2.17262e-05
0.28, 0.278584, 0.000633757
0.29, 0.241055, 0.000387729
0.3, 0.243959, 0.000605244
0.31, 0.307337, 0.00131829
0.32, 0.291113, 0.000173942
0.33, 0.296161, 5.2787e-05
0.34, 0.271013, 0.000637227
0.35, 0.217728, -0.000440157
0.36, 0.279813, -0.00045986
0.37, 0.239687, -0.000342193
0.38, 0.226301, 0.000283213
0.39, 0.225459, -0.000178937
0.4, 0.21067, 0.000471025
0.41, 0.290133, 0.00031989
0.42, 0.23665, 0.000814475
0.43, 0.209604, -0.0016041
0.44, 0.224448, 0.000384459
0.45, 0.193303, 0.000302767
0.46, 0.168344, -0.000951359
0.47, 0.161878, 0.000812453
0.48, 0.17099, -0.000417117
0.49, 0.154782, 9.35602e-05
0.5, 0.151195, 0.0005442
0.51, 0.176237, 0.000424429
0.52, 0.213007, 0.000679117
0.53, 0.222184, 0.000349488
0.54, 0.169758, 5.18768e-05
0.55, 0.216549, -0.000355143
0.56, 0.184142, 0.000186421
0.57, 0.173984, -0.000102312
0.58, 0.177506, 0.000177214
0.59, 0.274332, 0.000908391
0.6, 0.191617, -0.00106294
0.61, 0.195996, 0.000135884
0.62, 0.174041, 0.000572028
0.63, 0.150676, -0.000949275
0.64, 0.113101, -0.000536579
0.65, 0.152126, 9.36247e-05
0.66, 0.165726, 0.000406055
0.67, 0.198289, 0.00119342
0.68, 0.191341, 0.000311149
0.69, 0.178084, -0.000625154
0.7, 0.196614, 1.16447e-05
0.71, 0.182055, -0.000145331
0.72, 0.252095, -0.000179433
0.73, 0.200483, 0.000767434
0.74, 0.222941, -0.00040136
0.75, 0.188707, -0.000148753
0.76, 0.161603, -0.000817134
0.77, 0.125737, 0.000326716
0.78, 0.151832, -7.41285e-05
0.79, 0.188345, 0.000378595
0.8, 0.227855, 0.000436804
0.81, 0.189759, 0.000674437
0.82, 0.21557, -0.00053432
0.83, 0.19292, -8.97364e-05
0.84, 0.238221, 1.22923e-05
0.85, 0.22786, 0.000650761
0.86, 0.24362, -0.000474584
0.87, 0.208357, -0.000188897
0.88, 0.175503, -0.00022233
0.89, 0.168318, -0.000428506
0.9, 0.180279, 1.52769e-05
0.91, 0.226297, 0.000366314
0.92, 0.221057, 0.000848149
0.93, 0.236475, -0.000654055
0.94, 0.191411, -0.000101116
0.95, 0.241824, 0.00032461
0.96, 0.272645, 9.84234e-05
0.97, 0.278022, -0.000427385
0.98, 0.233764, -0.000191202
0.99, 0.192068, -0.000916767
1, 0.189908, 0.000435403
1.01, 0.229789, 5.65953e-05
1.02, 0.26726, 0.000173615
1.03, 0.245299, 3.35927e-05
1.04, 0.237136, -0.000358683
1.05, 0.265566, 0.000297945
1.06, 0.313269, 0.000406751
1.07, 0.284311, -0.00090806
1.08, 0.282913, -0.000133827
1.09, 0.239906, -0.000677971
1.1, 0.221684, -0.000267682
1.11, 0.237769, 6.521e-05
1.12, 0.286227, 0.000289632
1.13, 0.282925, 0.000596475
1.14, 0.286551, -0.000565945
1.15, 0.287834, -0.000157995
1.16, 0.362794, 0.000437147
1.17, 0.302008, -0.000808302
1.18, 0.317949, 0.000256743
1.19, 0.275438, -0.000911763
1.2, 0.265448, 0.000187431
1.21, 0.266169, -0.000348571
1.22, 0.323779, 0.000126044
1.23, 0.321355, 0.000460039
1.24, 0.322516, -0.000582404
1.25, 0.328408, -0.000205371
1.26, 0.402836, 0.000389341
1.27, 0.339009, -0.000838562
1.28, 0.357055, -9.60142e-05
1.29, 0.316655, -0.000692737
1.3, 0.274791, -0.000302836
1.31, 0.311083, 6.47806e-05
1.32, 0.366257, 0.000668256
1.33, 0.364574, 0.000291538
1.34, 0.363179, -0.000770904
1.35, 0.373297, -0.000321266
1.36, 0.44819, 5.67378e-05
1.37, 0.380218, -0.000737771
1.38, 0.40235, -6.65704e-05
1.39, 0.36112, -0.000757856
1.4, 0.333955, -0.000320218
1.41, 0.342409, -8.77632e-06
1.42, 0.4128, 0.000245063
1.43, 0.412552, 0.000463846
1.44, 0.418151, -0.000619431
1.45, 0.409902, -0.000251843
1.46, 0.493061, 0.000325943
1.47, 0.435208, -0.000400446
1.48, 0.472723, -0.000275373
1.49, 0.398051, -0.000939739
1.5, 0.381309, -0.000471871
1.51, 0.363928, 8.04363e-07
1.52, 0.421831, 0.000279729
1.53, 0.47949, 0.000401262
1.54, 0.461188, -0.000529148
1.55, 0.456953, -0.000262155
1.56, 0.492793, 9.75294e-05
1.57, 0.51102, 0.00016811
1.58, 0.535298, -0.000810119
1.59, 0.49927, -0.000460096
1.6, 0.459638, -0.000619213
1.61, 0.431195, -0.000210284
1.62, 0.433245, -0.000624471
1.63, 0.52116, -9.7102e-05
1.64, 0.520999, 3.50175e-05
1.65, 0.546881, -0.000609185
1.66, 0.495098, -0.0003704
1.67, 0.546761, -0.000225556
1.68, 0.576804, 0.000194329
1.69, 0.569598, -0.00120695
1.7, 0.588907, -0.000344273
1.71, 0.526144, -0.000288875
1.72, 0.474799, -0.00109391
1.73, 0.454489, -0.000243075
1.74, 0.548243, 0.000485831
1.75, 0.604305, -0.000123404
1.76, 0.576027, -0.000312762
1.77, 0.610991, -0.000605301
1.78, 0.55696, -0.000419987
1.79, 0.613997, -0.000290005
1.8, 0.69619, 0.000213696
1.81, 0.585518, -0.0012378
1.82, 0.651663, 1.83634e-05
1.83, 0.604787, -0.00135104
1.84, 0.581407, -4.50225e-05
1.85, 0.585268, -7.95713e-05
1.86, 0.512197, -0.00044054
1.87, 0.617795, 3.91104e-05
1.88, 0.678783, -0.000100154
1.89, 0.648854, -1.13706e-05
1.9, 0.715268, -0.000831715
1.91, 0.619281, -0.000444946
1.92, 0.667293, -0.000689717
1.93, 0.736767, -0.000397596
1.94, 0.732684, -0.000102361
1.95, 0.656486, -0.00116744
1.96, 0.733343, -0.000184387
1.97, 0.702868, -0.000155206
1.98, 0.666404, -0.00118091
1.99, 0.669375, -0.000933429
2, 0.661079, -0.000489542
2.01, 0.588869, -4.25948e-05
2.02, 0.689156, 0.000134268
2.03, 0.744143, 0.000114658
2.04, 0.791223, -0.000279329
2.05, 0.724534, -0.000522528
2.06, 0.764107, -0.000992779
2.07, 0.779089, -0.000668685
2.08, 0.732882, -0.000588208
2.09, 0.75912, -0.000319482
2.1, 0.79393, -0.000877939
2.11, 0.855248, -0.000106161
2.12, 0.789511, 0.000180918
2.13, 0.808632, -0.00130028
2.14, 0.804362, -0.000638904
2.15, 0.817814, -0.000583635
2.16, 0.80536, -0.000378022
2.17, 0.762372, -0.00143183
2.18, 0.808875, -0.000165075
2.19, 0.777764, -0.00023848
2.2, 0.764077, -0.00111848
2.21, 0.828884, -0.000734271
2.22, 0.753669, -0.000258632
2.23, 0.782476, -0.000119199
2.24, 0.850567, 0.000357972
2.25, 0.851786, -0.0004083
2.26, 0.871974, -0.000159095
2.27, 0.918821, -0.000478526
2.28, 0.899098, -0.00055973
2.29, 0.860473, -0.00017705
2.3, 0.872205, -0.00136278
2.31, 0.895363, -0.00139345
2.32, 0.946677, -0.000973787
2.33, 0.93463, -0.000911492
2.34, 0.923428, -0.000938487
2.35, 0.883607, -0.000306255
2.36, 0.923627, -0.000591304
2.37, 0.92856, -0.00102554
2.38, 0.91328, -0.00100862
2.39, 0.915412, -0.000449563
2.4, 0.950242, -0.000682211
2.41, 0.917109, -0.000644351
2.42, 0.947484, -0.000803519
2.43, 0.954215, -0.000737637
2.44, 1.01261, -0.000548259
2.45, 0.993763, -0.000965155
2.46, 1.02455, -0.000767873
2.47, 1.0087, -0.000626293
2.48, 0.997434, -0.000579835
2.49, 0.994316, -0.000708159
2.5, 0.994919, -0.000602932
2.51, 0.997836, -0.000602043
2.52, 1.002, -0.00062529
2.53, 1.00641, -0.000621106
2.54, 1.01079, -0.00050533
2.55, 1.01657, -8.08483e-05
2.56, 1.01788, -0.000650007
2.57, 0.985129, -0.000284825
2.58, 1.01078, -0.00113367
2.59, 0.970535, -0.0013219
2.6, 1.00602, -0.000584409
2.61, 1.03568, -0.000794375
2.62, 1.04202, -0.0010321
2.63, 1.04373, -0.00081932
2.64, 1.05239, -0.00142855
2.65, 1.06286, -0.00116428
2.66, 1.02623, -0.000950244
2.67, 1.05533, -0.00088475
2.68, 1.06833, -0.00154984
2.69, 1.08075, -0.00128391
2.7, 1.07977, -0.00122516
2.71, 1.02827, -0.00130181
2.72, 1.06113, -0.00106536
2.73, 1.08671, 0.000272315
2.74, 1.09999, -0.0012187
2.75, 1.10095, -0.00146892
2.76, 1.08742, -0.00105916
2.77, 1.04931, -3.10868e-05
2.78, 1.02908, -0.00159472
2.79, 1.0716, -0.00131828
2.8, 1.11329, -0.00103505
2.81, 1.0893, -0.00115807
2.82, 1.11967, -0.00127041
2.83, 1.13654, -0.00104789
2.84, 1.11807, 0.0019332
2.85, 1.1546, -0.000752383
2.86, 1.16433, -5.85783e-06
2.87, 1.1568, -0.000299278
2.88, 1.15775, -0.000788478
2.89, 1.13887, -0.00179745
2.9, 1.11719, 0.000288573
2.91, 1.15344, -0.000154712
2.92, 1.03156, -0.000963167
2.93, 1.09115, -0.000725152
2.94, 1.09479, -0.00118979
2.95, 1.15206, -0.00177048
2.96, 1.08198, -0.000890011
2.97, 1.15063, -0.00151862
2.98, 1.15789, -0.000891779
2.99, 1.13474, -0.0013497
3, 1.02261, -0.000171509
3.01, 1.10633, -0.00180762
3.02, 1.15545, -0.00215916
3.03, 1.15867, -0.0015658
3.04, 1.20906, -0.000863837
3.05, 1.22107, 0.00110356
3.06, 1.16713, 0.000151786
3.07, 1.21126, -0.00187407
3.08, 1.16865, 0.000676675
3.09, 1.11884, -0.000860112
3.1, 1.06828, -0.0012408
3.11, 1.13306, -0.000774882
3.12, 1.14562, -0.00144782
3.13, 1.12359, 0.000113314
3.14, 1.18445, -0.0018916
3.15, 0.997597, -0.00163282
3.16, 1.1181, -0.00127006
3.17, 1.18225, -0.000565979
3.18, 1.19681, -0.00231939
3.19, 1.23312, -0.00013678
3.2, 1.18399, 0.000491629
3.21, 1.24398, -0.00170909
3.22, 1.20411, 0.000601563
3.23, 1.0401, -0.000669803
3.24, 1.09898, -0.000889731
3.25, 1.14442, -0.00164889
3.26, 1.13313, -0.00121324
3.27, 1.19675, -0.00121699
3.28, 1.00857, -0.00134113
3.29, 1.08336, -0.00172696
3.3, 1.17018, -0.00173359
3.31, 1.24679, -0.000400498
3.32, 1.23335, 0.000598943
3.33, 1.19715, -0.00177488
3.34, 1.21305, 0.000488734
3.35, 1.03783, -0.000654893
3.36, 1.10174, -0.000853502
3.37, 1.14748, -0.0015762
3.38, 1.13644, -0.000380568
3.39, 1.05011, -0.00208924
3.4, 1.0649, -0.00156569
3.41, 1.16001, -0.00218879
3.42, 1.19336, -0.000534868
3.43, 1.22355, 0.000724474
3.44, 1.20878, -0.00114521
3.45, 1.16238, 0.000254372
3.46, 1.02632, -0.00150242
3.47, 1.09714, -0.000828249
3.48, 1.07889, -0.00157055
3.49, 1.12553, -0.00102006
3.5, 0.991592, -0.00214529
3.51, 1.08542, -0.00154778
3.52, 1.11541, -0.00198424
3.53, 1.23422, -0.00166817
3.54, 1.17125, 0.00147739
3.55, 1.21546, -0.0026645
3.56, 1.10728, 0.000216054
3.57, 1.02646, -0.000474165
3.58, 1.05785, -0.00107707
3.59, 1.08152, -0.000942354
3.6, 0.997602, -0.00149083
3.61, 1.02553, -0.00128227
3.62, 1.12384, -0.000559619
3.63, 1.15602, -0.0022803
3.64, 1.11584, 0.000472167
3.65, 1.21078, -0.0018306
3.66, 1.11253, -0.000751126
3.67, 0.968888, -0.000376761
3.68, 1.04098, -0.00110793
3.69, 1.0532, -0.00134391
3.7, 0.999613, -0.00123087
3.71, 0.953281, -0.000907212
3.72, 1.09363, -0.002049
3.73, 1.12587, -0.000573261
3.74, 1.08165, 0.000249449
3.75, 1.17741, -0.00189639
3.76, 1.07735, -0.000178429
3.77, 0.931421, -0.000619983
3.78, 1.00512, -0.00114676
3.79, 1.01871, -0.000491135
3.8, 0.935458, -0.00180166
3.81, 0.956738, -0.001317
3.82, 1.05291, -0.00203305
3.83, 1.08504, -0.000539886
3.84, 1.04088, 0.00073514
3.85, 1.13362, -0.00209837
3.86, 1.03345, -0.000324358
3.87, 0.886733, -0.00067939
3.88, 0.961468, -0.00128852
3.89, 0.975247, -0.000491782
3.9, 0.92876, -0.00182498
3.91, 0.869652, -0.00122146
3.92, 1.00385, -0.00208944
3.93, 1.036, -0.00156879
3.94, 1.03091, 0.00181802
3.95, 1.04017, -0.00193618
3.96, 1.00327, 0.000667648
3.97, 0.816002, -0.000482274
3.98, 0.944942, -0.00170709
3.99, 0.881798, -0.00052423
4, 0.981357, -0.00184189
4.01, 0.766093, -0.000891981
4.02, 0.8924, -0.00217241
4.03, 0.965854, -0.000614796
4.04, 0.991157, 0.00163427
4.05, 1.0012, -0.00166725
4.06, 0.957439, -0.000311965
4.07, 0.757125, -0.000993364
4.08, 0.86558, -0.00122055
4.09, 0.90164, -0.00162424
4.1, 0.889515, -0.00103601
4.11, 0.831291, -0.00150359
4.12, 0.760662, -0.00102797
4.13, 0.880827, -0.00191015
4.14, 0.910159, -0.00183976
4.15, 0.922212, 0.00240877
4.16, 0.926014, -0.00107193
4.17, 0.884596, -0.000737494
4.18, 0.746079, -0.000830666
4.19, 0.810819, -0.000933969
4.2, 0.832571, -0.00132861
4.21, 0.76817, -0.000701585
4.22, 0.818796, -0.000247202
4.23, 0.665189, -0.00179252
4.24, 0.771832, -0.00162469
4.25, 0.817567, -0.00180301
4.26, 0.843966, -0.00101662
4.27, 0.84292, 0.00109681
4.28, 0.842645, -0.000650081
4.29, 0.800045, 0.00020261
4.3, 0.775854, -0.00050304
4.31, 0.638944, -0.000816041
4.32, 0.743413, -0.000873949
4.33, 0.691552, -0.00128095
4.34, 0.75291, -2.38688e-05
4.35, 0.742353, -0.00143479
4.36, 0.595489, -0.00123502
4.37, 0.697624, -0.00188216
4.38, 0.726526, -0.00177291
4.39, 0.747477, 0.000415578
4.4, 0.777183, 0.00138026
4.41, 0.699855, -0.00071982
4.42, 0.751043, -0.00182509
4.43, 0.723951, 0.000443129
4.44, 0.583183, -0.000871482
4.45, 0.583477, -0.000670768
4.46, 0.661645, -0.000560556
4.47, 0.694335, -0.00148195
4.48, 0.622656, -0.000767591
4.49, 0.656589, -0.000690492
4.5, 0.638002, -0.000912856
4.51, 0.493488, -0.000769408
4.52, 0.603852, -0.00103429
4.53, 0.611824, -0.00140471
4.54, 0.649878, -9.52698e-05
4.55, 0.631814, -0.000248544
4.56, 0.655216, -0.00126728
4.57, 0.615539, 0.00113622
4.58, 0.615882, -0.000416292
4.59, 0.60678, -0.00198322
4.6, 0.577364, 0.000392496
4.61, 0.561792, 0.000253654
4.62, 0.473955, -0.000127433
4.63, 0.514438, -0.000649105
4.64, 0.514521, -0.000533928
4.65, 0.558496, -0.00114205
4.66, 0.572248, -0.00114115
4.67, 0.487672, -0.00043808
4.68, 0.543894, -0.000240326
4.69, 0.529722, -0.00069479
4.7, 0.486363, -0.000769964
4.71, 0.499639, -0.000820977
4.72, 0.434182, -0.000529656
4.73, 0.463349, -0.000953779
4.74, 0.501234, -0.000858143
4.75, 0.487769, 0.000212133
4.76, 0.462295, -0.00141017
4.77, 0.482636, -0.000944641
4.78, 0.472478, 0.000308245
4.79, 0.471717, -0.000545689
4.8, 0.465774, 2.85986e-05
4.81, 0.468637, -0.000831931
4.82, 0.456782, 0.000759678
4.83, 0.450824, 0.000185148
4.84, 0.448697, -2.40655e-05
4.85, 0.413541, -0.000369034
4.86, 0.434509, -0.000414813
4.87, 0.400328, 0.000359051
4.88, 0.406604, -0.00135786
4.89, 0.393023, -0.00137666
4.9, 0.397503, -0.00112977
4.91, 0.398214, 0.000375088
4.92, 0.356326, 0.000606037
4.93, 0.366616, 0.000221615
4.94, 0.371352, -7.64255e-05
4.95, 0.368237, -0.000235828
4.96, 0.342244, -0.000308274
4.97, 0.344857, -0.000302794
4.98, 0.345774, -0.000470648
4.99, 0.343159, -0.000433124
5, 0.3384, -0.000342486
5.01, 0.331975, -0.000287132
5.02, 0.326754, -0.000338175
5.03, 0.32097, -0.000213863
5.04, 0.315791, -0.00027323
5.05, 0.309425, -0.000147575
5.06, 0.305342, -0.000191879
5.07, 0.319008, 3.24787e-05
5.08, 0.30254, -0.000264789
5.09, 0.291114, -0.00022791
5.1, 0.283011, -0.000638079
5.11, 0.304243, -0.000125802
5.12, 0.282469, -0.00157941
5.13, 0.280038, -0.000503703
5.14, 0.264717, -0.000287101
5.15, 0.255062, 0.000255552
5.16, 0.279747, -2.12384e-05
5.17, 0.254327, -0.000179457
5.18, 0.243268, -0.000109977
5.19, 0.234, -0.000214474
5.2, 0.231785, -0.000223556
5.21, 0.226496, -0.000320682
5.22, 0.232913, -0.000866094
5.23, 0.216718, -0.000498537
5.24, 0.209851, -0.000429963
5.25, 0.233864, -0.000203631
5.26, 0.230045, -0.00014251
5.27, 0.223743, 0.000546149
5.28, 0.222891, -0.00057113
5.29, 0.2365, -0.000156212
5.3, 0.204537, 0.000138759
5.31, 0.226765, 9.5361e-05
5.32, 0.24624, 0.000109926
5.33, 0.222873, 2.45506e-05
5.34, 0.218066, 0.000241756
5.35, 0.196968, -0.0008729
5.36, 0.208021, -0.00085647
5.37, 0.203208, -0.000635328
5.38, 0.189598, -8.15251e-05
5.39, 0.22545, -0.000338417
5.4, 0.199131, -0.000200165
5.41, 0.222192, -0.000236654
5.42, 0.1981, -0.000196417
5.43, 0.236634, -0.00125894
5.44, 0.21248, 5.68563e-05
5.45, 0.164876, 3.52158e-05
5.46, 0.168074, -0.000587597
5.47, 0.146773, -0.000314007
5.48, 0.177761, -0.000287796
5.49, 0.184711, -0.000277824
5.5, 0.246815, -0.000355995
5.51, 0.179321, 0.000359072
5.52, 0.212465, 0.00027325
5.53, 0.200999, 0.000147849
5.54, 0.169676, -0.000280265
5.55, 0.166722, -0.000753379
5.56, 0.219458, -0.000129265
5.57, 0.198573, -0.00035988
5.58, 0.147254, -0.000294389
5.59, 0.190463, -5.97053e-05
5.6, 0.258897, -0.000898448
5.61, 0.169235, -9.69295e-05
5.62, 0.155854, 8.38026e-05
5.63, 0.155823, -0.000543886
5.64, 0.205256, 3.82781e-05
5.65, 0.247804, -0.000888938
5.66, 0.174693, 0.000164468
5.67, 0.198771, 0.000151867
5.68, 0.20767, -0.000162019
5.69, 0.139559, -0.000424428
5.7, 0.234148, -0.00010774
5.71, 0.207828, -0.000285842
5.72, 0.179006, 7.87213e-05
5.73, 0.216368, -0.000324145
5.74, 0.213602, -0.00033373
5.75, 0.164907, 4.20374e-05
5.76, 0.159822, -5.55427e-05
5.77, 0.217307, -0.000731565
5.78, 0.273137, -0.000679399
5.79, 0.183285, -7.66576e-05
5.8, 0.241021, 0.000374255
5.81, 0.175465, -0.00111281
5.82, 0.195021, -0.000557302
5.83, 0.282135, -0.000220266
5.84, 0.167858, -0.000174878
5.85, 0.235411, -6.73405e-05
5.86, 0.226921, -0.000410657
5.87, 0.177221, 0.000123762
5.88, 0.190641, -0.000796367
5.89, 0.27891, -0.000891
5.9, 0.255538, -0.000148819
5.91, 0.221871, 0.000128508
5.92, 0.237439, -0.00032475
5.93, 0.207344, -0.00046514
5.94, 0.283865, -0.000239927
5.95, 0.182004, -0.000109886
5.96, 0.266809, -7.87567e-05
5.97, 0.250498, -0.000400004
5.98, 0.205267, -0.000231749
5.99, 0.259391, -0.000595176
6, 0.331029, -0.000886378
6.01, 0.227372, -0.000261032
6.02, 0.294261, 4.68956e-05
6.03, 0.216156, -0.00120981
6.04, 0.32836, -0.000195947
6.05, 0.237799, 0.000128082
6.06, 0.26151, -0.00047106
6.07, 0.29629, -0.000613881
6.08, 0.238326, 0.000161343
6.09, 0.245591, -0.000423056
6.1, 0.335763, -0.000874399
6.11, 0.310944, -0.000152084
6.12, 0.268626, 7.1658e-05
6.13, 0.290338, -0.000846379
6.14, 0.333435, -0.000314851
6.15, 0.299447, -0.00021605
6.16, 0.248085, -0.000380951
6.17, 0.369222, -0.00069937
6.18, 0.265649, 0.000213375
6.19, 0.27627, -0.00043684
6.2, 0.329228, -0.000614957
6.21, 0.381348, -0.000308169
6.22, 0.302096, -6.16659e-05
6.23, 0.324557, -0.000704255
6.24, 0.368222, -0.000427715
6.25, 0.335965, -0.000285094
6.26, 0.28344, -0.000386245
6.27, 0.403709, -0.000687702
6.28, 0.299702, 0.000187758
6.29, 0.312766, -1.61044e-05
6.3, 0.422253, -0.000969641
6.31, 0.380427, -0.000274599
6.32, 0.341005, -2.09113e-05
6.33, 0.362483, -0.00117176
6.34, 0.406342, -0.000190043
6.35, 0.376875, -0.000201225
6.36, 0.324229, -0.000320879
6.37, 0.441644, -0.000676076
6.38, 0.339552, 6.86362e-05
6.39, 0.35194, -4.20383e-05
6.4, 0.423505, -0.00100459
6.41, 0.453749, -0.000230276
6.42, 0.384702, -3.28857e-05
6.43, 0.405061, -0.000982498
6.44, 0.409954, -0.000291073
6.45, 0.459601, -0.000292336
6.46, 0.394176, -0.000187503
6.47, 0.462816, -0.000724323
6.48, 0.342638, 0.000314426
6.49, 0.426015, -0.000451578
6.5, 0.45414, -0.000312705
6.51, 0.512687, -0.000503193
6.52, 0.455133, 0.000140774
6.53, 0.464216, -0.000364702
6.54, 0.410628, -0.000437777
6.55, 0.489944, -4.32914e-05
6.56, 0.439729, -0.00013405
6.57, 0.498158, 8.61979e-06
6.58, 0.474308, -0.000539729
6.59, 0.426173, -0.000238892
6.6, 0.439842, -0.000749917
6.61, 0.508228, -0.000459668
6.62, 0.538429, -0.000451427
6.63, 0.484483, -0.000123449
6.64, 0.503787, -0.00029877
6.65, 0.480841, -0.000633884
6.66, 0.527874, -0.00018302
6.67, 0.490223, -0.000348207
6.68, 0.542295, -7.56758e-05
6.69, 0.510061, -0.000910354
6.7, 0.448002, 0.000500415
6.71, 0.496198, -0.00099991
6.72, 0.580441, -0.000455538
6.73, 0.60363, -0.000571294
6.74, 0.48592, -7.69809e-05
6.75, 0.555215, -8.43383e-06
6.76, 0.552545, -0.000490661
6.77, 0.538479, -0.000573525
6.78, 0.582368, -0.000178537
6.79, 0.550295, -0.000151466
6.8, 0.554638, -0.000466334
6.81, 0.625147, -0.000869796
6.82, 0.535197, 9.48933e-05
6.83, 0.525504, -0.00102058
6.84, 0.552171, 4.79288e-05
6.85, 0.588814, -3.67606e-05
6.86, 0.646369, -0.000866224
6.87, 0.546866, -5.519e-05
6.88, 0.624838, -0.000214464
6.89, 0.616732, -0.000619388
6.9, 0.586929, -0.000602
6.91, 0.641911, -8.46441e-05
6.92, 0.641876, -0.000609836
6.93, 0.603136, -0.000510563
6.94, 0.59964, -0.000260644
6.95, 0.684751, -0.000892049
6.96, 0.609197, -6.78383e-05
6.97, 0.592172, -0.000225901
6.98, 0.616886, -0.000886494
6.99, 0.630934, -0.000591202
7, 0.653676, -0.000333279
7.01, 0.689626, -0.000478966
7.02, 0.635982, 0.000220148
7.03, 0.690638, 0.000122708
7.04, 0.659726, -0.000162233
7.05, 0.682258, -0.000925317
7.06, 0.639084, -0.000713842
7.07, 0.691975, -0.000449939
7.08, 0.694153, -0.000143422
7.09, 0.719801, -0.000372833
7.1, 0.664065, -0.000241531
7.11, 0.720131, -0.00010376
7.12, 0.694894, -0.000254172
7.13, 0.715876, -0.00120235
7.14, 0.718292, -0.000326459
7.15, 0.687809, -0.0003617
7.16, 0.683751, -0.000311028
7.17, 0.690621, -0.00109182
7.18, 0.682056, -4.54932e-05
7.19, 0.728535, -3.04688e-05
7.2, 0.740294, -0.000877087
7.21, 0.700825, -0.000423896
7.22, 0.737824, -0.000396284
7.23, 0.752005, 0.000531299
7.24, 0.711354, -0.000291123
7.25, 0.760341, -0.000280642
7.26, 0.803227, -3.02066e-05
7.27, 0.777944, -0.000267644
7.28, 0.76245, 0.000179807
7.29, 0.768731, -0.000268866
7.3, 0.771248, -0.00163001
7.31, 0.759947, -0.00106803
7.32, 0.802342, -0.000677587
7.33, 0.793509, -0.000625168
7.34, 0.784615, -0.000632782
7.35, 0.790374, -0.000142769
7.36, 0.78576, -0.000354567
7.37, 0.82822, -0.000477958
7.38, 0.816695, -0.000732319
7.39, 0.818581, -0.000267316
7.4, 0.81025, -0.000483695
7.41, 0.821783, -0.000297784
7.42, 0.806066, -0.00038818
7.43, 0.813153, -0.000438208
7.44, 0.860778, -0.000619157
7.45, 0.847025, -0.000441449
7.46, 0.875209, -0.000734482
7.47, 0.862419, 0.000242355
7.48, 0.853313, -0.000802104
7.49, 0.850752, -0.000163807
7.5, 0.851693, -0.000296264
7.51, 0.854781, -0.000697344
7.52, 0.858666, -8.90385e-05
7.53, 0.862957, -0.000198475
7.54, 0.866999, -0.000158336
7.55, 0.872286, -0.000128122
7.56, 0.873762, -0.000138982
7.57, 0.845404, -0.000653548
7.58, 0.867881, -2.59859e-05
7.59, 0.835839, -0.000841869
7.6, 0.865709, -0.000225916
7.61, 0.893654, -0.000340406
7.62, 0.897399, -0.000776443
7.63, 0.898193, -0.000488974
7.64, 0.906253, -0.000995193
7.65, 0.915049, -0.000733756
7.66, 0.883156, -0.000572123
7.67, 0.909098, -0.000529796
7.68, 0.920448, -0.00110801
7.69, 0.931482, -0.000884807
7.7, 0.930594, -0.00082376
7.71, 0.885482, -0.00087517
7.72, 0.914761, -9.39991e-05
7.73, 0.937359, -0.00048371
7.74, 0.948945, -0.000288076
7.75, 0.951589, -0.00115054
7.76, 0.937083, 5.01998e-05
7.77, 0.904565, -0.000221367
7.78, 0.883743, -0.0013408
7.79, 0.924451, -0.00103937
7.8, 0.962726, -0.000698125
7.81, 0.941684, -0.000828999
7.82, 0.970238, -0.000878417
7.83, 0.985935, 0.000385507
7.84, 0.966575, -0.000917679
7.85, 1.00109, -0.000513763
7.86, 1.00759, 0.00112274
7.87, 1.00276, 0.000840917
7.88, 1.00202, -0.000383463
7.89, 0.987804, -0.00129497
7.9, 0.967421, -2.5067e-05
7.91, 0.997262, 0.00047387
7.92, 0.893482, -0.000878107
7.93, 0.948421, -0.000137256
7.94, 0.948765, -0.00058347
7.95, 1.00021, -0.00121219
7.96, 0.935562, -0.00105295
7.97, 0.998095, -0.000719202
7.98, 1.00724, -0.000770568
7.99, 0.981179, -0.000640113
8, 0.879895, -0.000749346
8.01, 0.957915, -0.000788465
8.02, 1.00679, -0.00131576
8.03, 1.00726, 0.000160131
8.04, 1.05453, -9.82256e-05
8.05, 1.06156, 0.000511858
8.06, 1.01153, 3.56416e-06
8.07, 1.05749, -0.00152591
8.08, 1.01641, 0.000797259
8.09, 0.97106, -0.000530685
8.1, 0.927692, -0.000895552
8.11, 0.986718, -0.000436668
8.12, 0.994856, -0.00102028
8.13, 0.97718, -0.000412825
8.14, 1.03215, -0.000997347
8.15, 0.857657, -0.000987932
8.16, 0.970012, -0.00078597
8.17, 1.03346, -0.00142591
8.18, 1.04506, -0.000105111
8.19, 1.07698, -0.00106767
8.2, 1.0295, 0.00100292
8.21, 1.08912, -0.00115743
8.22, 1.0511, 0.00034494
8.23, 0.904336, -5.70159e-05
8.24, 0.955368, -0.000384974
8.25, 0.995721, -0.00112446
8.26, 0.988008, -0.000431686
8.27, 1.04604, -0.00101897
8.28, 0.871749, -0.00102882
8.29, 0.942629, -0.00144817
8.3, 1.02194, -0.00134308
8.31, 1.09404, -9.67016e-05
8.32, 1.08071, 0.000753343
8.33, 1.0443, -0.00130615
8.34, 1.0599, 0.000734595
8.35, 0.904693, -0.00090603
8.36, 0.959457, -0.00039769
8.37, 1.00037, -0.00109931
8.38, 0.994509, -0.000959074
8.39, 0.905182, -0.00115552
8.4, 0.931966, -0.000979443
8.41, 1.01827, -0.00163749
8.42, 1.04719, -0.000250686
8.43, 1.07408, 0.000955544
8.44, 1.05839, -0.00067556
8.45, 1.02124, 0.000425678
8.46, 0.894179, -0.00118566
8.47, 0.95592, -0.000551783
8.48, 0.937816, -0.00122283
8.49, 0.985593, -0.00119153
8.5, 0.862022, -0.00151141
8.51, 0.947142, -0.0012131
8.52, 0.980049, -0.00156377
8.53, 1.0889, -0.000366031
8.54, 1.02891, 0.000156504
8.55, 1.06784, -0.0020354
8.56, 0.96952, 0.000532587
8.57, 0.896814, -0.000162587
8.58, 0.922838, -0.00076467
8.59, 0.949393, -0.000722322
8.6, 0.862694, -0.000134659
8.61, 0.90169, -0.00162952
8.62, 0.991294, -0.00196434
8.63, 1.01747, -0.00153686
8.64, 0.977783, 0.000829817
8.65, 1.06966, -0.00128664
8.66, 0.976743, 4.33768e-05
8.67, 0.847471, -0.000444399
8.68, 0.909977, -0.00103427
8.69, 0.926415, -0.00129601
8.7, 0.870016, -0.0010574
8.71, 0.835119, -0.00078069
8.72, 0.966147, -0.000459779
8.73, 0.992961, -0.00216713
8.74, 0.949371, 0.00145865
8.75, 1.04263, -0.00189137
8.76, 0.947443, -0.000335504
8.77, 0.816557, -0.000649931
8.78, 0.879768, -0.00107012
8.79, 0.897271, -5.88519e-05
8.8, 0.813516, -0.00180032
8.81, 0.845358, -0.00132039
8.82, 0.932305, -0.00190318
8.83, 0.95767, -0.00158441
8.84, 0.916074, 0.00197781
8.85, 1.005, -0.00189374
8.86, 0.909345, -0.000384318
8.87, 0.778534, -0.000676945
8.88, 0.841785, -0.00120947
8.89, 0.859851, -0.000540463
8.9, 0.813057, -0.00158911
8.91, 0.766334, -0.00117789
8.92, 0.889492, -0.00202835
8.93, 0.915566, -0.00160161
8.94, 0.911656, 0.000700734
8.95, 0.918602, -0.0013936
8.96, 0.886338, 0.000549687
8.97, 0.714737, -0.000352671
8.98, 0.82603, -0.00154203
8.99, 0.775895, -0.00132124
9, 0.87167, -0.00121578
9.01, 0.676968, -0.000873398
9.02, 0.786809, -0.00205177
9.03, 0.853858, -0.000718822
9.04, 0.882258, 0.000432266
9.05, 0.884748, -0.00111858
9.06, 0.843825, -0.000774579
9.07, 0.669701, -0.000178265
9.08, 0.754557, -0.0013174
9.09, 0.792939, -0.00168428
9.1, 0.786495, -0.00039338
9.11, 0.732624, -0.00199641
9.12, 0.673744, -0.00138859
9.13, 0.782085, -0.00218077
9.14, 0.805587, -0.000748989
9.15, 0.822191, 0.00028387
9.16, 0.819474, -0.00120336
9.17, 0.778373, -0.000231697
9.18, 0.664569, -0.00136342
9.19, 0.707049, -0.0013133
9.2, 0.72502, -0.00160092
9.21, 0.67917, -0.000321635
9.22, 0.731546, -0.00190841
9.23, 0.595276, -0.00169439
9.24, 0.673057, -0.00192703
9.25, 0.7287, -0.00078714
9.26, 0.746289, -0.00202793
9.27, 0.752637, 0.00118656
9.28, 0.745474, -0.00162501
9.29, 0.701795, -0.000551985
9.3, 0.678913, -0.00111903
9.31, 0.567672, -0.00137061
9.32, 0.648768, -0.00138583
9.33, 0.605784, -0.00102117
9.34, 0.665361, -0.0017813
9.35, 0.659903, -0.00161707
9.36, 0.539537, -0.00164004
9.37, 0.6056, -0.00231901
9.38, 0.646502, -0.000848482
9.39, 0.659585, -0.00195257
9.4, 0.682708, 9.19586e-06
9.41, 0.62057, -0.000710441
9.42, 0.664411, -0.00200797
9.43, 0.631692, -0.000578753
9.44, 0.502054, -0.00126879
9.45, 0.524055, -0.00109446
9.46, 0.574777, -0.00110664
9.47, 0.604911, -0.00198482
9.48, 0.550699, -0.00070088
9.49, 0.578555, -0.00174622
9.5, 0.568878, -0.00174406
9.51, 0.448021, -0.00155069
9.52, 0.52535, -0.00172208
9.53, 0.542888, -0.00210416
9.54, 0.566069, -0.00188541
9.55, 0.555804, -0.0014524
9.56, 0.571785, -0.00125431
9.57, 0.552241, 0.000656694
9.58, 0.531143, -0.00099626
9.59, 0.535101, -0.00249414
9.6, 0.499005, -0.000355054
9.61, 0.491128, -0.000575796
9.62, 0.410945, -0.00107281
9.63, 0.454613, -0.00137881
9.64, 0.437175, -0.0013203
9.65, 0.481503, -0.00192361
9.66, 0.494491, -0.00186648
9.67, 0.437387, -0.00127405
9.68, 0.469117, -0.00109632
9.69, 0.46083, -0.00159208
9.7, 0.435084, -0.00159517
9.71, 0.427213, -0.0015917
9.72, 0.376004, -0.00144895
9.73, 0.428741, -0.00181963
9.74, 0.430145, -0.0016223
9.75, 0.411954, -0.00170152
9.76, 0.407742, -0.00164864
9.77, 0.412541, -0.00158997
9.78, 0.403211, -0.000511084
9.79, 0.397973, -0.00054699
9.8, 0.408509, -0.00193862
9.81, 0.400444, -0.00155563
9.82, 0.388809, -0.000139208
9.83, 0.383411, 1.75287e-05
9.84, 0.381877, -0.00121886
9.85, 0.373501, -0.00147876
9.86, 0.368876, -0.0014169
9.87, 0.331017, -0.00138335
9.88, 0.333622, -0.00189279
9.89, 0.339909, -0.00193701
9.9, 0.335044, -0.00195219
9.91, 0.329617, -7.22938e-05
9.92, 0.296489, -0.000580441
9.93, 0.306203, -0.000845983
9.94, 0.308842, -0.00107401
9.95, 0.307566, -0.00125149
9.96, 0.281899, -0.00121128
9.97, 0.285573, -0.00179166
9.98, 0.286649, -0.00115597
9.99, 0.283951, -0.00114559
10, 0.280234, -0.00119399
