timestep	Fx	Fy
0.005	63.4901	-0.271274
0.01	47.7059	0.360008
0.015	26.919	-0.118989
0.02	16.8586	-0.0432326
0.025	10.4445	-0.0208541
0.03	6.75268	-0.00506624
0.035	4.60576	0.00281367
0.04	3.3265	0.00459342
0.045	2.54442	0.00744448
0.05	2.06102	0.00266936
0.055	1.73865	0.0031049
0.06	1.52749	0.00633789
0.065	1.36964	0.00140052
0.07	1.25705	-0.00033943
0.075	1.17012	0.00351136
0.08	1.0989	0.00586967
0.085	1.04346	0.00450081
0.09	0.987903	0.00333119
0.095	0.942102	0.00369053
0.1	0.903894	0.000126287
0.105	0.867458	0.000678124
0.11	0.838416	0.00258839
0.115	0.805042	0.00256155
0.12	0.778633	0.0032281
0.125	0.752273	-0.00123363
0.13	0.730437	-0.00110091
0.135	0.699231	0.00118049
0.14	0.685223	0.00210694
0.145	0.668184	0.00207289
0.15	0.649063	0.00260221
0.155	0.630656	0.00141666
0.16	0.616934	0.00184875
0.165	0.60987	0.00195684
0.17	0.593213	-0.000909817
0.175	0.576047	-0.00201731
0.18	0.560951	-0.00103392
0.185	0.548013	0.000837753
0.19	0.540044	0.00181829
0.195	0.523052	-0.00143672
0.2	0.50903	0.000434812
0.205	0.503863	0.00258824
0.21	0.491433	0.00233332
0.215	0.478249	-0.000742136
0.22	0.478149	0.00178902
0.225	0.46766	0.000826396
0.23	0.46071	0.000284504
0.235	0.446674	0.000777132
0.24	0.438294	0.000294102
0.245	0.428074	0.00149268
0.25	0.424468	-0.000379598
0.255	0.416178	0.000674657
0.26	0.409667	7.1974e-05
0.265	0.400531	-2.26844e-05
0.27	0.396414	0.0017057
0.275	0.39381	0.00166068
0.28	0.38495	0.00254773
0.285	0.383374	-6.27348e-05
0.29	0.372601	0.000899741
0.295	0.370753	0.00139069
0.3	0.362644	0.00133248
0.305	0.361681	3.01008e-05
0.31	0.351245	0.00121574
0.315	0.349104	-0.000852055
0.32	0.349211	-0.00253753
0.325	0.347798	-0.00199432
0.33	0.339621	-7.31694e-05
0.335	0.332138	-0.0014019
0.34	0.33356	-0.000324784
0.345	0.326139	0.000202339
0.35	0.322178	-0.000278816
0.355	0.314949	-0.000551148
0.36	0.313287	0.00218494
0.365	0.311013	0.00176046
0.37	0.310331	-2.90968e-05
0.375	0.309027	-0.00164525
0.38	0.30765	-0.0010925
0.385	0.297114	0.000561671
0.39	0.296126	0.00143738
0.395	0.298199	0.00111208
0.4	0.293773	-0.000822204
0.405	0.291316	-0.000927895
0.41	0.284216	0.000488902
0.415	0.281692	-8.89632e-05
0.42	0.28155	0.0006474
0.425	0.277105	0.00272651
0.43	0.276042	0.0013223
0.435	0.275681	0.000486043
0.44	0.273227	0.00191094
0.445	0.26854	0.0018501
0.45	0.271265	0.000108055
0.455	0.265613	0.000310834
0.46	0.265917	-0.00224427
0.465	0.266693	-0.00204303
0.47	0.259058	-0.00177927
0.475	0.2642	-0.00110749
0.48	0.257998	-0.000645021
0.485	0.254115	0.000135433
0.49	0.255283	0.00166043
0.495	0.257173	0.000927531
0.5	0.254394	-0.00083569
0.505	0.255813	-0.00157845
0.51	0.250489	0.000238304
0.515	0.252088	0.000364724
0.52	0.251715	2.9048e-05
0.525	0.249578	-0.000956492
0.53	0.246171	6.25971e-05
0.535	0.247909	0.00134952
0.54	0.241188	0.00251118
0.545	0.243381	0.00112237
0.55	0.242497	0.00220053
0.555	0.241211	0.000707366
0.56	0.240414	0.00157763
0.565	0.241905	0.00099074
0.57	0.241507	-0.00235801
0.575	0.240871	-0.000916406
0.58	0.240151	-0.00199241
0.585	0.238945	-0.00044717
0.59	0.2359	0.00011939
0.595	0.23636	0.00138667
0.6	0.239643	-0.000352051
0.605	0.238246	-0.00146825
0.61	0.236003	0.00170513
0.615	0.23727	0.000298041
0.62	0.236743	-0.00100442
0.625	0.235363	3.10974e-05
0.63	0.234271	-0.000914686
0.635	0.231031	0.000863343
0.64	0.234799	0.000575822
0.645	0.240394	0.00228269
0.65	0.233158	0.00145316
0.655	0.235248	0.00237474
0.66	0.235796	-0.00187759
0.665	0.2359	-0.000974918
0.67	0.233657	-0.00166812
0.675	0.235275	-0.00106936
0.68	0.233273	0.000268902
0.685	0.234051	0.000593214
0.69	0.235186	-0.000416278
0.695	0.23644	0.000819969
0.7	0.234185	0.000914308
0.705	0.237793	0.000226107
0.71	0.237928	-0.000564977
0.715	0.23546	-0.00203503
0.72	0.235007	0.00136794
0.725	0.236744	0.000658256
0.73	0.240079	0.000857008
0.735	0.238706	0.00144082
0.74	0.238593	0.000596542
0.745	0.237125	-0.00204964
0.75	0.241764	0.000997476
0.755	0.239864	-0.00147761
0.76	0.235694	-0.000776073
0.765	0.238919	0.00127841
0.77	0.243427	-0.000221821
0.775	0.243971	-0.000240707
0.78	0.2409	0.000399122
0.785	0.245698	0.00027024
0.79	0.247372	-0.000302005
0.795	0.246127	-0.000996059
0.8	0.245085	4.8069e-05
0.805	0.248246	0.000608624
0.81	0.251741	0.00301582
0.815	0.247437	0.00188905
0.82	0.250051	-0.000276426
0.825	0.251518	-0.000952611
0.83	0.252515	-0.000444001
0.835	0.251688	-0.00106583
0.84	0.24824	0.000820043
0.845	0.252807	-7.03574e-05
0.85	0.257865	-0.000314079
0.855	0.254609	0.000379795
0.86	0.259393	5.91305e-05
0.865	0.257609	0.000508634
0.87	0.258736	-0.00183374
0.875	0.261373	-0.000387417
0.88	0.264415	0.00180969
0.885	0.261752	0.00208046
0.89	0.263722	0.00164614
0.895	0.26419	-0.00224915
0.9	0.265945	-0.00131157
0.905	0.267877	-0.00140347
0.91	0.266489	0.00105095
0.915	0.269746	0.00221616
0.92	0.269398	-6.81693e-05
0.925	0.270795	0.00014571
0.93	0.276265	0.000608206
0.935	0.277786	3.62864e-05
0.94	0.277687	-0.00153256
0.945	0.279269	-0.000309698
0.95	0.280877	5.3675e-05
0.955	0.281138	0.0021373
0.96	0.283074	0.00241436
0.965	0.281478	-0.000573046
0.97	0.28334	0.000160721
0.975	0.285139	-0.000189072
0.98	0.284531	0.00128058
0.985	0.287216	-0.000305503
0.99	0.293656	-0.00103378
0.995	0.291586	7.12887e-05
1	0.297657	-0.000283707
1.005	0.298111	-0.00149523
1.01	0.297718	-0.000800465
1.015	0.298763	-0.000673211
1.02	0.303167	0.000874653
1.025	0.304751	0.00147049
1.03	0.305827	0.000624574
1.035	0.306212	0.00110341
1.04	0.308533	-0.00108474
1.045	0.305179	-0.00061457
1.05	0.310139	0.000857161
1.055	0.311008	0.000462184
1.06	0.313739	0.000409485
1.065	0.320114	0.00132224
1.07	0.318263	0.000436377
1.075	0.321002	-0.00134216
1.08	0.32419	-8.40415e-07
1.085	0.327513	0.0020831
1.09	0.328023	0.00220731
1.095	0.331363	0.000520505
1.1	0.329914	-0.000830017
1.105	0.331652	-0.0011412
1.11	0.327081	-0.000600731
1.115	0.333862	0.00153427
1.12	0.338349	-0.000202892
1.125	0.337538	-2.06564e-05
1.13	0.345103	-0.00131437
1.135	0.344728	-0.00112074
1.14	0.347827	-0.0016139
1.145	0.34938	0.00154122
1.15	0.35378	0.000374423
1.155	0.356053	0.000269389
1.16	0.355803	0.00132265
1.165	0.356215	0.00161694
1.17	0.358106	-0.000169921
1.175	0.355818	-0.000188378
1.18	0.361529	0.0010895
1.185	0.364475	-4.47715e-05
1.19	0.364891	0.000878879
1.195	0.372693	-0.000790148
1.2	0.373122	-0.0021609
1.205	0.374979	0.000768343
1.21	0.377184	0.000170916
1.215	0.382738	-2.48249e-05
1.22	0.381546	0.00106104
1.225	0.384765	0.000640165
1.23	0.384746	0.00114097
1.235	0.388024	-0.000327369
1.24	0.387234	0.000484891
1.245	0.389245	0.000369451
1.25	0.395321	-0.000822697
1.255	0.396482	-3.54749e-05
1.26	0.401201	-0.000352104
1.265	0.403784	0.000258509
1.27	0.404266	0.000860757
1.275	0.409519	0.00121732
1.28	0.411438	0.00263919
1.285	0.414287	0.00191312
1.29	0.414794	-0.00143141
1.295	0.416018	-9.39714e-05
1.3	0.417014	-0.000167247
1.305	0.416226	0.00048658
1.31	0.421357	-0.00111774
1.315	0.425585	8.32068e-05
1.32	0.432348	0.000689932
1.325	0.433624	-0.00119822
1.33	0.436226	-0.0013141
1.335	0.439072	-0.000983914
1.34	0.442132	0.00108561
1.345	0.445849	0.00206494
1.35	0.446152	0.00162557
1.355	0.446888	-0.000623102
1.36	0.449194	0.000865004
1.365	0.447791	4.42561e-05
1.37	0.451248	0.00165509
1.375	0.456458	-0.000181805
1.38	0.457918	-0.000502419
1.385	0.46559	-0.000551727
1.39	0.469285	-0.000957841
1.395	0.470084	-0.00028733
1.4	0.474099	-0.000362814
1.405	0.476957	0.000591944
1.41	0.479392	0.00178495
1.415	0.480029	0.00086964
1.42	0.483909	0.00206947
1.425	0.482094	-0.000893318
1.43	0.481575	-0.0010299
1.435	0.486293	0.00192135
1.44	0.49237	-0.00025952
1.445	0.493916	-0.000789639
1.45	0.500836	-8.64499e-05
1.455	0.505662	-8.93654e-05
1.46	0.505173	1.08985e-05
1.465	0.509094	0.000461572
1.47	0.511702	0.00107722
1.475	0.514454	0.00278988
1.48	0.517628	2.70267e-06
1.485	0.519932	-0.00049611
1.49	0.517909	0.000671508
1.495	0.520861	-0.00037541
1.5	0.520163	0.00097987
1.505	0.528106	-0.000556331
1.51	0.529483	0.000369319
1.515	0.538111	6.65515e-05
1.52	0.539269	-0.00117031
1.525	0.542045	-0.00103768
1.53	0.545383	0.000478722
1.535	0.549138	0.000421032
1.54	0.554232	0.0017401
1.545	0.551311	0.000736623
1.55	0.557693	0.000972761
1.555	0.558593	0.00105673
1.56	0.560415	0.000752365
1.565	0.558412	0.000685074
1.57	0.56453	0.00040188
1.575	0.569072	-0.000841997
1.58	0.569885	-0.000302995
1.585	0.578781	-0.000500631
1.59	0.583788	0.000287379
1.595	0.582875	-0.000828321
1.6	0.585144	-0.00119785
1.605	0.589703	0.00021279
1.61	0.592023	0.00210613
1.615	0.594698	0.00293362
1.62	0.598295	-0.00110063
1.625	0.598522	-0.00139317
1.63	0.601506	0.000121336
1.635	0.600697	0.00105546
1.64	0.605822	0.00127694
1.645	0.608659	0.000129001
1.65	0.612715	-0.000288132
1.655	0.620151	1.7845e-05
1.66	0.62387	0.0001503
1.665	0.625614	0.000150873
1.67	0.626451	0.000780959
1.675	0.630915	0.000946071
1.68	0.637222	0.00234098
1.685	0.638547	0.00136316
1.69	0.639803	0.000666657
1.695	0.642224	-0.00105259
1.7	0.641549	-0.000911427
1.705	0.644717	-0.00155487
1.71	0.644306	0.00297374
1.715	0.650662	0.000353249
1.72	0.658131	-0.00160512
1.725	0.659455	0.00130114
1.73	0.665512	0.000298949
1.735	0.668388	-0.00123946
1.74	0.670029	-0.000944728
1.745	0.670579	-0.000252319
1.75	0.676391	0.000607746
1.755	0.682502	0.000736913
1.76	0.684186	0.00132934
1.765	0.683997	0.00180811
1.77	0.687932	-4.32182e-05
1.775	0.690104	-0.000216525
1.78	0.691825	0.000569945
1.785	0.688616	-0.000319317
1.79	0.694073	0.00192139
1.795	0.702184	-0.000522357
1.8	0.707287	0.000386231
1.805	0.706413	0.000922618
1.81	0.715494	0.0013258
1.815	0.718577	-0.000644362
1.82	0.718323	-0.000565879
1.825	0.720299	0.000772414
1.83	0.724145	0.00108275
1.835	0.728396	0.00156392
1.84	0.730125	0.00196958
1.845	0.732102	0.00185861
1.85	0.739937	-0.00234883
1.855	0.741244	0.000175163
1.86	0.740592	-0.000657234
1.865	0.738572	-0.000671913
1.87	0.741397	0.000519452
1.875	0.747871	0.0030966
1.88	0.754156	-0.00191505
1.885	0.757868	-0.00181282
1.89	0.760195	0.000820592
1.895	0.765923	4.7136e-05
1.9	0.771086	0.00157375
1.905	0.771045	-0.000270188
1.91	0.771639	0.000106061
1.915	0.776224	0.00156058
1.92	0.777639	0.000655769
1.925	0.783999	0.00163283
1.93	0.785172	0.000841088
1.935	0.786045	0.000825259
1.94	0.791923	0.000291567
1.945	0.796123	-0.000888636
1.95	0.795075	0.00020986
1.955	0.79815	0.00055655
1.96	0.800107	-0.000205744
1.965	0.800294	0.0021879
1.97	0.805593	0.001873
1.975	0.812338	-0.00128522
1.98	0.816517	-0.00150741
1.985	0.816087	-0.000123497
1.99	0.82278	0.000581006
1.995	0.826058	0.000587987
2	0.829699	0.000431185
2.005	0.832423	0.00063278
2.01	0.83249	0.000317211
2.015	0.83365	0.000843709
2.02	0.839149	0.000896801
2.025	0.842544	0.000895658
2.03	0.84784	0.000886527
2.035	0.848577	0.000511863
2.04	0.847985	0.00194425
2.045	0.855282	0.000685703
2.05	0.85773	-0.00270851
2.055	0.861206	0.00198751
2.06	0.861507	-8.24111e-05
2.065	0.862229	-0.000662887
2.07	0.862576	-0.00115005
2.075	0.865581	0.00218294
2.08	0.869382	0.00278078
2.085	0.876163	0.000167284
2.09	0.882032	-0.000182482
2.095	0.884747	-0.00147852
2.1	0.885822	-1.39288e-05
2.105	0.889604	0.000437479
2.11	0.893528	0.000719031
2.115	0.899157	0.00151777
2.12	0.90068	-0.000120492
2.125	0.900574	-0.0010256
2.13	0.902841	0.000626875
2.135	0.904404	0.000663571
2.14	0.90979	0.000770394
2.145	0.911192	0.00253541
2.15	0.913587	-0.000212105
2.155	0.920561	0.00322153
2.16	0.918776	0.00121591
2.165	0.923058	0.000137512
2.17	0.924038	0.000742929
2.175	0.927894	0.00137454
2.18	0.9358	-0.000784798
2.185	0.936521	-0.00112664
2.19	0.938877	0.00145107
2.195	0.939093	-0.000113194
2.2	0.939901	-0.00016858
2.205	0.943194	-0.000786617
2.21	0.943874	-9.08597e-05
2.215	0.943314	4.42471e-05
2.22	0.948712	0.00228843
2.225	0.952133	0.00305826
2.23	0.959499	0.00207691
2.235	0.964319	-0.00075707
2.24	0.967829	-0.00162311
2.245	0.96841	0.0009015
2.25	0.972199	-0.001491
2.255	0.974692	0.000129194
2.26	0.975196	-0.000876961
2.265	0.980958	0.00150114
2.27	0.98323	0.00296337
2.275	0.986636	0.00138216
2.28	0.990958	5.24522e-05
2.285	0.99219	-0.000266661
2.29	0.993762	-0.000745373
2.295	0.994873	0.00207111
2.3	0.997241	0.000151397
2.305	0.998439	0.000772699
2.31	1.00152	0.000576961
2.315	1.00338	0.00106325
2.32	1.00607	0.00198993
2.325	1.00676	0.00116329
2.33	1.01698	0.000633777
2.335	1.01615	0.00113963
2.34	1.01787	-0.00023998
2.345	1.0221	0.000284893
2.35	1.0229	0.000816215
2.355	1.02883	0.00076773
2.36	1.03217	0.00163622
2.365	1.03477	0.000801016
2.37	1.03119	0.00160907
2.375	1.03358	0.000640276
2.38	1.03679	0.000912899
2.385	1.04497	9.18393e-05
2.39	1.04482	0.000909283
2.395	1.03949	0.000766334
2.4	1.04363	0.00116799
2.405	1.04985	0.000533627
2.41	1.05806	0.000346868
2.415	1.05938	0.000888382
2.42	1.05491	0.00115111
2.425	1.06544	0.000164494
2.43	1.0635	-0.000258865
2.435	1.07209	-8.67812e-05
2.44	1.07253	0.000900201
2.445	1.06986	-0.0016727
2.45	1.0726	-0.000492924
2.455	1.0757	0.00109453
2.46	1.0725	0.00139413
2.465	1.08259	0.00154922
2.47	1.08408	0.00139423
2.475	1.08416	-0.000477109
2.48	1.08728	0.000750352
2.485	1.08852	0.00130235
2.49	1.08962	0.000943839
2.495	1.08485	0.000179853
2.5	1.09182	0.00167035
2.505	1.0975	0.00201407
2.51	1.10633	0.000906393
2.515	1.10694	-0.000302586
2.52	1.1024	0.00129082
2.525	1.10163	0.000676956
2.53	1.1039	0.000226397
2.535	1.11493	-3.98805e-05
2.54	1.11508	-7.59499e-05
2.545	1.11634	7.36749e-05
2.55	1.11804	0.000380076
2.555	1.12051	0.000456998
2.56	1.12225	0.00121194
2.565	1.11887	0.000103485
2.57	1.12679	-0.000254686
2.575	1.13044	-0.000211034
2.58	1.13477	0.00219213
2.585	1.13504	0.000898292
2.59	1.13452	0.00118349
2.595	1.13133	0.00161238
2.6	1.13595	0.000853725
2.605	1.13422	0.00179799
2.61	1.14048	0.00105075
2.615	1.13792	0.00134125
2.62	1.14334	0.00105105
2.625	1.14789	0.000222829
2.63	1.14922	0.000234645
2.635	1.15538	0.000591216
2.64	1.15594	0.00152198
2.645	1.16004	0.000851913
2.65	1.16001	0.00158007
2.655	1.16427	0.000430169
2.66	1.16174	0.000569686
2.665	1.16324	-0.000565066
2.67	1.16969	0.000396913
2.675	1.17005	-0.000343411
2.68	1.17141	-3.52095e-05
2.685	1.17657	0.00167737
2.69	1.17641	0.000510161
2.695	1.17667	0.00152116
2.7	1.18006	0.00152861
2.705	1.18024	-0.000371694
2.71	1.18426	0.000275505
2.715	1.18984	0.000387932
2.72	1.19082	-0.000862121
2.725	1.19088	0.000211092
2.73	1.19229	-0.00276921
2.735	1.19886	-0.000260774
2.74	1.19738	0.00277627
2.745	1.19753	0.00270012
2.75	1.19511	0.000321776
2.755	1.19583	0.0016358
2.76	1.19355	-0.00119895
2.765	1.20261	-0.0012398
2.77	1.20338	-0.00192982
2.775	1.19671	0.00231904
2.78	1.20032	0.000829399
2.785	1.20209	0.00228983
2.79	1.20593	0.00532225
2.795	1.20428	0.00344942
2.8	1.20928	0.000769296
2.805	1.21277	-0.00207824
2.81	1.2133	-0.0020113
2.815	1.22291	-0.0012462
2.82	1.2267	0.000431585
2.825	1.22754	0.00122077
2.83	1.22558	0.00253948
2.835	1.22681	-0.00165513
2.84	1.22322	0.00222508
2.845	1.21938	0.00460396
2.85	1.21969	0.00161279
2.855	1.22762	0.00046701
2.86	1.22872	0.00200829
2.865	1.23136	0.00111687
2.87	1.23621	-0.00253414
2.875	1.23805	0.000896006
2.88	1.23488	-0.000863665
2.885	1.23818	0.00026176
2.89	1.24216	-9.93455e-05
2.895	1.24913	0.000221665
2.9	1.24704	-0.000775914
2.905	1.24833	0.00152638
2.91	1.24732	0.00147201
2.915	1.24912	0.0021094
2.92	1.24332	0.000123982
2.925	1.24643	-0.00230856
2.93	1.23813	0.000923159
2.935	1.23868	0.00148146
2.94	1.24375	0.00517684
2.945	1.24849	0.00211812
2.95	1.24478	-0.00281535
2.955	1.25527	-0.00189879
2.96	1.26514	-9.11934e-05
2.965	1.26482	0.00309743
2.97	1.26257	-0.000982522
2.975	1.25245	0.00147994
2.98	1.25258	0.00417284
2.985	1.25782	0.00215041
2.99	1.25936	-0.000468709
2.995	1.26689	0.000738855
3	1.26742	0.00276811
3.005	1.26219	0.000456627
3.01	1.26836	-0.000811487
3.015	1.27581	0.000161332
3.02	1.2731	0.000686944
3.025	1.27762	0.00182436
3.03	1.27279	-0.000781998
3.035	1.26788	-2.45143e-05
3.04	1.27145	-0.00256008
3.045	1.2535	0.00119745
3.05	1.26621	0.00727342
3.055	1.26575	-0.00112425
3.06	1.26493	0.00209117
3.065	1.27711	-0.00382838
3.07	1.28512	0.00168891
3.075	1.28215	-0.00115279
3.08	1.27194	0.00231373
3.085	1.26943	0.00423408
3.09	1.27388	0.00218899
3.095	1.27987	0.00195812
3.1	1.28297	-0.000150291
3.105	1.28453	0.00121602
3.11	1.28141	8.7453e-05
3.115	1.29326	-0.00147715
3.12	1.28771	-0.00060403
3.125	1.2947	0.00206455
3.13	1.28303	0.00132252
3.135	1.28303	-0.00317389
3.14	1.27142	-0.000576116
3.145	1.27	0.00863772
3.15	1.27743	-0.00327959
3.155	1.27489	7.28117e-05
3.16	1.29414	0.00124676
3.165	1.29889	0.00259403
3.17	1.29532	-0.00211411
3.175	1.27507	0.00925549
3.18	1.27894	0.00233105
3.185	1.28755	0.0013436
3.19	1.29273	0.00110124
3.195	1.29035	-0.000223154
3.2	1.29419	-0.00467858
3.205	1.30026	-0.00256809
3.21	1.29852	0.00255933
3.215	1.29427	0.00425643
3.22	1.28849	0.000736219
3.225	1.28148	-0.000793703
3.23	1.27325	0.00300098
3.235	1.28249	-0.002796
3.24	1.27934	-0.000211612
3.245	1.30351	-0.000123935
3.25	1.29964	0.000882557
3.255	1.28243	0.00202829
3.26	1.28463	0.00224744
3.265	1.29014	0.00180817
3.27	1.29449	1.0248e-05
3.275	1.29254	0.000713128
3.28	1.29398	-0.00145485
3.285	1.29942	-0.000834169
3.29	1.30147	0.00305331
3.295	1.28786	0.00253693
3.3	1.29116	-0.000798494
3.305	1.27341	0.00102737
3.31	1.27604	0.00372368
3.315	1.27439	-0.00159797
3.32	1.29731	-0.000320758
3.325	1.29978	0.000564972
3.33	1.28469	0.00220966
3.335	1.28324	0.00632594
3.34	1.28727	0.00506447
3.345	1.29176	-0.00219494
3.35	1.28804	-0.000836562
3.355	1.29234	-0.00158168
3.36	1.29747	-0.0003369
3.365	1.29727	0.00146199
3.37	1.28941	0.000701882
3.375	1.28076	-0.00107448
3.38	1.25841	0.00470345
3.385	1.28109	0.000970309
3.39	1.27107	-0.00113904
3.395	1.29689	-0.00210362
3.4	1.29226	-0.00243095
3.405	1.2788	0.00926601
3.41	1.27486	0.00351494
3.415	1.28359	-0.00188746
3.42	1.28702	-0.00207177
3.425	1.27956	-0.00184454
3.43	1.28935	0.000361857
3.435	1.2909	0.00238777
3.44	1.27828	0.002601
3.445	1.27767	0.00134883
3.45	1.25013	0.00511485
3.455	1.27421	0.0026808
3.46	1.25471	-0.00187828
3.465	1.29203	-0.00104562
3.47	1.28582	0.00104133
3.475	1.26686	0.0057402
3.48	1.26262	0.000378516
3.485	1.27696	-0.00312686
3.49	1.27232	-0.000706768
3.495	1.27606	-0.0013506
3.5	1.2783	-0.000332171
3.505	1.27884	0.00307729
3.51	1.26569	0.00318114
3.515	1.26128	0.000427164
3.52	1.24032	0.00414278
3.525	1.25004	0.00032631
3.53	1.26697	0.00243102
3.535	1.27645	-0.00146991
3.54	1.25685	0.00266181
3.545	1.25426	0.00593005
3.55	1.25659	0.00135833
3.555	1.26522	-0.00235664
3.56	1.25595	-0.00115056
3.565	1.2629	-0.00158937
3.57	1.2643	-0.000651683
3.575	1.25516	0.00161932
3.58	1.24162	-0.000367595
3.585	1.22374	0.00481011
3.59	1.23907	-0.00199435
3.595	1.24087	-0.00112893
3.6	1.26333	0.00218434
3.605	1.23967	0.00292268
3.61	1.24143	0.00371405
3.615	1.24073	-0.0017254
3.62	1.24503	-0.000609719
3.625	1.23853	-0.000925853
3.63	1.24497	-0.000609228
3.635	1.24587	0.00173098
3.64	1.23395	0.0062072
3.645	1.22414	0.00015541
3.65	1.20524	0.00353694
3.655	1.21748	-0.00212423
3.66	1.22725	0.00179536
3.665	1.2432	0.00190525
3.67	1.21861	0.00301328
3.675	1.21965	0.00272082
3.68	1.21954	-0.00364268
3.685	1.22899	-0.00224888
3.69	1.21894	-0.000640266
3.695	1.22243	-0.00212812
3.7	1.22445	0.00466972
3.705	1.21091	0.002703
3.71	1.20268	0.000538137
3.715	1.18298	0.00420447
3.72	1.18835	-0.000346071
3.725	1.21471	0.00132955
3.73	1.21861	0.000307718
3.735	1.19551	0.0081044
3.74	1.19393	0.00257063
3.745	1.20123	-0.00124213
3.75	1.19887	2.55009e-05
3.755	1.20126	-0.00128935
3.76	1.20043	-0.00297856
3.765	1.19598	-0.000665288
3.77	1.18742	0.00134498
3.775	1.1671	0.000726912
3.78	1.1708	0.00165691
3.785	1.15999	-0.000989584
3.79	1.19331	0.000902742
3.795	1.18845	0.00161674
3.8	1.1661	0.0034063
3.805	1.16182	-4.85823e-05
3.81	1.17573	-0.00083183
3.815	1.17203	-0.000725374
3.82	1.17292	-0.000565076
3.825	1.16925	0.00160359
3.83	1.16311	0.00574605
3.835	1.15558	-0.000108469
3.84	1.12889	0.00356802
3.845	1.1421	0.000389953
3.85	1.1397	0.000684623
3.855	1.16775	0.0044831
3.86	1.15568	-0.000109968
3.865	1.13485	-0.00157394
3.87	1.13844	0.000345466
3.875	1.14307	-0.00115045
3.88	1.1371	-0.00159644
3.885	1.14344	-0.000102056
3.89	1.1352	0.000582699
3.895	1.12833	0.00626406
3.9	1.11839	0.00278497
3.905	1.09956	0.0036396
3.91	1.10765	-0.00172824
3.915	1.11008	-0.00053939
3.92	1.13348	-5.78713e-05
3.925	1.12734	0.00201914
3.93	1.09888	0.00437829
3.935	1.10472	0.00305212
3.94	1.10724	-0.000520589
3.945	1.10293	-0.00176504
3.95	1.10708	0.00158718
3.955	1.10107	0.000593013
3.96	1.0953	0.00160544
3.965	1.08891	1.56237e-05
3.97	1.06132	0.00170491
3.975	1.07924	-0.00241861
3.98	1.07289	-0.000616645
3.985	1.09418	0.000737525
3.99	1.09019	0.00201504
3.995	1.06243	0.00285853
4	1.06568	0.000676547
4.005	1.0714	0.00156216
4.01	1.06698	-0.000229178
4.015	1.0668	-0.000602966
4.02	1.06323	0.000708956
4.025	1.0606	0.00422
4.03	1.04779	0.000844056
4.035	1.02977	0.0029747
4.04	1.0323	0.00395502
4.045	1.0268	-0.000286927
4.05	1.04895	0.00148162
4.055	1.05196	0.000270292
4.06	1.03328	0.00334207
4.065	1.02722	0.00104755
4.07	1.03205	-0.00257705
4.075	1.03169	-0.00119113
4.08	1.02181	-0.00206955
4.085	1.02708	0.000583817
4.09	1.02316	0.00279007
4.095	1.00649	0.00369282
4.1	1.00385	0.00193967
4.105	0.977224	0.00338601
4.11	1.00077	-0.000435721
4.115	0.98415	-0.00290665
4.12	1.01098	-0.00163283
4.125	1.00217	-0.000393357
4.13	0.983447	0.00639905
4.135	0.97986	0.00278986
4.14	0.983877	0.000700111
4.145	0.984941	0.000269376
4.15	0.974864	-0.00129514
4.155	0.981575	0.00146756
4.16	0.973728	-0.000306551
4.165	0.967463	0.00189337
4.17	0.962248	0.00288523
4.175	0.94195	0.00142034
4.18	0.941642	0.00221846
4.185	0.933797	-0.00244721
4.19	0.952473	-0.00014758
4.195	0.959321	0.00230869
4.2	0.952187	0.00107355
4.205	0.928265	0.00403943
4.21	0.925768	0.00600316
4.215	0.937411	-0.00513153
4.22	0.929545	-0.000232356
4.225	0.922647	-0.00052826
4.23	0.928811	0.000854897
4.235	0.924752	0.000882271
4.24	0.912545	0.000945846
4.245	0.904551	0.00089547
4.25	0.888547	0.00084258
4.255	0.888162	0.00460017
4.26	0.887318	-0.000790974
4.265	0.886934	9.88517e-05
4.27	0.906875	0.00446419
4.275	0.896019	-0.00172581
4.28	0.879888	0.00175636
4.285	0.87835	0.00431193
4.29	0.878779	0.00015929
4.295	0.876739	0.000156968
4.3	0.871287	-4.97723e-05
4.305	0.866918	-0.00219712
4.31	0.871106	0.00076102
4.315	0.866461	0.00294174
4.32	0.851733	0.00452204
4.325	0.84667	0.0027692
4.33	0.838778	-0.000676261
4.335	0.826574	0.001895
4.34	0.833403	-0.00179859
4.345	0.830278	-0.00175073
4.35	0.840016	0.00166903
4.355	0.839238	0.00103852
4.36	0.836037	-0.000215689
4.365	0.817771	0.00902535
4.37	0.808198	0.00264075
4.375	0.815644	0.000452437
4.38	0.811896	-0.00301718
4.385	0.804263	-0.0010826
4.39	0.805813	0.0015362
4.395	0.804485	-0.00116842
4.4	0.797726	0.000797629
4.405	0.798049	0.00342479
4.41	0.779329	0.00298992
4.415	0.782613	-0.000384015
4.42	0.767523	0.00124514
4.425	0.766004	0.00394418
4.43	0.767647	-0.000593905
4.435	0.75907	-0.000423068
4.44	0.769692	0.000469409
4.445	0.771935	0.000230864
4.45	0.764341	-0.00160603
4.455	0.754814	0.00712578
4.46	0.744885	0.00507056
4.465	0.740398	0.00222677
4.47	0.744808	0.00029019
4.475	0.742216	-0.000576681
4.48	0.73456	-0.000382124
4.485	0.727767	-0.00286973
4.49	0.733633	-0.000491183
4.495	0.72706	-0.000365138
4.5	0.723926	0.00180513
4.505	0.715906	0.00253146
4.51	0.703847	0.00220194
4.515	0.705937	-0.00123593
4.52	0.693881	0.00100816
4.525	0.688128	0.00294729
4.53	0.69006	0.00222757
4.535	0.682183	-0.00118164
4.54	0.684986	-0.000398975
4.545	0.692874	0.000442497
4.55	0.691308	0.00177531
4.555	0.683033	-0.00108068
4.56	0.673772	0.00291249
4.565	0.671781	0.00479782
4.57	0.664105	0.00303464
4.575	0.66241	0.00248728
4.58	0.661004	0.0011558
4.585	0.65721	2.93928e-06
4.59	0.652074	0.00232017
4.595	0.641877	0.00143082
4.6	0.648582	-0.00147092
4.605	0.641126	-0.000896983
4.61	0.639674	0.00100922
4.615	0.635797	0.00132775
4.62	0.633773	0.00251235
4.625	0.623854	0.00298958
4.63	0.615248	0.00115208
4.635	0.615106	0.000866232
4.64	0.612641	0.00083639
4.645	0.599921	0.000411669
4.65	0.599646	0.00243398
4.655	0.596829	0.00272076
4.66	0.594932	0.000915003
4.665	0.591365	-0.00276403
4.67	0.58859	-0.000254998
4.675	0.593503	0.000694292
4.68	0.594173	0.00174824
4.685	0.590505	0.000681173
4.69	0.581389	0.00200735
4.695	0.574607	0.000769387
4.7	0.578336	0.00150451
4.705	0.564521	0.0039229
4.71	0.560249	0.00566407
4.715	0.556855	0.00285657
4.72	0.559279	0.000851041
4.725	0.553203	0.00101257
4.73	0.554752	-0.00223433
4.735	0.546768	-0.000850901
4.74	0.543262	0.00139892
4.745	0.538218	-0.000184811
4.75	0.530099	0.000647455
4.755	0.530363	0.00073932
4.76	0.527541	0.00112866
4.765	0.525573	0.000363699
4.77	0.52486	4.83969e-06
4.775	0.51687	0.00118248
4.78	0.509634	0.00110438
4.785	0.510502	0.00161342
4.79	0.506844	0.00171007
4.795	0.501037	0.00270914
4.8	0.495805	0.00314705
4.805	0.49323	0.00239278
4.81	0.485267	0.00220925
4.815	0.486863	0.00074475
4.82	0.485227	0.000366713
4.825	0.481141	-0.00030217
4.83	0.474615	0.0013917
4.835	0.467804	0.000515111
4.84	0.470446	0.00107363
4.845	0.462881	0.00234893
4.85	0.46481	0.00262684
4.855	0.459739	0.00159539
4.86	0.444608	0.00218785
4.865	0.453237	0.000230814
4.87	0.441515	0.000102082
4.875	0.448772	4.47581e-05
4.88	0.436501	-0.00105676
4.885	0.433549	-0.000309761
4.89	0.441981	0.000303871
4.895	0.431262	0.000834954
4.9	0.427258	0.0010153
4.905	0.433181	0.000754343
4.91	0.423112	0.00169265
4.915	0.419612	0.000880999
4.92	0.427548	0.00178892
4.925	0.412241	0.00106361
4.93	0.420735	0.000681155
4.935	0.405176	0.000701926
4.94	0.402239	0.00341681
4.945	0.40278	0.000682965
4.95	0.400936	0.000547968
4.955	0.397021	0.000917917
4.96	0.401433	0.00255433
4.965	0.386719	0.000800086
4.97	0.386785	-0.000168788
4.975	0.383001	0.00207194
4.98	0.390227	0.00167187
4.985	0.376089	0.00182228
4.99	0.375166	-0.000445565
4.995	0.371734	0.000755531
5	0.368591	0.00328536
5.005	0.37658	0.000324702
5.01	0.360634	0.00296971
5.015	0.359121	0.000543113
5.02	0.366635	0.000360468
5.025	0.351915	0.00310097
5.03	0.350138	0.0010963
5.035	0.34705	0.000977797
5.04	0.346269	-0.00107308
5.045	0.352677	0.00388865
5.05	0.338335	0.00135218
5.055	0.335967	0.000985658
5.06	0.334818	0.00154009
5.065	0.341234	2.97654e-05
5.07	0.327516	0.00112339
5.075	0.322173	0.0019338
5.08	0.320481	0.00184809
5.085	0.320636	0.00167848
5.09	0.315835	0.000359728
5.095	0.325893	0.00162737
5.1	0.311001	0.00187202
5.105	0.317418	0.000828861
5.11	0.304779	0.00112816
5.115	0.301376	0.00062994
5.12	0.310672	0.0022566
5.125	0.308708	0.00111476
5.13	0.301709	0.000418165
5.135	0.295693	0.00111306
5.14	0.298167	0.00251593
5.145	0.297761	0.00333125
5.15	0.291508	0.00286307
5.155	0.290165	0.00184803
5.16	0.287917	0.0024146
5.165	0.289244	0.00157252
5.17	0.285753	0.00144391
5.175	0.281648	0.000603849
5.18	0.279384	0.00183871
5.185	0.276011	0.000506801
5.19	0.27313	0.00131152
5.195	0.271616	0.000100657
5.2	0.267301	0.000998413
5.205	0.266378	0.00203515
5.21	0.263567	0.00199899
5.215	0.261323	0.00157106
5.22	0.260283	0.00188329
5.225	0.259505	0.000641378
5.23	0.257948	0.000772871
5.235	0.253887	0.000634646
5.24	0.251205	0.000459712
5.245	0.247934	0.000803135
5.25	0.247671	-0.00033046
5.255	0.247125	0.000730141
5.26	0.245022	0.00176466
5.265	0.243004	0.00116568
5.27	0.237417	0.00328391
5.275	0.241191	0.00146048
5.28	0.236696	0.00215211
5.285	0.238702	0.00100738
5.29	0.238782	0.000814795
5.295	0.235622	0.00248984
5.3	0.230545	0.00276465
5.305	0.232915	0.00215719
5.31	0.225608	0.00310027
5.315	0.224232	0.00107468
5.32	0.223779	-0.000883458
5.325	0.225428	0.000301452
5.33	0.223759	0.00157046
5.335	0.218349	0.000789414
5.34	0.22012	0.000980263
5.345	0.215755	0.000582073
5.35	0.212758	0.000878739
5.355	0.208555	0.000917548
5.36	0.209537	0.00293778
5.365	0.207875	0.00340739
5.37	0.208629	0.002191
5.375	0.207439	0.000538747
5.38	0.205241	0.000792041
5.385	0.201983	0.00156865
5.39	0.201175	0.00216837
5.395	0.19946	0.00270438
5.4	0.200551	0.00125106
5.405	0.198796	-2.89648e-05
5.41	0.196462	0.000312674
5.415	0.194386	0.000487737
5.42	0.195952	0.000674438
5.425	0.19111	0.00265159
5.43	0.192562	0.00238738
5.435	0.194068	0.00149542
5.44	0.195033	0.00211788
5.445	0.191114	0.0017024
5.45	0.18975	0.00266071
5.455	0.188102	0.00195445
5.46	0.186426	0.000242367
5.465	0.185665	0.000508844
5.47	0.184107	0.00103694
5.475	0.182655	0.000146939
5.48	0.179529	1.49793e-05
5.485	0.177538	0.00186811
5.49	0.178923	0.00346017
5.495	0.179585	0.00278064
5.5	0.178175	0.000991036
5.505	0.177745	0.000393328
5.51	0.175383	0.00211273
5.515	0.175544	0.00252881
5.52	0.1763	0.00105945
5.525	0.173886	0.000384834
5.53	0.172164	0.000437106
5.535	0.172984	0.00114223
5.54	0.171423	0.00263874
5.545	0.172443	0.00226499
5.55	0.177291	0.00210287
5.555	0.172261	0.00209527
5.56	0.170193	0.00316845
5.565	0.171696	0.00186307
5.57	0.167971	-0.000860655
5.575	0.170713	0.00178889
5.58	0.168345	0.000529897
5.585	0.16555	0.000854483
5.59	0.164354	0.00157853
5.595	0.162945	0.00265839
5.6	0.166386	0.00105069
5.605	0.165083	0.000320242
5.61	0.163072	0.0030996
5.615	0.163088	0.00109422
5.62	0.162871	0.00062803
5.625	0.16455	0.000540665
5.63	0.163491	0.00106653
5.635	0.162563	0.001736
5.64	0.163796	0.00126898
5.645	0.168763	0.00179981
5.65	0.165852	0.00333
5.655	0.163669	0.00341767
5.66	0.164093	-1.24248e-05
5.665	0.163804	0.000137823
5.67	0.162392	0.00110439
5.675	0.161353	0.00131423
5.68	0.160124	0.00134405
5.685	0.158888	0.00180055
5.69	0.160696	0.00134728
5.695	0.160409	0.00210408
5.7	0.160424	0.00242866
5.705	0.161418	0.00152119
5.71	0.162928	0.000305449
5.715	0.160966	-0.000401352
5.72	0.161716	0.00167776
5.725	0.163688	0.00235816
5.73	0.168691	0.00161761
5.735	0.168065	0.00320797
5.74	0.163945	0.00220254
5.745	0.16214	0.000807261
5.75	0.165615	0.00218801
5.755	0.163819	0.000278723
5.76	0.159047	0.000971955
5.765	0.160488	0.00296942
5.77	0.165436	0.00175987
5.775	0.163622	0.000414596
5.78	0.162264	0.00143584
5.785	0.165143	0.0015416
5.79	0.166724	0.000530291
5.795	0.167402	0.000452828
5.8	0.167353	0.00177776
5.805	0.171322	0.00171232
5.81	0.174383	0.00343765
5.815	0.170406	0.00349248
5.82	0.170366	0.00100845
5.825	0.17187	0.000857793
5.83	0.169594	0.000989796
5.835	0.169315	0.00051223
5.84	0.166609	0.00209616
5.845	0.170173	0.00198968
5.85	0.172541	0.00106178
5.855	0.171212	0.00206887
5.86	0.173784	0.000943107
5.865	0.173872	0.000762067
5.87	0.17642	-0.000221032
5.875	0.179343	0.00132163
5.88	0.181561	0.00238042
5.885	0.182865	0.00335467
5.89	0.180517	0.00354727
5.895	0.1793	-0.000447644
5.9	0.182322	0.00119249
5.905	0.179868	0.000536043
5.91	0.179264	0.00273925
5.915	0.17868	0.00192213
5.92	0.181717	0.00133896
5.925	0.182998	0.00227732
5.93	0.185519	0.000706641
5.935	0.188065	0.000374711
5.94	0.190112	0.000284168
5.945	0.191487	0.00107213
5.95	0.194546	0.00146238
5.955	0.197023	0.00336955
5.96	0.195242	0.00329126
5.965	0.191992	0.00179079
5.97	0.194625	0.0021635
5.975	0.192968	0.00161267
5.98	0.192137	0.0025966
5.985	0.193481	0.00138318
5.99	0.198249	-6.74275e-05
5.995	0.198514	0.00146909
6	0.20124	0.000689263
6.005	0.203341	-0.00029107
6.01	0.206319	0.00142515
6.015	0.208226	0.00145133
6.02	0.214226	0.00163015
6.025	0.213568	0.00280499
6.03	0.211191	0.00184021
6.035	0.210551	0.00228062
6.04	0.211462	0.000696874
6.045	0.208957	0.00128957
6.05	0.211355	0.00249469
6.055	0.212877	0.00207866
6.06	0.215195	0.00118483
6.065	0.219863	0.00129509
6.07	0.219546	0.000824522
6.075	0.224306	0.000567786
6.08	0.2286	0.00154686
6.085	0.232094	0.00182187
6.09	0.232945	0.003884
6.095	0.231993	0.00222124
6.1	0.230044	0.000209627
6.105	0.230101	0.000591053
6.11	0.227014	0.00163778
6.115	0.230295	0.00281942
6.12	0.234769	0.00187365
6.125	0.234894	0.00176092
6.13	0.240699	0.000898184
6.135	0.242136	-0.000320947
6.14	0.245579	-0.000496196
6.145	0.248966	0.00162974
6.15	0.253992	0.00113879
6.155	0.256354	0.00308326
6.16	0.251808	0.00245469
6.165	0.252198	0.003281
6.17	0.252187	0.000824213
6.175	0.250079	0.00116175
6.18	0.253553	0.00239865
6.185	0.256617	0.00118555
6.19	0.258915	0.00187333
6.195	0.263675	0.000798436
6.2	0.26575	-0.000591823
6.205	0.269405	0.000841277
6.21	0.272374	0.00175181
6.215	0.279176	0.00207834
6.22	0.277208	0.0029537
6.225	0.277202	0.001936
6.23	0.277074	0.00240698
6.235	0.276051	0.000535541
6.24	0.276884	0.00210044
6.245	0.276726	0.00125076
6.25	0.28276	0.000749401
6.255	0.284863	0.00150374
6.26	0.288676	0.0012194
6.265	0.292204	0.000632487
6.27	0.294906	0.00208105
6.275	0.300874	0.00147642
6.28	0.304532	0.00297499
6.285	0.303896	0.00334906
6.29	0.302291	0.000658257
6.295	0.303549	0.00195368
6.3	0.302774	0.00152843
6.305	0.301325	0.00238506
6.31	0.3063	0.00130408
6.315	0.309269	0.000193646
6.32	0.313987	0.00102471
6.325	0.317651	0.00069651
6.33	0.321599	-0.000631099
6.335	0.324855	0.000974489
6.34	0.329609	0.00136562
6.345	0.334357	0.00354498
6.35	0.33192	0.00288087
6.355	0.331063	0.00160295
6.36	0.332274	0.00211418
6.365	0.329277	0.0010567
6.37	0.331658	0.00270803
6.375	0.336398	0.00152201
6.38	0.339114	0.000908292
6.385	0.344384	0.00108244
6.39	0.348962	0.000331265
6.395	0.351731	0.00045679
6.4	0.356937	0.000955652
6.405	0.360759	0.00153815
6.41	0.363069	0.00341027
6.415	0.362027	0.00284594
6.42	0.36178	0.0013308
6.425	0.361958	0.000241808
6.43	0.360814	0.00166832
6.435	0.362353	0.00235388
6.44	0.369234	0.00150137
6.445	0.370673	0.000361942
6.45	0.376477	0.00112448
6.455	0.38036	0.000678689
6.46	0.383906	0.00103882
6.465	0.388738	0.00168147
6.47	0.391862	0.0019705
6.475	0.394931	0.00319611
6.48	0.395039	0.00198202
6.485	0.395374	0.00109907
6.49	0.394977	0.0014839
6.495	0.393953	0.00124511
6.5	0.39454	0.00247666
6.505	0.400742	0.00126297
6.51	0.403363	0.0011148
6.515	0.409003	0.00104579
6.52	0.412142	-0.000152764
6.525	0.417702	0.000208782
6.53	0.418611	0.00151675
6.535	0.426365	0.00106406
6.54	0.431341	0.00248592
6.545	0.428579	0.00360708
6.55	0.429775	0.00191261
6.555	0.431682	0.00216255
6.56	0.42863	0.00101276
6.565	0.429262	0.00122905
6.57	0.433315	0.00181985
6.575	0.439121	0.00116386
6.58	0.441939	0.00161602
6.585	0.447645	0.0013578
6.59	0.451104	0.000237779
6.595	0.454332	0.000116081
6.6	0.458193	0.000700398
6.605	0.46328	0.00225945
6.61	0.466532	0.00311753
6.615	0.464316	0.00260009
6.62	0.46689	-9.00529e-05
6.625	0.469052	0.000952187
6.63	0.467612	0.000567322
6.635	0.467651	0.00166148
6.64	0.472038	0.00221033
6.645	0.475218	0.00207372
6.65	0.480126	0.00114388
6.655	0.486039	0.00164334
6.66	0.488757	5.85468e-05
6.665	0.493691	0.0011266
6.67	0.494561	0.00185968
6.675	0.500688	0.00115105
6.68	0.507339	0.00439427
6.685	0.505828	0.00169487
6.69	0.507565	0.0012736
6.695	0.507664	0.00102626
6.7	0.507758	0.000133428
6.705	0.508663	0.000576795
6.71	0.507226	0.00301844
6.715	0.51474	0.00145431
6.72	0.521156	0.000543049
6.725	0.522262	0.00155017
6.73	0.527779	0.00135163
6.735	0.532338	0.000396687
6.74	0.533758	-0.000230836
6.745	0.536454	0.00125751
6.75	0.542778	0.00163749
6.755	0.548487	0.00195999
6.76	0.549112	0.00217928
6.765	0.54756	0.00259261
6.77	0.550793	0.00144212
6.775	0.552985	0.000584076
6.78	0.551703	0.00113226
6.785	0.550661	0.000904059
6.79	0.554922	0.00295078
6.795	0.562446	0.00120546
6.8	0.566579	0.00104461
6.805	0.567874	0.00233719
6.81	0.573878	0.00186069
6.815	0.577892	0.000192306
6.82	0.580481	0.000128796
6.825	0.580968	0.00164483
6.83	0.587299	0.00185045
6.835	0.590705	0.00223178
6.84	0.594598	0.00323085
6.845	0.594087	0.00315003
6.85	0.597964	-0.000933613
6.855	0.601022	0.00104233
6.86	0.598863	0.0012296
6.865	0.597697	0.000571229
6.87	0.600036	0.00113486
6.875	0.604777	0.00292763
6.88	0.611213	0.000354945
6.885	0.615557	-0.000570179
6.89	0.61709	0.0012773
6.895	0.622083	0.00187118
6.9	0.62602	0.00137595
6.905	0.63006	0.00048246
6.91	0.63068	0.00099072
6.915	0.632804	0.00204834
6.92	0.638333	0.00155669
6.925	0.642521	0.00239512
6.93	0.644518	0.00210017
6.935	0.644964	0.00235946
6.94	0.649232	0.00180453
6.945	0.652435	0.000973596
6.95	0.651955	0.000990327
6.955	0.652802	0.000687232
6.96	0.652497	0.000539131
6.965	0.655063	0.00263316
6.97	0.660455	0.00307592
6.975	0.666978	0.000675357
6.98	0.670098	-0.00116416
6.985	0.670497	0.000343593
6.99	0.677055	0.00190461
6.995	0.680224	0.00198904
7	0.683475	0.00118683
7.005	0.687417	0.00103668
7.01	0.686913	0.00105563
7.015	0.68883	0.00179909
7.02	0.694866	0.00191793
7.025	0.698672	0.00144975
7.03	0.701296	0.00191577
7.035	0.703287	0.00190038
7.04	0.703593	0.00262115
7.045	0.708381	0.00107806
7.05	0.712118	-0.000310269
7.055	0.711969	0.00118646
7.06	0.713262	0.00106604
7.065	0.713126	0.000999205
7.07	0.7157	0.000487877
7.075	0.718431	0.00312893
7.08	0.721599	0.0035466
7.085	0.727554	0.000909696
7.09	0.733275	0.000295912
7.095	0.735084	-0.000804824
7.1	0.737862	0.0009346
7.105	0.741173	0.00201311
7.11	0.744799	0.00225127
7.115	0.748865	0.00153395
7.12	0.750951	-6.57985e-06
7.125	0.75304	0.000339373
7.13	0.75401	0.00138842
7.135	0.756663	0.00159398
7.14	0.759412	0.00172827
7.145	0.763441	0.00270544
7.15	0.766723	0.00071819
7.155	0.770022	0.00243398
7.16	0.771161	0.00212446
7.165	0.773422	0.00135328
7.17	0.77444	0.00203504
7.175	0.778201	0.00208952
7.18	0.785675	0.000389872
7.185	0.785142	-0.000120263
7.19	0.78789	0.00186408
7.195	0.788658	0.00097607
7.2	0.788359	0.00107404
7.205	0.789722	0.00081077
7.21	0.793497	0.00111562
7.215	0.79282	0.000877033
7.22	0.797852	0.00285023
7.225	0.801406	0.00314305
7.23	0.807813	0.00300938
7.235	0.811301	0.000554965
7.24	0.814182	-0.00128007
7.245	0.815937	0.000556138
7.25	0.821125	-5.55749e-05
7.255	0.821589	0.00101641
7.26	0.824004	0.00110162
7.265	0.827606	0.00204989
7.27	0.830665	0.00278556
7.275	0.834163	0.00193521
7.28	0.837662	0.000916059
7.285	0.839737	0.000697639
7.29	0.842201	-0.000448144
7.295	0.841588	0.00152675
7.3	0.844507	0.000946802
7.305	0.846326	0.00157554
7.31	0.849409	0.0024447
7.315	0.851181	0.00158651
7.32	0.853586	0.00190359
7.325	0.853968	0.00186479
7.33	0.862918	0.00133435
7.335	0.861954	0.00204759
7.34	0.864976	0.000748201
7.345	0.86862	0.00103627
7.35	0.869211	0.00163422
7.355	0.880181	0.00167799
7.36	0.882069	0.0024601
7.365	0.883799	0.00206056
7.37	0.876593	0.00217726
7.375	0.879264	0.00145057
7.38	0.881293	0.00183774
7.385	0.895222	0.00112522
7.39	0.894326	0.000897461
7.395	0.885469	0.00173276
7.4	0.889459	0.0021152
7.405	0.894617	0.00129163
7.41	0.907044	0.000398854
7.415	0.906967	0.00201832
7.42	0.900063	0.00141464
7.425	0.912507	0.00114326
7.43	0.907119	0.000130989
7.435	0.920203	0.00112337
7.44	0.920456	7.54056e-05
7.445	0.917832	-0.000442824
7.45	0.920339	0.000958489
7.455	0.922638	0.00133631
7.46	0.916226	0.00160941
7.465	0.928718	0.0020472
7.47	0.931044	0.00207957
7.475	0.932055	0.00134093
7.48	0.933723	0.00115734
7.485	0.935541	0.00130182
7.49	0.936361	0.00220001
7.495	0.930262	0.00222399
7.5	0.935241	0.00253009
7.505	0.940027	0.0022327
7.51	0.953622	0.00186567
7.515	0.953406	0.00125442
7.52	0.945452	0.00226237
7.525	0.945784	0.0014393
7.53	0.947394	-1.95066e-05
7.535	0.961924	0.000628792
7.54	0.962097	0.00109706
7.545	0.962521	0.000619535
7.55	0.963975	0.000788497
7.555	0.966371	0.00186644
7.56	0.967849	0.00123264
7.565	0.960981	0.00140433
7.57	0.973319	0.000123357
7.575	0.975236	-9.05372e-06
7.58	0.97913	0.00109482
7.585	0.980517	0.00121743
7.59	0.980788	0.00307304
7.595	0.97308	0.00222493
7.6	0.98316	0.00249988
7.605	0.977692	0.0028352
7.61	0.986462	0.0003778
7.615	0.989211	0.000950554
7.62	0.983565	0.00313842
7.625	0.988692	-0.000212885
7.63	0.991248	0.00299484
7.635	0.995729	0.00106875
7.64	0.996048	0.00152656
7.645	0.99716	0.00157781
7.65	1.00265	0.00223341
7.655	1.00597	0.00216121
7.66	1.00238	-0.000502561
7.665	1.00432	0.00234627
7.67	1.00785	0.000683219
7.675	1.01165	-1.28413e-05
7.68	1.01269	0.000701762
7.685	1.01759	0.00142898
7.69	1.01752	0.000395652
7.695	1.01655	0.00215185
7.7	1.01802	0.00278609
7.705	1.02224	0.000836056
7.71	1.02514	0.000997889
7.715	1.02937	0.000624298
7.72	1.03387	0.000369089
7.725	1.0326	0.00198745
7.73	1.03281	-0.000531123
7.735	1.03553	0.00142268
7.74	1.03799	0.00179285
7.745	1.03905	0.00220324
7.75	1.03807	0.00272683
7.755	1.03555	0.00135703
7.76	1.03549	-0.000217533
7.765	1.0427	-9.00793e-05
7.77	1.0435	-0.000798258
7.775	1.0383	0.00207044
7.78	1.04006	0.0016264
7.785	1.04432	0.00324619
7.79	1.04685	0.00543371
7.795	1.04579	0.00387139
7.8	1.04795	0.00134859
7.805	1.05212	-0.00212673
7.81	1.0544	-0.000219294
7.815	1.06349	0.000631454
7.82	1.06715	0.00132244
7.825	1.06575	0.00169405
7.83	1.06437	0.00179829
7.835	1.06741	-0.000603135
7.84	1.06352	0.0033043
7.845	1.06043	0.00505212
7.85	1.0575	0.00279468
7.855	1.06659	0.0010904
7.86	1.06902	0.0016381
7.865	1.07229	0.00139071
7.87	1.0757	0.000781204
7.875	1.07701	0.00144927
7.88	1.0755	-0.00119795
7.885	1.08245	0.00205778
7.89	1.08051	0.00138123
7.895	1.08963	0.0006176
7.9	1.08733	-0.000169991
7.905	1.08792	0.00147234
7.91	1.08695	0.00123228
7.915	1.08693	0.00255781
7.92	1.08365	0.000690383
7.925	1.08629	-0.00128267
7.93	1.07814	0.00137064
7.935	1.08172	0.00381269
7.94	1.08474	0.0064783
7.945	1.08818	0.00249283
7.95	1.08402	-0.00161141
7.955	1.09581	-0.000166911
7.96	1.10422	0.000530103
7.965	1.10188	0.00161524
7.97	1.10127	-0.000439601
7.975	1.09168	0.00266946
7.98	1.09164	0.00596711
7.985	1.09655	0.0030461
7.99	1.09914	0.00244617
7.995	1.10612	0.000603932
8	1.10663	0.00246317
8.005	1.10126	0.00116659
8.01	1.10813	0.000589315
8.015	1.11512	0.000973084
8.02	1.11322	0.000693868
8.025	1.1185	0.00264303
8.03	1.11399	0.00253459
8.035	1.10882	0.000289974
8.04	1.11114	-0.00130527
8.045	1.0934	0.00129397
8.05	1.10462	0.00537745
8.055	1.1063	0.00283324
8.06	1.1043	-0.000247805
8.065	1.11658	0.0013392
8.07	1.12384	-0.000857388
8.075	1.12167	0.00231749
8.08	1.11308	0.0051499
8.085	1.10747	0.0029907
8.09	1.11376	0.000464543
8.095	1.11912	0.00358497
8.1	1.12476	0.00213797
8.105	1.12189	7.97166e-05
8.11	1.12205	0.000201637
8.115	1.13446	-0.000655285
8.12	1.12942	0.00221984
8.125	1.13254	0.00295302
8.13	1.12525	0.000320814
8.135	1.1232	-0.00159062
8.14	1.11323	0.00390801
8.145	1.11029	0.00626727
8.15	1.11996	0.000503764
8.155	1.11425	0.00101335
8.16	1.13121	-0.000585786
8.165	1.13623	0.00215911
8.17	1.13613	0.00259347
8.175	1.11598	0.00593037
8.18	1.11958	0.0030042
8.185	1.12713	0.00194381
8.19	1.13598	0.00233837
8.195	1.13191	0.00221461
8.2	1.13577	-0.00127229
8.205	1.14143	-0.00114656
8.21	1.14001	0.00290516
8.215	1.13327	0.00458921
8.22	1.12918	0.00110596
8.225	1.12352	-0.000113802
8.23	1.1154	0.00393256
8.235	1.12447	-0.000688396
8.24	1.12095	0.00130692
8.245	1.1421	-0.00130883
8.25	1.13961	0.00119906
8.255	1.12768	0.00794698
8.26	1.12496	0.00262644
8.265	1.13078	0.00141092
8.27	1.13624	0.00220678
8.275	1.13498	0.000823615
8.28	1.13585	-0.00179231
8.285	1.14444	0.0016084
8.29	1.14234	0.00382336
8.295	1.13286	0.00480143
8.3	1.13393	0.000911423
8.305	1.11732	0.00245917
8.31	1.11958	0.00439781
8.315	1.11701	-0.00100171
8.32	1.13829	-0.000429251
8.325	1.143	0.00263805
8.33	1.12758	0.00316071
8.335	1.12471	0.0055504
8.34	1.13092	0.00717956
8.345	1.13412	-0.00284043
8.35	1.13295	0.000272562
8.355	1.13926	0.0032707
8.36	1.14188	-0.00123694
8.365	1.14067	0.00177953
8.37	1.13363	-0.000610799
8.375	1.12636	0.0018563
8.38	1.10678	0.00684451
8.385	1.12492	0.00192219
8.39	1.1148	0.00105423
8.395	1.14147	-0.00104212
8.4	1.13632	-0.000439698
8.405	1.12133	0.00770326
8.41	1.11962	0.00352661
8.415	1.12929	0.000934634
8.42	1.13458	0.000175909
8.425	1.12865	0.00139829
8.43	1.13685	0.00189135
8.435	1.13689	0.00266372
8.44	1.12491	0.0041551
8.445	1.12553	0.00246011
8.45	1.09805	0.00377256
8.455	1.11856	0.00250743
8.46	1.10578	0.00398641
8.465	1.13809	0.000171912
8.47	1.13005	0.000917757
8.475	1.1115	0.00566191
8.48	1.11304	0.00363379
8.485	1.12186	-0.00347021
8.49	1.12207	0.00168634
8.495	1.12409	0.000597118
8.5	1.12841	0.00153148
8.505	1.12901	0.00411273
8.51	1.11665	0.00353963
8.515	1.10889	0.00158075
8.52	1.09273	0.00668782
8.525	1.1002	0.00162473
8.53	1.11249	0.000391509
8.535	1.12554	0.00107842
8.54	1.10833	0.00426034
8.545	1.10339	0.00400179
8.55	1.10752	0.00286127
8.555	1.11603	0.000956054
8.56	1.11009	0.000859665
8.565	1.11606	0.000270554
8.57	1.11749	0.00227831
8.575	1.10608	0.00126577
8.58	1.09368	0.00073213
8.585	1.0773	0.00601739
8.59	1.09018	-0.000639524
8.595	1.09292	-0.000713861
8.6	1.1142	0.0028286
8.605	1.09446	0.00564978
8.61	1.09101	0.00418166
8.615	1.09392	0.00132099
8.62	1.10061	-0.000189597
8.625	1.0939	0.00150729
8.63	1.10181	0.00245713
8.635	1.10064	0.00268597
8.64	1.08935	0.00375786
8.645	1.07854	0.00524585
8.65	1.06409	0.00686409
8.655	1.0736	-0.000166521
8.66	1.07987	0.00115007
8.665	1.09694	0.00249149
8.67	1.0759	0.00344598
8.675	1.07423	0.00136824
8.68	1.07733	4.10143e-05
8.685	1.08528	-0.000700089
8.69	1.07694	0.000822889
8.695	1.08285	0.00105173
8.7	1.08425	0.00587888
8.705	1.06874	0.00513841
8.71	1.06276	0.00261122
8.715	1.04311	0.00486043
8.72	1.04716	0.0011416
8.725	1.07339	0.00344949
8.73	1.07631	0.00366289
8.735	1.05551	0.00868407
8.74	1.05132	0.00337615
8.745	1.06217	-0.000442916
8.75	1.06057	0.00128462
8.755	1.06334	0.000659903
8.76	1.06159	-0.00169494
8.765	1.06257	0.00217396
8.77	1.04673	0.00110574
8.775	1.02981	0.00245389
8.78	1.03348	0.00451863
8.785	1.02358	0.00090202
8.79	1.05514	0.00140239
8.795	1.04889	0.00269417
8.8	1.02931	0.00407876
8.805	1.02707	0.00298496
8.81	1.04038	0.00218361
8.815	1.0385	0.00295339
8.82	1.03742	-0.00151068
8.825	1.03298	0.00269983
8.83	1.0306	0.00470472
8.835	1.02196	0.0031652
8.84	0.997313	0.0058417
8.845	1.00924	0.00326625
8.85	1.00436	0.000915729
8.855	1.02913	0.00134179
8.86	1.02222	0.00175034
8.865	1.00649	0.00472949
8.87	1.00558	0.0010409
8.875	1.01109	0.00109177
8.88	1.00304	-0.00255936
8.885	1.01499	0.00257823
8.89	1.00787	0.00397347
8.895	0.997679	0.00588434
8.9	0.989058	0.00538548
8.905	0.971238	0.00553335
8.91	0.97945	0.00201718
8.915	0.978873	0.000855598
8.92	1.00174	0.0011148
8.925	0.998749	0.00567794
8.93	0.968327	0.00536512
8.935	0.977883	0.00384862
8.94	0.980951	0.00197306
8.945	0.977321	0.000348759
8.95	0.978733	0.000881476
8.955	0.977129	0.00328948
8.96	0.968744	0.00252788
8.965	0.962714	0.000992873
8.97	0.936553	0.00304457
8.975	0.952463	-0.00069572
8.98	0.946276	-0.000433967
8.985	0.96981	0.00406391
8.99	0.962645	0.0028146
8.995	0.939584	0.00432348
9	0.94203	0.00273334
9.005	0.94821	0.00260859
9.01	0.94536	0.00151774
9.015	0.94637	0.000528945
9.02	0.942585	0.00395229
9.025	0.937641	0.00566528
9.03	0.927588	0.00260621
9.035	0.90877	0.00493827
9.04	0.910654	0.00593867
9.045	0.905642	0.00160283
9.05	0.927879	0.00412135
9.055	0.928821	0.00158136
9.06	0.912423	0.00492066
9.065	0.910322	0.00548834
9.07	0.911656	-0.00055538
9.075	0.911717	-9.0884e-06
9.08	0.903226	-0.000725056
9.085	0.911424	0.0026616
9.09	0.907422	0.00396039
9.095	0.890581	0.00367841
9.1	0.886384	0.00351658
9.105	0.861821	0.00651477
9.11	0.883099	0.00074278
9.115	0.866652	-0.000559097
9.12	0.893496	0.00144821
9.125	0.88519	0.0013274
9.13	0.869047	0.00765756
9.135	0.86639	0.006154
9.14	0.870375	0.00207335
9.145	0.868709	0.000841181
9.15	0.862664	-0.00151407
9.155	0.86848	0.00341978
9.16	0.862898	0.00343507
9.165	0.856177	0.00385686
9.17	0.847626	0.00171808
9.175	0.830578	0.0027545
9.18	0.832501	0.00701475
9.185	0.823864	0.00168829
9.19	0.836792	-0.00101821
9.195	0.845713	0.00270347
9.2	0.842217	0.00422115
9.205	0.818747	0.00534979
9.21	0.819156	0.00779699
9.215	0.827673	-0.00038898
9.22	0.821555	0.00139414
9.225	0.815153	-0.000218981
9.23	0.821983	0.00145614
9.235	0.81767	0.00265424
9.24	0.805532	0.00412307
9.245	0.795861	0.003379
9.25	0.781321	0.00310825
9.255	0.780953	0.00553388
9.26	0.780771	0.000105408
9.265	0.782116	0.00379974
9.27	0.799994	0.00253121
9.275	0.789001	0.000528771
9.28	0.777969	0.00762979
9.285	0.772206	0.00404065
9.29	0.77537	0.00344622
9.295	0.772402	-0.000584839
9.3	0.767071	0.00203899
9.305	0.764335	0.00181544
9.31	0.768771	0.0023849
9.315	0.764421	0.00358654
9.32	0.751463	0.00470504
9.325	0.744267	0.00395722
9.33	0.739173	0.00439628
9.335	0.726272	0.00471088
9.34	0.733506	0.000496043
9.345	0.727503	0.000610742
9.35	0.737968	0.00296075
9.355	0.736512	0.00102053
9.36	0.736865	0.00196213
9.365	0.715321	0.00835328
9.37	0.713138	0.00591437
9.375	0.716716	0.00259274
9.38	0.715787	0.00145251
9.385	0.70615	0.00222909
9.39	0.70601	0.000720876
9.395	0.710763	0.000253549
9.4	0.70059	0.00268397
9.405	0.70093	0.00536582
9.41	0.684756	0.00493398
9.415	0.68642	0.00192876
9.42	0.67135	0.00321374
9.425	0.670082	0.00507431
9.43	0.671378	0.00111252
9.435	0.664195	0.00121465
9.44	0.673669	0.00246567
9.445	0.678805	0.00368915
9.45	0.668635	0.000483213
9.455	0.658794	0.00883196
9.46	0.652056	0.00518852
9.465	0.650108	0.00220447
9.47	0.653785	0.00234012
9.475	0.648962	0.00236799
9.48	0.644371	0.00278373
9.485	0.637104	0.000540348
9.49	0.642205	0.00125568
9.495	0.636114	-6.94347e-05
9.5	0.631639	0.00278508
9.505	0.626423	0.00531557
9.51	0.61442	0.00312977
9.515	0.617773	0.00134228
9.52	0.605509	0.00381431
9.525	0.599408	0.00499589
9.53	0.601479	0.00419152
9.535	0.593776	0.000464409
9.54	0.59623	0.00169276
9.545	0.603102	0.00214524
9.55	0.603989	0.00362836
9.555	0.59584	0.00313434
9.56	0.584741	0.0041925
9.565	0.584827	0.00540919
9.57	0.578059	0.00414773
9.575	0.575691	0.00489864
9.58	0.5756	0.00305741
9.585	0.571221	0.00198543
9.59	0.566892	0.00399795
9.595	0.558628	0.00231496
9.6	0.564037	0.000348348
9.605	0.55652	0.00228845
9.61	0.556788	0.00345441
9.615	0.551717	0.00246748
9.62	0.549042	0.00309582
9.625	0.540169	0.00457447
9.63	0.532205	0.00574835
9.635	0.532275	0.00392203
9.64	0.530305	0.00130671
9.645	0.518173	0.00224295
9.65	0.51794	0.00381517
9.655	0.515351	0.00515238
9.66	0.514093	0.00241964
9.665	0.509388	0.000172433
9.67	0.507122	0.00188315
9.675	0.513116	0.00137002
9.68	0.511708	0.00247797
9.685	0.50885	0.00243205
9.69	0.50131	0.00407452
9.695	0.495844	0.00291565
9.7	0.498902	0.00333757
9.705	0.486333	0.00497592
9.71	0.481995	0.00467952
9.715	0.480048	0.00466437
9.72	0.481192	0.0042028
9.725	0.476174	0.0035479
9.73	0.476794	0.00190472
9.735	0.470168	0.00214588
9.74	0.467061	0.00323607
9.745	0.461149	0.00213176
9.75	0.453293	0.00275227
9.755	0.455446	0.00177838
9.76	0.452984	0.0027362
9.765	0.451462	0.00236706
9.77	0.450341	0.00256057
9.775	0.440268	0.00263903
9.78	0.436926	0.00265031
9.785	0.437589	0.00365723
9.79	0.434017	0.00383085
9.795	0.427544	0.0034961
9.8	0.422576	0.00421324
9.805	0.419608	0.00417644
9.81	0.41405	0.00417624
9.815	0.413958	0.00348467
9.82	0.413021	0.00253798
9.825	0.409285	0.00209751
9.83	0.402578	0.00365577
9.835	0.39727	0.00243369
9.84	0.399388	0.00316739
9.845	0.391908	0.0036172
9.85	0.392822	0.0039668
9.855	0.389497	0.00311442
9.86	0.376966	0.00409989
9.865	0.383981	0.00284734
9.87	0.372557	0.002925
9.875	0.380459	0.00226417
9.88	0.367036	-0.00112474
9.885	0.364668	0.00234486
9.89	0.373276	0.00248625
9.895	0.363511	0.00274599
9.9	0.359434	0.00344054
9.905	0.365226	0.00340142
9.91	0.355486	0.00292213
9.915	0.353275	0.00229066
9.92	0.360817	0.00330259
9.925	0.345607	0.00374708
9.93	0.354527	0.00263367
9.935	0.339269	0.00313001
9.94	0.337512	0.0028452
9.945	0.336098	0.00271706
9.95	0.335016	0.00236025
9.955	0.331665	0.00287812
9.96	0.337508	0.0045754
9.965	0.323194	0.00331561
9.97	0.321237	0.00342154
9.975	0.319284	0.00294246
9.98	0.326724	0.00230205
9.985	0.313112	0.00239949
9.99	0.312121	0.00262125
9.995	0.308854	0.00333547
10	0.306391	0.00320435
