-14.7078
-14.4212
-14.1404
-13.865
-13.595
-13.3303
-13.0708
-12.8164
-12.567
-12.3224
-12.0827
-11.8476
-11.6172
-11.3913
-11.1698
-10.9527
-10.7398
-10.5311
-10.3265
-10.1259
-9.9292
-9.73639
-9.54735
-9.36203
-9.18033
-9.0022
-8.82757
-8.65635
-8.4885
-8.32393
-8.1626
-8.00442
-7.84935
-7.69732
-7.54827
-7.40214
-7.25887
-7.11842
-6.98072
-6.84572
-6.71337
-6.58361
-6.45639
-6.33167
-6.2094
-6.08952
-5.972
-5.85678
-5.74382
-5.63307
-5.52449
-5.41805
-5.31369
-5.21137
-5.11107
-5.01273
-4.91631
-4.82179
-4.72912
-4.63827
-4.5492
-4.46188
-4.37627
-4.29233
-4.21005
-4.12937
-4.05028
-3.97274
-3.89672
-3.82219
-3.74912
-3.67749
-3.60726
-3.5384
-3.4709
-3.40472
-3.33984
-3.27623
-3.21386
-3.15272
-3.09278
-3.03402
-2.9764
-2.91992
-2.86454
-2.81025
-2.75702
-2.70484
-2.65368
-2.60353
-2.55435
-2.50614
-2.45888
-2.41254
-2.36712
-2.32258
-2.27891
-2.23611
-2.19414
-2.15299
-2.11265
-2.0731
-2.03433
-1.99632
-1.95905
-1.92252
-1.8867
-1.85158
-1.81715
-1.7834
-1.75031
-1.71786
-1.68606
-1.65487
-1.6243
-1.59433
-1.56494
-1.53613
-1.50789
-1.4802
-1.45305
-1.42644
-1.40035
-1.37477
-1.34969
-1.3251
-1.30099
-1.27736
-1.25419
-1.23147
-1.2092
-1.18737
-1.16597
-1.14498
-1.12441
-1.10424
-1.08446
-1.06507
-1.04607
-1.02743
-1.00916
-0.991252
-0.973692
-0.956477
-0.939599
-0.923052
-0.90683
-0.890926
-0.875333
-0.860046
-0.845059
-0.830366
-0.815961
-0.801838
-0.787993
-0.774419
-0.761111
-0.748063
-0.735272
-0.722732
-0.710437
-0.698384
-0.686566
-0.674981
-0.663623
-0.652487
-0.64157
-0.630867
-0.620373
-0.610086
-0.6
-0.59
-0.58
-0.57
-0.56
-0.55
-0.54
-0.53
-0.52
-0.51
-0.5
-0.49
-0.48
-0.47
-0.46
-0.45
-0.44
-0.43
-0.42
-0.41
-0.4
-0.39
-0.38
-0.37
-0.36
-0.35
-0.34
-0.33
-0.32
-0.31
-0.3
-0.29
-0.28
-0.27
-0.26
-0.25
-0.24
-0.23
-0.22
-0.21
-0.2
-0.19
-0.18
-0.17
-0.16
-0.15
-0.14
-0.13
-0.12
-0.11
-0.1
-0.09
-0.08
-0.07
-0.06
-0.05
-0.04
-0.03
-0.02
-0.01
4.87457e-16
0.01
0.02
0.03
0.04
0.05
0.06
0.07
0.08
0.09
0.1
0.11
0.12
0.13
0.14
0.15
0.16
0.17
0.18
0.19
0.2
0.21
0.22
0.23
0.24
0.25
0.26
0.27
0.28
0.29
0.3
0.31
0.32
0.33
0.34
0.35
0.36
0.37
0.38
0.39
0.4
0.41
0.42
0.43
0.44
0.45
0.46
0.47
0.48
0.49
0.5
0.51
0.52
0.53
0.54
0.55
0.56
0.57
0.58
0.59
0.6
0.610086
0.620373
0.630867
0.64157
0.652487
0.663623
0.674981
0.686566
0.698384
0.710437
0.722732
0.735272
0.748063
0.761111
0.774419
0.787993
0.801838
0.815961
0.830366
0.845059
0.860046
0.875333
0.890926
0.90683
0.923052
0.939599
0.956477
0.973692
0.991252
1.00916
1.02743
1.04607
1.06507
1.08446
1.10424
1.12441
1.14498
1.16597
1.18737
1.2092
1.23147
1.25419
1.27736
1.30099
1.3251
1.34969
1.37477
1.40035
1.42644
1.45305
1.4802
1.50789
1.53613
1.56494
1.59433
1.6243
1.65487
1.68606
1.71786
1.75031
1.7834
1.81715
1.85158
1.8867
1.92252
1.95905
1.99632
2.03433
2.0731
2.11265
2.15299
2.19414
2.23611
2.27891
2.32258
2.36712
2.41254
2.45888
2.50614
2.55435
2.60353
2.65368
2.70484
2.75702
2.81025
2.86454
2.91992
2.9764
3.03402
3.09278
3.15272
3.21386
3.27623
3.33984
3.40472
3.4709
3.5384
3.60726
3.67749
3.74912
3.82219
3.89672
3.97274
4.05028
4.12937
4.21005
4.29233
4.37627
4.46188
4.5492
4.63827
4.72912
4.82179
4.91631
5.01273
5.11107
5.21137
5.31369
5.41805
5.52449
5.63307
5.74382
5.85678
5.972
6.08952
6.2094
6.33167
6.45639
6.58361
6.71337
6.84572
6.98072
7.11842
7.25887
7.40214
7.54827
7.69732
7.84935
8.00442
8.1626
8.32393
8.4885
8.65635
8.82757
9.0022
9.18033
9.36203
9.54735
9.73639
9.9292
10.1259
10.3265
10.5311
10.7398
10.9527
11.1698
11.3913
11.6172
11.8476
12.0827
12.3224
12.567
12.8164
13.0708
13.3303
13.595
13.865
14.1404
14.4212
14.7078
