-14.8539
-14.5645
-14.2808
-14.0027
-13.73
-13.4626
-13.2005
-12.9436
-12.6917
-12.4447
-12.2025
-11.9652
-11.7324
-11.5043
-11.2806
-11.0612
-10.8462
-10.6354
-10.4288
-10.2262
-10.0275
-9.83279
-9.64187
-9.45469
-9.27118
-9.09127
-8.91489
-8.74196
-8.57243
-8.40622
-8.24326
-8.08351
-7.92689
-7.77333
-7.62279
-7.4752
-7.33051
-7.18865
-7.04957
-6.91322
-6.77954
-6.64849
-6.52
-6.39403
-6.27054
-6.14946
-6.03076
-5.91439
-5.8003
-5.68844
-5.57878
-5.47127
-5.36587
-5.26253
-5.16122
-5.0619
-4.96452
-4.86905
-4.77546
-4.6837
-4.59374
-4.50554
-4.41907
-4.3343
-4.25119
-4.16971
-4.08983
-4.01151
-3.93473
-3.85946
-3.78566
-3.71331
-3.64237
-3.57283
-3.50465
-3.43781
-3.37228
-3.30803
-3.24505
-3.18329
-3.12275
-3.0634
-3.00521
-2.94816
-2.89223
-2.8374
-2.78364
-2.73093
-2.67926
-2.6286
-2.57894
-2.53025
-2.48251
-2.43571
-2.38983
-2.34485
-2.30075
-2.25751
-2.21512
-2.17356
-2.13282
-2.09288
-2.05372
-2.01533
-1.97769
-1.94079
-1.90461
-1.86914
-1.83437
-1.80027
-1.76685
-1.73408
-1.70196
-1.67046
-1.63959
-1.60931
-1.57964
-1.55054
-1.52201
-1.49405
-1.46663
-1.43975
-1.41339
-1.38756
-1.36223
-1.33739
-1.31305
-1.28918
-1.26577
-1.24283
-1.22034
-1.19829
-1.17667
-1.15547
-1.13469
-1.11432
-1.09435
-1.07477
-1.05557
-1.03675
-1.0183
-1.00021
-0.982472
-0.965085
-0.948038
-0.931326
-0.914941
-0.898878
-0.883129
-0.86769
-0.852553
-0.837713
-0.823164
-0.8089
-0.794916
-0.781206
-0.767765
-0.754587
-0.741668
-0.729002
-0.716584
-0.70441
-0.692475
-0.680774
-0.669302
-0.658055
-0.647028
-0.636218
-0.62562
-0.61523
-0.605043
-0.595
-0.585
-0.575
-0.565
-0.555
-0.545
-0.535
-0.525
-0.515
-0.505
-0.495
-0.485
-0.475
-0.465
-0.455
-0.445
-0.435
-0.425
-0.415
-0.405
-0.395
-0.385
-0.375
-0.365
-0.355
-0.345
-0.335
-0.325
-0.315
-0.305
-0.295
-0.285
-0.275
-0.265
-0.255
-0.245
-0.235
-0.225
-0.215
-0.205
-0.195
-0.185
-0.175
-0.165
-0.155
-0.145
-0.135
-0.125
-0.115
-0.105
-0.095
-0.085
-0.075
-0.065
-0.055
-0.045
-0.035
-0.025
-0.015
-0.005
0.005
0.015
0.025
0.035
0.045
0.055
0.065
0.075
0.085
0.095
0.105
0.115
0.125
0.135
0.145
0.155
0.165
0.175
0.185
0.195
0.205
0.215
0.225
0.235
0.245
0.255
0.265
0.275
0.285
0.295
0.305
0.315
0.325
0.335
0.345
0.355
0.365
0.375
0.385
0.395
0.405
0.415
0.425
0.435
0.445
0.455
0.465
0.475
0.485
0.495
0.505
0.515
0.525
0.535
0.545
0.555
0.565
0.575
0.585
0.595
0.605043
0.61523
0.62562
0.636218
0.647028
0.658055
0.669302
0.680774
0.692475
0.70441
0.716584
0.729002
0.741668
0.754587
0.767765
0.781206
0.794916
0.8089
0.823164
0.837713
0.852553
0.86769
0.883129
0.898878
0.914941
0.931326
0.948038
0.965085
0.982472
1.00021
1.0183
1.03675
1.05557
1.07477
1.09435
1.11432
1.13469
1.15547
1.17667
1.19829
1.22034
1.24283
1.26577
1.28918
1.31305
1.33739
1.36223
1.38756
1.41339
1.43975
1.46663
1.49405
1.52201
1.55054
1.57964
1.60931
1.63959
1.67046
1.70196
1.73408
1.76685
1.80027
1.83437
1.86914
1.90461
1.94079
1.97769
2.01533
2.05372
2.09288
2.13282
2.17356
2.21512
2.25751
2.30075
2.34485
2.38983
2.43571
2.48251
2.53025
2.57894
2.6286
2.67926
2.73093
2.78364
2.8374
2.89223
2.94816
3.00521
3.0634
3.12275
3.18329
3.24505
3.30803
3.37228
3.43781
3.50465
3.57283
3.64237
3.71331
3.78566
3.85946
3.93473
4.01151
4.08983
4.16971
4.25119
4.3343
4.41907
4.50554
4.59374
4.6837
4.77546
4.86905
4.96452
5.0619
5.16122
5.26253
5.36587
5.47127
5.57878
5.68844
5.8003
5.91439
6.03076
6.14946
6.27054
6.39403
6.52
6.64849
6.77954
6.91322
7.04957
7.18865
7.33051
7.4752
7.62279
7.77333
7.92689
8.08351
8.24326
8.40622
8.57243
8.74196
8.91489
9.09127
9.27118
9.45469
9.64187
9.83279
10.0275
10.2262
10.4288
10.6354
10.8462
11.0612
11.2806
11.5043
11.7324
11.9652
12.2025
12.4447
12.6917
12.9436
13.2005
13.4626
13.73
14.0027
14.2808
14.5645
14.8539
