timestep	Fx	Fy
0.005	0.389241	-0.000532619
0.01	52.8982	-0.644597
0.015	39.6297	0.0436797
0.02	24.6707	-0.0603261
0.025	16.1362	0.0309501
0.03	10.5931	0.0603484
0.035	7.09143	0.0611719
0.04	4.88208	0.0580566
0.045	3.47762	0.054464
0.05	2.58677	0.0535592
0.055	1.98816	0.0375968
0.06	1.59353	0.0329233
0.065	1.31813	0.0253356
0.07	1.14684	0.0159996
0.075	1.01123	0.010082
0.08	0.910394	0.00773115
0.085	0.838684	0.0243495
0.09	0.782181	0.026342
0.095	0.73293	0.0174402
0.1	0.694696	0.0241399
0.105	0.653556	0.0186368
0.11	0.625497	0.0128899
0.115	0.59417	0.008755
0.12	0.573494	0.00773833
0.125	0.558498	0.00302771
0.13	0.536396	0.0015573
0.135	0.520604	0.0015141
0.14	0.506451	0.00593853
0.145	0.4842	0.00220917
0.15	0.472208	0.00291061
0.155	0.454621	0.00894292
0.16	0.444492	0.00619824
0.165	0.436939	0.00421474
0.17	0.4265	0.00411286
0.175	0.424117	0.00471507
0.18	0.415946	-0.00422019
0.185	0.407371	-0.00289456
0.19	0.399924	-0.00514902
0.195	0.395225	-0.00744973
0.2	0.386993	-0.00677121
0.205	0.376353	-0.00380639
0.21	0.367706	0.00340164
0.215	0.363627	0.00400782
0.22	0.35135	0.0073295
0.225	0.342257	-0.000171225
0.23	0.337861	0.0012702
0.235	0.332319	-0.00245169
0.24	0.325796	-0.00418261
0.245	0.312286	0.00136709
0.25	0.308921	0.00287616
0.255	0.300829	0.00436481
0.26	0.30698	0.00277494
0.265	0.305955	0.00127658
0.27	0.293334	-0.000750537
0.275	0.28899	0.000262009
0.28	0.286653	0.01277
0.285	0.285822	0.0086818
0.29	0.286348	0.000705051
0.295	0.281309	0.000828169
0.3	0.280137	-0.00106825
0.305	0.277674	0.00193665
0.31	0.279773	0.00177592
0.315	0.274863	0.00109285
0.32	0.274841	0.00554493
0.325	0.266085	0.00896772
0.33	0.269858	0.00486639
0.335	0.269377	0.00018258
0.34	0.270335	-0.00241193
0.345	0.269597	-0.00206552
0.35	0.272921	-0.00522756
0.355	0.262655	-9.32349e-05
0.36	0.260726	-0.0152534
0.365	0.254286	-0.00861925
0.37	0.251988	-0.0057998
0.375	0.254248	0.00401858
0.38	0.257841	0.00653314
0.385	0.255042	0.00244138
0.39	0.247694	-0.00149992
0.395	0.245012	-0.000397361
0.4	0.243933	1.48035e-05
0.405	0.231326	-0.0020388
0.41	0.227486	-0.0119988
0.415	0.224686	-0.00411679
0.42	0.223776	0.00182149
0.425	0.218582	0.0120847
0.43	0.21094	0.00909668
0.435	0.205545	0.00591533
0.44	0.201447	0.00775971
0.445	0.205116	0.0072637
0.45	0.208497	0.00174418
0.455	0.211487	-0.00223901
0.46	0.210074	-0.00265769
0.465	0.207816	-0.00161381
0.47	0.205276	0.000464815
0.475	0.205019	-0.00287394
0.48	0.197422	-0.000688054
0.485	0.197696	0.000474275
0.49	0.19786	-0.000281049
0.495	0.193242	0.000587107
0.5	0.196586	0.00980878
0.505	0.198922	0.00377282
0.51	0.204014	-0.00011686
0.515	0.207617	0.00322062
0.52	0.207563	0.005389
0.525	0.203048	0.00841826
0.53	0.209745	0.00638023
0.535	0.214947	-0.0022973
0.54	0.217667	-0.00593427
0.545	0.223093	-0.00550116
0.55	0.215959	-0.0122983
0.555	0.213795	-0.00854889
0.56	0.221387	0.00455949
0.565	0.222957	0.00307466
0.57	0.217097	-0.000178316
0.575	0.215046	-0.000861025
0.58	0.208238	-0.00170494
0.585	0.204252	-0.00902492
0.59	0.197135	-0.00639281
0.595	0.197481	0.00970341
0.6	0.190419	0.00844998
0.605	0.183428	0.00796919
0.61	0.189987	0.00619677
0.615	0.192222	0.00241525
0.62	0.198424	-0.000918995
0.625	0.195676	0.00115284
0.63	0.194141	-0.00280871
0.635	0.193661	-0.00647462
0.64	0.190386	-0.00174938
0.645	0.189884	0.00053542
0.65	0.188063	0.0050575
0.655	0.193146	0.00678879
0.66	0.197508	0.000227436
0.665	0.201339	0.00428249
0.67	0.20379	0.00366731
0.675	0.206221	0.00670016
0.68	0.207578	0.00343525
0.685	0.217702	-0.00362366
0.69	0.223006	-0.00468712
0.695	0.218967	-0.0117254
0.7	0.220722	-0.00264322
0.705	0.225327	0.00124603
0.71	0.2239	-0.000899893
0.715	0.221597	-0.00156342
0.72	0.213049	-0.00929876
0.725	0.204739	-0.00177797
0.73	0.208515	0.0068637
0.735	0.201963	0.00681699
0.74	0.194815	0.00644298
0.745	0.203268	0.00485036
0.75	0.207849	-0.000222259
0.755	0.208048	-0.00168595
0.76	0.206659	-0.000568694
0.765	0.205642	-0.00406175
0.77	0.205707	-0.000613945
0.775	0.20212	0.000839165
0.78	0.203038	0.00904815
0.785	0.207813	0.00285377
0.79	0.215186	-0.000449071
0.795	0.217019	0.00254088
0.8	0.221508	0.00715733
0.805	0.225462	0.00481111
0.81	0.234452	-0.00342187
0.815	0.239661	-0.00452897
0.82	0.236716	-0.0112586
0.825	0.243335	-0.00027187
0.83	0.243687	-0.00209279
0.835	0.240573	-0.00134245
0.84	0.231615	-0.00875853
0.845	0.228807	-0.00263161
0.85	0.227534	0.00787496
0.855	0.223559	0.00549435
0.86	0.219069	0.00531633
0.865	0.226316	0.00542136
0.87	0.230663	-0.00146743
0.875	0.230971	-0.00104306
0.88	0.229585	-0.00412028
0.885	0.228457	0.000153969
0.89	0.229824	-0.00188784
0.895	0.226951	0.00820219
0.9	0.231551	0.00343716
0.905	0.240316	0.000898244
0.91	0.242989	0.00295245
0.915	0.246545	0.00537035
0.92	0.254024	6.66517e-05
0.925	0.261549	-0.00568493
0.93	0.261994	-0.00870082
0.935	0.266039	-0.00254984
0.94	0.270943	0.000965307
0.945	0.270603	-0.00210086
0.95	0.26193	-0.00225181
0.955	0.258857	-0.00764952
0.96	0.258294	0.00502168
0.965	0.249238	0.00442708
0.97	0.248798	0.0056736
0.975	0.255869	0.00541644
0.98	0.259303	0.00128136
0.985	0.262571	-0.00169188
0.99	0.258591	-0.00557463
0.995	0.26085	-0.000367805
1	0.256988	0.000881829
1.005	0.262475	0.00529489
1.01	0.265569	-0.000332187
1.015	0.270085	0.00265378
1.02	0.274767	0.00733327
1.025	0.281271	0.00550112
1.03	0.293282	-0.00544952
1.035	0.294403	-0.00911504
1.04	0.295715	-0.00761792
1.045	0.303346	0.00133935
1.05	0.303488	-0.000602667
1.055	0.296341	-0.00145187
1.06	0.291551	-0.00396536
1.065	0.287597	0.00311415
1.07	0.286415	0.0063531
1.075	0.283731	0.00373138
1.08	0.292777	0.000870532
1.085	0.295716	-0.00120566
1.09	0.294595	-0.000887834
1.095	0.294464	-0.00252205
1.1	0.295516	0.000739033
1.105	0.295075	0.00500686
1.11	0.299687	0.00303879
1.115	0.305293	0.000671667
1.12	0.30759	0.00381355
1.125	0.314948	0.00521796
1.13	0.323908	-0.00072564
1.135	0.33195	-0.00390795
1.14	0.331198	-0.00993872
1.145	0.337128	-0.000689255
1.15	0.338834	-0.00191122
1.155	0.335157	-0.00290881
1.16	0.331127	-0.00698677
1.165	0.329144	0.00226694
1.17	0.322995	0.00613797
1.175	0.321916	0.00526545
1.18	0.330022	0.00452723
1.185	0.333806	-0.00238018
1.19	0.334499	-0.00114848
1.195	0.334124	-0.00158841
1.2	0.33365	0.000761133
1.205	0.335	0.00376522
1.21	0.338931	0.0028253
1.215	0.345309	-0.00130791
1.22	0.34775	0.00622608
1.225	0.356111	0.00524952
1.23	0.363254	-0.000276168
1.235	0.372016	-0.00535984
1.24	0.373656	-0.00925312
1.245	0.378925	-0.000470984
1.25	0.380342	-0.00200151
1.255	0.375686	-0.00387743
1.26	0.372996	-0.00771141
1.265	0.370928	0.00268271
1.27	0.365842	0.00552132
1.275	0.364889	0.00568713
1.28	0.372622	0.00296165
1.285	0.376429	0.000713284
1.29	0.379638	-0.000923857
1.295	0.376799	-0.00302669
1.3	0.376633	-8.98298e-06
1.305	0.37856	0.00404735
1.31	0.382638	0.00311636
1.315	0.390719	-0.000340574
1.32	0.394062	0.00406728
1.325	0.400615	0.00491316
1.33	0.409771	-0.000510858
1.335	0.41656	-0.0044208
1.34	0.41802	-0.00988158
1.345	0.423745	-0.000306893
1.35	0.425127	-0.00184745
1.355	0.421526	-0.00253515
1.36	0.417394	-0.00749402
1.365	0.416597	0.00229672
1.37	0.411448	0.00556342
1.375	0.411853	0.0049805
1.38	0.419067	0.00229679
1.385	0.422977	0.000287623
1.39	0.426691	9.40671e-05
1.395	0.423686	-0.00332633
1.4	0.424393	0.000685036
1.405	0.427061	0.00426199
1.41	0.429146	0.00244727
1.415	0.43744	-0.000888769
1.42	0.441891	0.00396726
1.425	0.448551	0.00578833
1.43	0.45686	-0.00121072
1.435	0.465495	-0.00416615
1.44	0.466759	-0.0102863
1.445	0.472371	-0.000452379
1.45	0.474132	-0.00224103
1.455	0.473471	-0.00221059
1.46	0.466222	-0.00901366
1.465	0.466133	-0.000825391
1.47	0.462004	0.00761029
1.475	0.459447	0.00678024
1.48	0.468907	0.00500578
1.485	0.473282	-0.00203953
1.49	0.47782	0.00011696
1.495	0.478108	-0.00484461
1.5	0.471742	-0.000540089
1.505	0.475961	0.000927208
1.51	0.479946	0.00919084
1.515	0.48326	-0.00194441
1.52	0.491077	0.00170679
1.525	0.491859	0.00839678
1.53	0.505746	0.00437395
1.535	0.514777	-0.00405705
1.54	0.521484	-0.00495044
1.545	0.519719	-0.00972076
1.55	0.525796	-0.0003543
1.555	0.528132	-0.00277812
1.56	0.525362	-0.00368318
1.565	0.520066	-0.00865048
1.57	0.521657	-0.000194604
1.575	0.516506	0.00758912
1.58	0.512476	0.00543352
1.585	0.521993	0.00459894
1.59	0.529707	0.000786891
1.595	0.533823	-0.000325362
1.6	0.53026	-0.000777903
1.605	0.528028	-0.00295642
1.61	0.53375	-0.000384185
1.615	0.53379	0.00366794
1.62	0.53826	0.00400972
1.625	0.546214	-0.00126299
1.63	0.548941	0.00439916
1.635	0.552449	0.0100849
1.64	0.565708	-0.00171159
1.645	0.575693	-0.00607023
1.65	0.574884	-0.0107473
1.655	0.576399	-0.00764548
1.66	0.58414	0.00213508
1.665	0.587865	-0.000749948
1.67	0.585206	-0.00200517
1.675	0.579865	-0.0101137
1.68	0.579522	-0.00288813
1.685	0.577343	0.00613176
1.69	0.573669	0.00537701
1.695	0.576824	0.00606918
1.7	0.585826	0.00313159
1.705	0.589978	0.000645794
1.71	0.593875	-0.000581181
1.715	0.592154	-0.00582976
1.72	0.586556	-0.000438115
1.725	0.593442	0.000953544
1.73	0.596093	0.00919981
1.735	0.601057	0.00307917
1.74	0.609086	-0.000373861
1.745	0.608761	-0.000694007
1.75	0.614952	0.00727727
1.755	0.626574	0.00440634
1.76	0.634636	-0.00211801
1.765	0.642006	-0.00626027
1.77	0.64005	-0.0116289
1.775	0.643256	-0.00245748
1.78	0.648552	0.0011201
1.785	0.651429	-0.00185213
1.79	0.650143	-0.00248593
1.795	0.645569	-0.0117271
1.8	0.642832	-0.00585651
1.805	0.642286	0.00635546
1.81	0.642571	0.00682717
1.815	0.638806	0.00725099
1.82	0.649431	0.00560365
1.825	0.655269	-0.000868459
1.83	0.657914	0.000503538
1.835	0.661166	-0.000808785
1.84	0.660185	-0.00100838
1.845	0.654902	-0.0011237
1.85	0.659773	0.000153968
1.855	0.661965	0.00126921
1.86	0.669225	0.00910235
1.865	0.673571	-0.00339946
1.87	0.680783	8.28535e-05
1.875	0.681126	0.00154991
1.88	0.684955	0.00635862
1.885	0.695928	0.00422289
1.89	0.704707	-0.00136652
1.895	0.712825	-0.00592723
1.9	0.711142	-0.0113805
1.905	0.712224	-0.00830501
1.91	0.718502	0.00290388
1.915	0.719955	0.00163382
1.92	0.723265	-0.00187006
1.925	0.724178	-0.00197219
1.93	0.715791	-0.0114753
1.935	0.717894	-0.0089693
1.94	0.719303	0.000854664
1.945	0.718242	0.00949875
1.95	0.715825	0.00663532
1.955	0.712568	0.00714141
1.96	0.724702	0.0062301
1.965	0.72881	0.0030983
1.97	0.736149	-0.00402986
1.975	0.736263	6.81918e-05
1.98	0.739213	-0.000882181
1.985	0.736218	0.000173393
1.99	0.73352	-0.00296482
1.995	0.739358	-0.00176073
2	0.743333	-0.000379199
2.005	0.739117	0.000788013
2.01	0.75158	0.0103984
2.015	0.75456	0.00250224
2.02	0.761231	-0.0021476
2.025	0.760519	0.000953466
2.03	0.768584	0.00295838
2.035	0.770118	0.00619321
2.04	0.778209	0.00369532
2.045	0.786992	-0.00211496
2.05	0.791154	-0.00287776
2.055	0.798756	-0.00674404
2.06	0.801104	-0.00467596
2.065	0.794597	-0.0117772
2.07	0.795443	-0.00678854
2.075	0.805738	0.00470358
2.08	0.806638	0.00242034
2.085	0.809896	-0.00178615
2.09	0.8117	-0.00299479
2.095	0.809708	-0.00132709
2.1	0.806919	-0.00206012
2.105	0.808356	-0.011942
2.11	0.809246	-0.00437868
2.115	0.807994	0.00115583
2.12	0.809447	0.00859168
2.125	0.807927	0.00796312
2.13	0.810286	0.00416028
2.135	0.805901	0.00658354
2.14	0.815359	0.0045828
2.145	0.824318	0.00348614
2.15	0.828234	0.0023654
2.155	0.834592	-0.00735766
2.16	0.833597	-0.000889484
2.165	0.837996	-0.0011908
2.17	0.842929	-1.55701e-05
2.175	0.83586	0.00108802
2.18	0.836631	0.000921261
2.185	0.838196	-0.0034439
2.19	0.838641	-0.00148576
2.195	0.84441	0.000111108
2.2	0.847816	0.000888942
2.205	0.849627	-0.000100571
2.21	0.849887	0.00156687
2.215	0.85831	0.00919095
2.22	0.861318	0.00561852
2.225	0.867211	-0.000138787
2.23	0.870962	-0.00525307
2.235	0.871586	-0.0018044
2.24	0.875864	-7.44174e-05
2.245	0.873809	0.00191291
2.25	0.882673	0.00251213
2.255	0.882855	0.00233484
2.26	0.887134	0.0037274
2.265	0.888193	0.00503844
2.27	0.894082	0.00322515
2.275	0.900343	0.00146315
2.28	0.904968	-0.00412681
2.285	0.907819	-0.00253286
2.29	0.910001	-0.00104108
2.295	0.911469	-0.00485481
2.3	0.918182	-0.0069136
2.305	0.920726	0.00280484
2.31	0.918958	0.00207896
2.315	0.91471	-0.0149482
2.32	0.918994	-0.011365
2.325	0.921954	-0.00679941
2.33	0.923369	-0.00297754
2.335	0.923406	-0.00140086
2.34	0.926526	-0.000864537
2.345	0.935402	0.00761585
2.35	0.939913	0.00548302
2.355	0.937309	0.00426126
2.36	0.939379	0.00236166
2.365	0.94139	0.00148619
2.37	0.946142	-0.00347035
2.375	0.943647	-0.00358673
2.38	0.946828	-0.00210105
2.385	0.948592	-0.000791619
2.39	0.952158	0.000672283
2.395	0.955739	-0.00093844
2.4	0.950674	0.00120015
2.405	0.956577	-1.53862e-05
2.41	0.958521	-1.26645e-05
2.415	0.960466	-0.000305669
2.42	0.95981	-0.00246791
2.425	0.959882	-0.00199257
2.43	0.961929	-0.000832298
2.435	0.964504	-0.000103462
2.44	0.962413	-0.0110637
2.445	0.966473	-0.00945445
2.45	0.975892	-0.00574463
2.455	0.974107	-0.00534024
2.46	0.974041	-0.00439294
2.465	0.978118	-0.00240072
2.47	0.978774	-0.0012843
2.475	0.977382	-0.000762775
2.48	0.981228	-0.000580391
2.485	0.983343	-0.000290619
2.49	0.990745	-0.000226124
2.495	0.992165	-5.74458e-05
2.5	0.993046	0.000110263
2.505	0.994395	1.67696e-05
2.51	0.996129	7.82053e-05
2.515	0.998102	6.43997e-05
2.52	1.00006	1.48699e-05
2.525	1.00225	-0.000135699
2.53	1.00514	-8.9937e-05
2.535	1.00259	0.000259308
2.54	1.00545	0.000209135
2.545	1.00909	0.000150754
2.55	1.01444	0.000129936
2.555	1.01673	0.000380585
2.56	1.02073	-0.000182279
2.565	1.02059	0.00010461
2.57	1.02163	0.0020418
2.575	1.02041	0.0014323
2.58	1.02253	0.000750266
2.585	1.02841	0.0125427
2.59	1.03336	0.0101111
2.595	1.03433	0.00384187
2.6	1.03756	0.00304269
2.605	1.04096	0.00439887
2.61	1.04373	0.00395797
2.615	1.0439	0.00264116
2.62	1.04369	0.00107082
2.625	1.04691	0.000637416
2.63	1.04637	0.00141017
2.635	1.04503	-0.000789419
2.64	1.04754	-0.000953097
2.645	1.04974	-0.000598906
2.65	1.05073	0.000226684
2.655	1.04764	0.00419285
2.66	1.0557	0.00444443
2.665	1.05776	0.00343377
2.67	1.05774	-0.00140348
2.675	1.06218	0.000598448
2.68	1.05258	-0.0110478
2.685	1.05503	-0.00718022
2.69	1.06414	-0.00409649
2.695	1.06676	-0.00357062
2.7	1.06811	-0.00241337
2.705	1.06903	-0.001407
2.71	1.07317	0.0183761
2.715	1.07901	0.00679588
2.72	1.07832	0.00230606
2.725	1.06944	0.00459433
2.73	1.06355	0.0138048
2.735	1.07148	0.0135567
2.74	1.07248	0.00636453
2.745	1.0748	0.00138606
2.75	1.07927	0.000881861
2.755	1.08022	0.000708718
2.76	1.08591	-0.00349663
2.765	1.09074	-0.00441046
2.77	1.08713	-0.00658876
2.775	1.08949	-0.00114933
2.78	1.09727	-0.00576743
2.785	1.09931	-0.00555199
2.79	1.10086	-0.00798442
2.795	1.09967	0.00322777
2.8	1.10187	0.00868395
2.805	1.10219	0.00368913
2.81	1.09925	-0.0111395
2.815	1.10748	-0.00484906
2.82	1.10981	-0.00560955
2.825	1.11459	-0.00507789
2.83	1.11237	-0.000985085
2.835	1.11657	-0.00101127
2.84	1.1229	0.00124148
2.845	1.12456	0.00483708
2.85	1.12558	-0.000978296
2.855	1.12317	-0.00193958
2.86	1.11675	0.00340613
2.865	1.12294	-0.00103384
2.87	1.11384	0.00933206
2.875	1.11551	0.00756157
2.88	1.10886	0.00349201
2.885	1.11047	0.00155681
2.89	1.13281	-0.00478512
2.895	1.13409	-0.00241673
2.9	1.13846	-0.00498158
2.905	1.14183	-0.0145534
2.91	1.14371	-0.0116
2.915	1.14161	-0.015936
2.92	1.13848	0.00470344
2.925	1.14439	0.00892075
2.93	1.14785	0.0059143
2.935	1.138	0.00217829
2.94	1.13354	0.00762871
2.945	1.13862	0.00527489
2.95	1.13021	-0.0101104
2.955	1.1327	-0.00679249
2.96	1.14262	0.00794345
2.965	1.14218	0.00731041
2.97	1.1304	0.00968561
2.975	1.12161	0.0161895
2.98	1.12719	0.0131893
2.985	1.13112	0.00585474
2.99	1.14541	-0.00414151
2.995	1.14146	-0.00544951
3	1.15026	-0.00868759
3.005	1.1479	-0.00332915
3.01	1.15431	0.00612273
3.015	1.15214	-0.00989296
3.02	1.16256	-0.00723129
3.025	1.16502	-0.00612104
3.03	1.16596	-0.00395458
3.035	1.17391	-0.00160794
3.04	1.17467	0.00125031
3.045	1.17087	-0.00276537
3.05	1.16886	-0.00133652
3.055	1.16108	0.0150934
3.06	1.15614	0.00806307
3.065	1.14851	0.00382688
3.07	1.17217	-0.00474298
3.075	1.17355	-0.00728585
3.08	1.17396	-0.0143452
3.085	1.18104	-0.0177438
3.09	1.17073	-0.012867
3.095	1.18121	0.00988016
3.1	1.18053	0.00904276
3.105	1.17063	0.0101057
3.11	1.17045	0.00722485
3.115	1.15938	-0.0110173
3.12	1.16019	-0.00625049
3.125	1.1685	0.0101279
3.13	1.15643	0.0160664
3.135	1.14513	0.0182949
3.14	1.14823	0.0121002
3.145	1.16211	-0.0035665
3.15	1.17137	-0.00635405
3.155	1.17244	-0.00811933
3.16	1.17265	0.00881733
3.165	1.16847	-0.013005
3.17	1.17969	-0.00638095
3.175	1.18501	-0.00477722
3.18	1.19801	-0.00201811
3.185	1.19834	0.00238254
3.19	1.19376	-0.00147623
3.195	1.18214	-0.00109356
3.2	1.17518	0.0123982
3.205	1.16411	0.0065602
3.21	1.18451	-0.0038368
3.215	1.19014	-0.00331549
3.22	1.19408	-0.0177779
3.225	1.19888	-0.020655
3.23	1.18881	0.00428375
3.235	1.19208	0.00912111
3.24	1.18133	0.0101439
3.245	1.17387	0.00070335
3.25	1.17476	-0.00601845
3.255	1.17913	0.0056642
3.26	1.16437	0.0117926
3.265	1.15526	0.0200724
3.27	1.15615	0.0149285
3.275	1.168	-0.00297405
3.28	1.17593	-0.00967401
3.285	1.17688	-0.00175977
3.29	1.17814	0.00346732
3.295	1.1891	-0.013965
3.3	1.17852	-0.00891478
3.305	1.20324	-0.0114978
3.31	1.20006	0.00844906
3.315	1.19758	-0.00184865
3.32	1.18611	0.00670427
3.325	1.16635	0.00728691
3.33	1.18028	0.00197057
3.335	1.19123	-0.00791901
3.34	1.19568	-0.0214508
3.345	1.19691	-0.0157966
3.35	1.19793	0.00845974
3.355	1.19032	0.00926531
3.36	1.18245	0.00823564
3.365	1.16861	-0.00846399
3.37	1.1699	-0.00558814
3.375	1.17929	0.0110642
3.38	1.15612	0.0254769
3.385	1.14352	0.0223585
3.39	1.16621	0.00143453
3.395	1.17116	-0.00669804
3.4	1.1743	-0.00162482
3.405	1.1738	-0.00622801
3.41	1.18442	-0.010574
3.415	1.17969	-0.00625491
3.42	1.19373	-0.00514729
3.425	1.19879	0.000374323
3.43	1.18841	-0.00170373
3.435	1.16963	0.012688
3.44	1.15509	0.00691073
3.445	1.17895	-0.00149607
3.45	1.1884	-0.0179702
3.455	1.18558	-0.0167345
3.46	1.18645	-0.000958687
3.465	1.18197	0.0059407
3.47	1.17704	0.0117012
3.475	1.16003	-0.00874895
3.48	1.16855	0.00884147
3.485	1.15537	0.00981438
3.49	1.14109	0.0228058
3.495	1.1394	0.0150256
3.5	1.15045	-0.00445266
3.505	1.1559	-0.011411
3.51	1.16519	0.0075356
3.515	1.16548	-0.0139095
3.52	1.1611	-0.0111515
3.525	1.18277	-0.00816211
3.53	1.18075	0.00172456
3.535	1.17525	-0.00202309
3.54	1.15576	0.0119915
3.545	1.14292	0.010933
3.55	1.1621	-0.00455437
3.555	1.17099	-0.0205826
3.56	1.1712	-0.0186942
3.565	1.17158	0.00600561
3.57	1.16566	0.00796139
3.575	1.15679	0.00932173
3.58	1.14323	-0.0112648
3.585	1.14394	0.00888928
3.59	1.12732	0.026616
3.595	1.11387	0.018853
3.6	1.12981	0.0011437
3.605	1.13529	-0.00735967
3.61	1.13687	-0.00372547
3.615	1.13952	-0.00584234
3.62	1.14454	-0.00881014
3.625	1.15158	-0.00679373
3.63	1.15484	0.00606396
3.635	1.1492	-0.000622125
3.64	1.13883	0.00326206
3.645	1.11938	0.00536095
3.65	1.13549	-0.00519251
3.655	1.14475	-0.00765689
3.66	1.14374	-0.0207565
3.665	1.14315	-0.00113611
3.67	1.13887	0.00455773
3.675	1.13046	0.00747591
3.68	1.11877	-0.00649083
3.685	1.12237	0.00904379
3.69	1.10716	0.0123064
3.695	1.08874	0.0183335
3.7	1.09769	0.0175673
3.705	1.10816	-0.00458166
3.71	1.10764	-0.00692319
3.715	1.11051	-0.00510041
3.72	1.11945	-0.00754538
3.725	1.11992	-0.00817624
3.73	1.12207	0.00196585
3.735	1.1194	-0.00555281
3.74	1.10579	0.00327205
3.745	1.08521	0.00661894
3.75	1.10216	-0.00422368
3.755	1.11264	-0.00678943
3.76	1.11194	-0.020699
3.765	1.10972	-0.00190531
3.77	1.10646	0.00676741
3.775	1.09682	0.00978754
3.78	1.08201	-0.00970172
3.785	1.08586	0.00845183
3.79	1.06595	0.0145567
3.795	1.05767	0.022865
3.8	1.06389	0.00294519
3.805	1.0734	-0.00515929
3.81	1.07313	-0.00272949
3.815	1.07244	-0.00502596
3.82	1.07851	-0.0089065
3.825	1.08323	-0.00444469
3.83	1.08418	0.00129061
3.835	1.07627	-0.00322054
3.84	1.06479	0.00828434
3.845	1.04725	0.00546262
3.85	1.06261	-0.00533408
3.855	1.07355	-0.00764333
3.86	1.07089	-0.0206259
3.865	1.06949	-0.00142908
3.87	1.06342	0.00647304
3.875	1.05254	0.00811378
3.88	1.04072	-0.0100144
3.885	1.04476	0.00938535
3.89	1.02611	0.0162417
3.895	1.01444	0.020148
3.9	1.02203	0.00582471
3.905	1.02813	-0.00589957
3.91	1.02847	-0.00317732
3.915	1.02884	-0.00464652
3.92	1.03199	-0.00841014
3.925	1.03378	-0.00797439
3.93	1.03844	-0.00192308
3.935	1.03323	-0.0052385
3.94	1.02042	0.00376475
3.945	0.999702	0.00839386
3.95	1.00861	-0.000340882
3.955	1.01936	-0.00383451
3.96	1.02466	-0.0123261
3.965	1.02029	-0.00246984
3.97	1.01807	0.00260447
3.975	1.00707	0.00647934
3.98	0.991919	-0.00865348
3.985	0.989864	-0.00514618
3.99	0.991534	0.00709163
3.995	0.968807	0.0276035
4	0.95913	0.0191232
4.005	0.972207	-0.00287991
4.01	0.980954	-0.00778975
4.015	0.981713	0.000122404
4.02	0.97143	-0.0116746
4.025	0.980941	-0.00737724
4.03	0.988193	-0.0104437
4.035	0.9798	0.00225293
4.04	0.972488	0.00417686
4.045	0.956922	0.0128136
4.05	0.942763	0.00415508
4.055	0.95652	-0.00328014
4.06	0.959369	-0.00189957
4.065	0.9622	-0.0225588
4.07	0.959914	-0.00433153
4.075	0.961654	0.00351058
4.08	0.951651	0.00863946
4.085	0.938336	-0.000663407
4.09	0.931196	-0.00844773
4.095	0.932397	0.00773295
4.1	0.914906	0.0149401
4.105	0.900062	0.0186148
4.11	0.912875	0.00603106
4.115	0.915213	-0.000869342
4.12	0.913652	-0.00252504
4.125	0.914707	0.00409579
4.13	0.920033	-0.0162793
4.135	0.910007	-0.00936059
4.14	0.920333	-0.00382024
4.145	0.917572	-0.00102814
4.15	0.905111	-0.00337328
4.155	0.89177	0.0142834
4.16	0.874583	0.00300268
4.165	0.887913	-0.0038332
4.17	0.891591	-0.00321953
4.175	0.893581	-0.0131141
4.18	0.889433	-0.0164655
4.185	0.892504	0.00462694
4.19	0.890441	0.00627863
4.195	0.877327	0.00813247
4.2	0.860895	-0.00953607
4.205	0.864131	0.00756013
4.21	0.849366	0.0162392
4.215	0.842521	0.0140544
4.22	0.833131	0.0130994
4.225	0.842427	-0.00335608
4.23	0.849595	-0.00743364
4.235	0.841235	-0.00239936
4.24	0.841439	0.00445136
4.245	0.845718	-0.0119433
4.25	0.844109	-0.008676
4.255	0.843272	-0.00684236
4.26	0.836526	0.00217653
4.265	0.830319	-0.0043579
4.27	0.826128	0.00162954
4.275	0.809287	0.00951007
4.28	0.797325	0.00739746
4.285	0.810594	-0.00469639
4.29	0.813052	-0.00375017
4.295	0.81198	-0.00681856
4.3	0.8206	-0.0183442
4.305	0.808854	0.000737553
4.31	0.808247	0.00405042
4.315	0.797717	0.00785029
4.32	0.78623	0.00162533
4.325	0.781578	-0.00787667
4.33	0.784271	0.00806044
4.335	0.770013	0.00883545
4.34	0.757249	0.010382
4.345	0.752735	0.0154833
4.35	0.761576	0.00240915
4.355	0.757448	-0.00168592
4.36	0.763596	-0.00713731
4.365	0.760089	0.00139119
4.37	0.751185	-0.00539
4.375	0.755599	-0.010582
4.38	0.755922	-0.0061454
4.385	0.755318	-0.00786117
4.39	0.745988	0.00239048
4.395	0.744497	0.00196025
4.4	0.736462	0.000779885
4.405	0.723403	0.00784308
4.41	0.714803	0.00726943
4.415	0.706724	0.00284267
4.42	0.71826	-0.00334803
4.425	0.718445	-0.00402864
4.43	0.716813	-0.0149524
4.435	0.722082	-0.0128981
4.44	0.715608	0.00213949
4.445	0.716492	0.00539385
4.45	0.712347	0.0032088
4.455	0.700937	0.00632712
4.46	0.695002	0.00368679
4.465	0.682779	-0.00872716
4.47	0.680353	-0.00518177
4.475	0.681636	0.00719595
4.48	0.672776	0.00997779
4.485	0.65641	0.015696
4.49	0.657669	0.0149204
4.495	0.651768	0.00600988
4.5	0.661603	-0.00173679
4.505	0.660441	-0.00399806
4.51	0.657629	-0.0113507
4.515	0.655894	-0.00263689
4.52	0.653366	0.00468276
4.525	0.647201	-0.0104901
4.53	0.648997	-0.00809277
4.535	0.647732	-0.00440146
4.54	0.640679	-0.00272848
4.545	0.638806	-0.000950231
4.55	0.631953	0.00115316
4.555	0.630287	0.00202573
4.56	0.621345	0.00128258
4.565	0.616751	-0.000178654
4.57	0.606352	0.00956436
4.575	0.600006	0.00457204
4.58	0.59512	0.00237274
4.585	0.596568	-0.00325405
4.59	0.603456	-0.00342677
4.595	0.604135	-0.00446613
4.6	0.598975	-0.0109035
4.605	0.599845	-0.0048677
4.61	0.596258	-0.0108295
4.615	0.593938	0.00330371
4.62	0.591474	0.00467348
4.625	0.592042	0.0028518
4.63	0.582787	0.00248772
4.635	0.575826	0.00454427
4.64	0.565569	0.00469444
4.645	0.559735	-0.00119873
4.65	0.554851	-0.00849237
4.655	0.553826	-0.00561194
4.66	0.551884	-0.00321714
4.665	0.554427	0.00878979
4.67	0.548403	0.00839905
4.675	0.531776	0.00894571
4.68	0.531607	0.00609697
4.685	0.526243	0.0178009
4.69	0.526118	0.00567784
4.695	0.52017	0.00216827
4.7	0.526906	-0.00474904
4.705	0.523998	-0.00672032
4.71	0.519135	-0.00349563
4.715	0.523851	-0.00670308
4.72	0.515528	-0.00481502
4.725	0.50762	0.000752456
4.73	0.507816	0.00249569
4.735	0.506336	0.00524788
4.74	0.500457	0.0031246
4.745	0.497463	-0.0106603
4.75	0.493756	-0.00745958
4.755	0.495548	-0.00617454
4.76	0.488915	-0.00133154
4.765	0.485176	-0.00490299
4.77	0.482581	-0.00029432
4.775	0.478415	0.000383674
4.78	0.47731	-0.00491979
4.785	0.471205	0.00433645
4.79	0.469436	0.00168085
4.795	0.466296	0.00371561
4.8	0.459661	0.00305217
4.805	0.456943	-0.00128894
4.81	0.45222	-0.00229442
4.815	0.449893	0.00328342
4.82	0.445747	0.00386976
4.825	0.442326	0.0014146
4.83	0.438324	0.00294422
4.835	0.434258	0.00530161
4.84	0.432167	0.00261389
4.845	0.427861	0.000464075
4.85	0.421707	-0.000627943
4.855	0.420624	-0.000748989
4.86	0.417821	-0.000643514
4.865	0.415048	-0.000761861
4.87	0.417618	-0.00328035
4.875	0.415241	-0.00234891
4.88	0.413317	-0.00200171
4.885	0.411492	-0.00139839
4.89	0.407103	-0.00191112
4.895	0.403713	-0.000136113
4.9	0.403767	-0.000776427
4.905	0.401497	-0.0015197
4.91	0.395486	-0.000197942
4.915	0.393403	-0.000957535
4.92	0.392214	-0.00119329
4.925	0.386976	-0.00675086
4.93	0.38367	-0.00415856
4.935	0.382147	-0.00281393
4.94	0.380342	-0.00304315
4.945	0.376972	-0.00105376
4.95	0.371853	6.37075e-05
4.955	0.367401	0.00422378
4.96	0.369199	0.00102342
4.965	0.365401	0.000900733
4.97	0.36267	0.000132261
4.975	0.361518	-0.00491567
4.98	0.357837	-0.0038382
4.985	0.35477	-0.00248991
4.99	0.349522	-0.00143851
4.995	0.347181	-0.000843552
5	0.34499	-0.000518486
5.005	0.342545	-0.000303794
5.01	0.339982	-0.000192995
5.015	0.337003	9.73294e-05
5.02	0.334477	8.22662e-06
5.025	0.3314	0.000276934
5.03	0.328623	0.000320526
5.035	0.328314	0.000105166
5.04	0.32531	4.94821e-05
5.045	0.321911	0.000168088
5.05	0.319176	0.00517641
5.055	0.315411	0.00445665
5.06	0.310797	0.00269631
5.065	0.306289	0.00382515
5.07	0.309551	-0.00263977
5.075	0.308357	-0.00138741
5.08	0.305387	-0.000530924
5.085	0.302329	-0.000320089
5.09	0.299044	0.000373761
5.095	0.296845	0.000562431
5.1	0.295559	0.00593019
5.105	0.291224	0.00338514
5.11	0.290195	0.00221498
5.115	0.284546	0.00211678
5.12	0.282529	0.00164631
5.125	0.27864	0.000435891
5.13	0.278813	-0.000891769
5.135	0.277337	-0.000444332
5.14	0.276404	0.00117795
5.145	0.272622	0.000519402
5.15	0.271542	0.000426455
5.155	0.267298	0.00155065
5.16	0.266808	0.000863176
5.165	0.268396	0.00159594
5.17	0.265753	0.000395593
5.175	0.266573	0.000827278
5.18	0.266034	0.00191142
5.185	0.262865	0.00178783
5.19	0.263006	-0.000668386
5.195	0.256699	-0.00131191
5.2	0.25706	-0.00190511
5.205	0.255932	-0.00330789
5.21	0.252573	-0.00429004
5.215	0.250539	-0.00304797
5.22	0.249462	-0.00150217
5.225	0.248045	0.00103262
5.23	0.243841	0.00127453
5.235	0.241953	-0.00158812
5.24	0.24019	-0.00337103
5.245	0.234935	-0.00217244
5.25	0.233505	-0.00161338
5.255	0.231732	0.000668569
5.26	0.230097	-0.000287713
5.265	0.231084	0.00113886
5.27	0.22682	0.00131408
5.275	0.22556	0.0013334
5.28	0.223227	0.0090194
5.285	0.226615	0.00655373
5.29	0.222676	0.000663706
5.295	0.222412	-4.27782e-05
5.3	0.221724	-0.00424534
5.305	0.221806	-0.00210524
5.31	0.215638	0.00180161
5.315	0.21331	0.000857822
5.32	0.214623	0.00199201
5.325	0.209411	0.00503302
5.33	0.21347	0.0034262
5.335	0.215986	0.00236894
5.34	0.21533	-0.00353086
5.345	0.213514	-0.00262239
5.35	0.213985	-0.00365256
5.355	0.21215	-0.0055498
5.36	0.208256	-0.00901602
5.365	0.205881	-0.00493133
5.37	0.204627	-0.00481638
5.375	0.205946	0.000987085
5.38	0.206133	0.00301542
5.385	0.20753	0.00128588
5.39	0.202395	-0.00112149
5.395	0.198937	-0.00102791
5.4	0.19342	-0.000403661
5.405	0.189658	0.000324393
5.41	0.186448	-0.00526748
5.415	0.182815	0.00019553
5.42	0.181939	-0.00129754
5.425	0.182059	0.00347781
5.43	0.178192	0.00327308
5.435	0.178335	0.00188392
5.44	0.179645	0.00235926
5.445	0.182928	0.00171222
5.45	0.184431	0.00314332
5.455	0.185945	-0.00177381
5.46	0.182625	-0.00497549
5.465	0.185236	-0.00131829
5.47	0.18317	-0.00140836
5.475	0.182952	-0.00172635
5.48	0.178154	-0.00313245
5.485	0.177533	-0.0021999
5.49	0.174496	0.00120749
5.495	0.173437	0.00302961
5.5	0.173289	0.0083915
5.505	0.173041	0.00183817
5.51	0.17443	-0.00266882
5.515	0.17189	0.00161676
5.52	0.170733	0.00236141
5.525	0.167708	0.00438146
5.53	0.174282	0.00263183
5.535	0.175038	0.00099267
5.54	0.17573	-0.00167064
5.545	0.177052	-0.00652054
5.55	0.174005	-0.00894043
5.555	0.173738	-0.00628676
5.56	0.177269	0.00120276
5.565	0.177419	0.000413567
5.57	0.172665	-0.00163783
5.575	0.168163	-0.000900186
5.58	0.162781	-0.00178852
5.585	0.160039	-0.00314297
5.59	0.160156	9.31991e-06
5.595	0.15922	0.0029212
5.6	0.155489	0.00188299
5.605	0.157061	0.00261342
5.61	0.161472	0.00157909
5.615	0.165163	0.0020643
5.62	0.165957	-0.00236471
5.625	0.166916	-0.00244568
5.63	0.166948	-0.000865599
5.635	0.168103	-0.00509432
5.64	0.165508	-0.00123557
5.645	0.158713	-0.000269256
5.65	0.161234	0.0063185
5.655	0.160805	0.00503409
5.66	0.162373	-0.0022939
5.665	0.160949	0.00138766
5.67	0.160726	0.00202473
5.675	0.162798	0.00434144
5.68	0.162091	0.00106505
5.685	0.167341	-0.00230841
5.69	0.169723	-0.00387981
5.695	0.167988	-0.00855455
5.7	0.168718	-0.00287655
5.705	0.171629	0.000292656
5.71	0.167999	-0.00206451
5.715	0.163367	-0.00184395
5.72	0.160308	-0.00458493
5.725	0.152371	0.00202633
5.73	0.158038	0.00309797
5.735	0.155791	0.00165211
5.74	0.156446	0.00107411
5.745	0.162201	0.00146728
5.75	0.165383	-6.46211e-05
5.755	0.167911	-0.00253156
5.76	0.170711	-0.00134295
5.765	0.169527	-0.00425906
5.77	0.167936	-0.00173298
5.775	0.162569	0.000766755
5.78	0.164351	0.00759452
5.785	0.165021	0.0013993
5.79	0.170888	-0.00147941
5.795	0.160981	-0.000341117
5.8	0.168024	0.00443405
5.805	0.171939	0.00131507
5.81	0.172702	-0.00193748
5.815	0.174185	-0.0010397
5.82	0.174618	-0.0080045
5.825	0.178123	-0.00154446
5.83	0.178934	-0.00251139
5.835	0.172336	-0.00248731
5.84	0.167707	-0.00494291
5.845	0.166174	0.00125105
5.85	0.167725	0.00281346
5.855	0.166018	0.00131996
5.86	0.170454	0.00221476
5.865	0.172861	0.00173088
5.87	0.177614	-0.0010517
5.875	0.180105	-0.000356002
5.88	0.181554	-0.0032739
5.885	0.181012	-0.00310282
5.89	0.179346	-7.44174e-05
5.895	0.178336	0.00673349
5.9	0.179604	0.00105324
5.905	0.183169	-0.00208682
5.91	0.179102	0.00175738
5.915	0.183806	0.00348166
5.92	0.185676	-0.000289793
5.925	0.189691	-0.0037703
5.93	0.189397	-0.00709103
5.935	0.193192	-0.00333151
5.94	0.196511	-0.000709972
5.945	0.192996	-0.00133337
5.95	0.187164	-0.00102566
5.955	0.186432	-0.00339863
5.96	0.184967	0.00201462
5.965	0.1839	0.00333359
5.97	0.187732	0.00113212
5.975	0.193349	0.00173146
5.98	0.19656	-0.00184278
5.985	0.203109	-0.00133235
5.99	0.202772	-0.00537392
5.995	0.200476	-0.00166338
6	0.197519	0.00124781
6.005	0.202267	0.00611032
6.01	0.201031	-0.00196271
6.015	0.202187	0.000877408
6.02	0.201124	0.00609542
6.025	0.206146	-0.00019627
6.03	0.212569	-0.00313112
6.035	0.212839	-0.00628372
6.04	0.214378	-0.00638381
6.045	0.219769	-0.000684277
6.05	0.217721	-0.00106204
6.055	0.211673	-0.00124846
6.06	0.207866	-0.000298363
6.065	0.210083	0.00132427
6.07	0.21084	0.00193964
6.075	0.214303	0.00124428
6.08	0.218975	0.000198752
6.085	0.224838	-0.0015242
6.09	0.227311	-0.00249686
6.095	0.228055	-0.00291477
6.1	0.225559	0.000770739
6.105	0.228304	0.00455156
6.11	0.228826	0.00228937
6.115	0.232194	-0.00217374
6.12	0.227522	0.000388646
6.125	0.233911	0.00324124
6.13	0.23866	-0.000201737
6.135	0.241784	-0.00431119
6.14	0.24224	-0.00661982
6.145	0.246291	-0.00116942
6.15	0.246504	-0.00283257
6.155	0.241489	-0.00315745
6.16	0.238369	-0.00335923
6.165	0.241454	0.00188747
6.17	0.2406	0.00327555
6.175	0.24428	0.00168203
6.18	0.248834	0.00219213
6.185	0.25312	-0.00221048
6.19	0.261413	-0.00104501
6.195	0.258887	-0.00259752
6.2	0.255394	-0.000333726
6.205	0.258767	0.00397285
6.21	0.260498	0.00201908
6.215	0.264549	-0.00274256
6.22	0.260168	0.000600235
6.225	0.266279	0.00300146
6.23	0.271207	6.03346e-05
6.235	0.275771	-0.00416003
6.24	0.276016	-0.00726982
6.245	0.280375	-0.0015808
6.25	0.281147	-0.00225274
6.255	0.275571	-0.00369803
6.26	0.272604	-0.00426582
6.265	0.277572	0.00322598
6.27	0.275397	0.00238175
6.275	0.27877	0.00112607
6.28	0.285153	0.00133302
6.285	0.28995	-0.00130724
6.29	0.295728	-0.00177416
6.295	0.293928	-0.00303364
6.3	0.291989	0.00100301
6.305	0.294229	0.00337873
6.31	0.29721	0.00203464
6.315	0.30234	-0.00228865
6.32	0.29621	0.00322702
6.325	0.303796	0.00473547
6.33	0.30947	0.000633698
6.335	0.314659	-0.00596921
6.34	0.315466	-0.00879337
6.345	0.319646	-0.00207011
6.35	0.320221	-0.00316298
6.355	0.314489	-0.00341389
6.36	0.31079	-0.00475899
6.365	0.316772	0.00246467
6.37	0.314793	0.00253323
6.375	0.318999	0.00169703
6.38	0.324205	0.000619954
6.385	0.329914	-0.00173685
6.39	0.336267	-0.00104013
6.395	0.334639	-0.00192763
6.4	0.332597	0.00110398
6.405	0.334338	0.00296141
6.41	0.337237	0.00143484
6.415	0.342332	-0.00176343
6.42	0.33841	5.18876e-05
6.425	0.345556	0.00288316
6.43	0.352611	-0.000401546
6.435	0.353879	-0.000670107
6.44	0.358601	-0.00893421
6.445	0.362345	-0.00240486
6.45	0.364313	-0.00325072
6.455	0.359408	-0.00311247
6.46	0.355466	-0.00699611
6.465	0.357579	-0.000388781
6.47	0.358056	0.00416926
6.475	0.359564	0.00292484
6.48	0.367472	0.00230718
6.485	0.372504	-0.00164931
6.49	0.376859	0.000604744
6.495	0.380732	-0.00481565
6.5	0.375276	-0.00181871
6.505	0.378373	0.00112103
6.51	0.382176	0.00669345
6.515	0.383195	-0.00157356
6.52	0.386985	-0.000435154
6.525	0.382986	0.00145996
6.53	0.395292	0.00272533
6.535	0.402004	-0.00207397
6.54	0.406383	-0.00363403
6.545	0.405335	-0.00893499
6.55	0.409385	-0.00105302
6.555	0.411679	-0.00281444
6.56	0.406593	-0.00425134
6.565	0.404824	-0.00584574
6.57	0.407087	-0.000965665
6.575	0.40541	0.00539813
6.58	0.408215	0.0027031
6.585	0.415586	0.0028924
6.59	0.421118	-0.00212299
6.595	0.426689	-0.00170354
6.6	0.426373	-0.000755963
6.605	0.425605	-0.00151878
6.61	0.428234	0.000501131
6.615	0.429208	0.00269747
6.62	0.43289	0.00236489
6.625	0.438871	-0.00232574
6.63	0.434046	0.000945123
6.635	0.440358	0.00273291
6.64	0.448367	-0.00111136
6.645	0.455055	-0.00337539
6.65	0.455442	-0.00822213
6.655	0.457289	-0.00698059
6.66	0.46288	-0.00012597
6.665	0.465292	-0.00191284
6.67	0.462003	-0.00208191
6.675	0.458091	-0.00812898
6.68	0.459609	-0.0020352
6.685	0.461689	0.00426134
6.69	0.460273	0.00321624
6.695	0.466098	0.00374628
6.7	0.47201	0.000917047
6.705	0.476863	-0.000301818
6.71	0.482216	-0.000619426
6.715	0.481091	-0.0040164
6.72	0.477663	-0.00113909
6.725	0.482328	0.000485279
6.73	0.48466	0.00608162
6.735	0.48873	0.00151614
6.74	0.494448	-0.00341976
6.745	0.490929	-0.00138338
6.75	0.494024	0.00322277
6.755	0.504216	0.002473
6.76	0.512029	-0.00196963
6.765	0.51602	-0.00527746
6.77	0.514798	-0.0100204
6.775	0.51788	-0.00309751
6.78	0.521895	-0.000764415
6.785	0.524267	-0.00286247
6.79	0.522627	-0.00280603
6.795	0.519908	-0.00909795
6.8	0.516248	-0.00431338
6.805	0.520493	0.00420955
6.81	0.521792	0.00424298
6.815	0.521604	0.00414241
6.82	0.529795	0.00263064
6.825	0.535295	-0.00195358
6.83	0.539455	-0.000420583
6.835	0.544857	-0.00145826
6.84	0.542572	-0.00221787
6.845	0.537933	-0.00155245
6.85	0.542366	0.000605941
6.855	0.542999	-0.00071657
6.86	0.550942	0.00709093
6.865	0.555715	-0.0037356
6.87	0.558187	-0.00187949
6.875	0.55569	-0.000127303
6.88	0.559699	0.00318737
6.885	0.569049	0.002955
6.89	0.575054	0.00241466
6.895	0.581397	-0.00593275
6.9	0.581832	-0.0111632
6.905	0.582059	-0.00758322
6.91	0.587976	0.000492854
6.915	0.589124	-0.000632141
6.92	0.591838	-0.00323446
6.925	0.590576	-0.00266398
6.93	0.585684	-0.00903786
6.935	0.587612	-0.00735288
6.94	0.589054	-0.000661072
6.945	0.592174	0.00682795
6.95	0.590231	0.00440538
6.955	0.58908	0.00457746
6.96	0.600175	0.00397023
6.965	0.603927	0.000401856
6.97	0.608609	-0.00453627
6.975	0.611691	-0.00314145
6.98	0.613445	0.000492975
6.985	0.612064	-0.000102502
6.99	0.610239	-0.00302067
6.995	0.614889	-0.00313111
7	0.616836	-0.000506027
7.005	0.616348	0.000335678
7.01	0.626176	0.00752974
7.015	0.627093	0.00166772
7.02	0.633464	-0.00272895
7.025	0.631247	-0.00120124
7.03	0.636293	0.000881135
7.035	0.637739	0.0024924
7.04	0.646029	0.0015037
7.045	0.652068	-0.00224043
7.05	0.656876	-0.00217343
7.055	0.663147	-0.00617793
7.06	0.6645	-0.0048034
7.065	0.659509	-0.0101278
7.07	0.660072	-0.00695688
7.075	0.668803	0.00232423
7.08	0.669688	0.000810163
7.085	0.673619	-0.00312094
7.09	0.675227	-0.00174787
7.095	0.67371	-0.00252467
7.1	0.672166	-0.0040825
7.105	0.670971	-0.00901991
7.11	0.672426	-0.00374795
7.115	0.674172	-0.000209096
7.12	0.675757	0.00642979
7.125	0.676123	0.00549069
7.13	0.678446	0.00159385
7.135	0.675935	0.00372242
7.14	0.684557	0.00234407
7.145	0.692182	0.00214701
7.15	0.695895	0.000591681
7.155	0.701167	-0.00575735
7.16	0.702131	-0.00460907
7.165	0.703309	-0.00220823
7.17	0.705769	0.000861911
7.175	0.704492	-0.000942197
7.18	0.704541	-0.000415933
7.185	0.70714	-0.00562089
7.19	0.704438	-0.00147808
7.195	0.710418	-0.000425764
7.2	0.712686	0.000252631
7.205	0.715338	-0.000479088
7.21	0.71615	-0.000430342
7.215	0.723794	0.00690696
7.22	0.727008	0.00465424
7.225	0.730725	-0.00123739
7.23	0.734279	-0.00594919
7.235	0.735245	-0.00169855
7.24	0.73884	-0.00107865
7.245	0.735888	-2.95129e-05
7.25	0.741149	-0.00107466
7.255	0.744569	0.00140219
7.26	0.748489	0.00223574
7.265	0.748614	0.00330461
7.27	0.754935	0.00197255
7.275	0.760222	0.000524139
7.28	0.762649	-0.0059851
7.285	0.765694	-0.00334107
7.29	0.766578	0.00336222
7.295	0.771386	-0.00404809
7.3	0.774103	-0.00476901
7.305	0.779219	-0.00630168
7.31	0.780655	-0.00420013
7.315	0.773378	-0.0118933
7.32	0.776384	-0.00875684
7.325	0.779337	-0.0060453
7.33	0.780513	-0.00336336
7.335	0.781517	-0.00195646
7.34	0.784507	-0.00137986
7.345	0.79324	0.00708369
7.35	0.795018	0.00430885
7.355	0.793571	0.00151031
7.36	0.795462	-0.000117162
7.365	0.798025	-0.000468074
7.37	0.802312	-0.00381451
7.375	0.801506	-0.00400733
7.38	0.805164	-0.00275476
7.385	0.806115	-0.00196419
7.39	0.809242	-0.000606951
7.395	0.810374	-0.00121649
7.4	0.809621	-0.000985491
7.405	0.812729	-0.00137557
7.41	0.814199	-0.00111814
7.415	0.81583	-0.00115407
7.42	0.816186	-0.00312817
7.425	0.816765	-0.00290743
7.43	0.818951	-0.00186326
7.435	0.821236	-0.00078503
7.44	0.820508	-0.00986951
7.445	0.824269	-0.00896466
7.45	0.832123	-0.00588202
7.455	0.830435	-0.00499993
7.46	0.831458	-0.0038825
7.465	0.834272	-0.00295835
7.47	0.834307	-0.00270506
7.475	0.834131	-0.00208471
7.48	0.837785	-0.00202597
7.485	0.838737	0.000643115
7.49	0.847902	-0.00220593
7.495	0.848363	-0.00200192
7.5	0.848197	-0.00124818
7.505	0.849247	-0.000971277
7.51	0.850781	-0.00102438
7.515	0.852799	-0.00120857
7.52	0.855073	-0.00143581
7.525	0.856732	-0.00076947
7.53	0.859857	-0.000953915
7.535	0.857428	-0.000717649
7.54	0.861007	-0.000981034
7.545	0.864057	-0.00109736
7.55	0.868936	-0.000620049
7.555	0.871013	-0.00063772
7.56	0.874147	-0.000543763
7.565	0.874098	-0.000670263
7.57	0.873251	-0.000559313
7.575	0.875194	-0.00148097
7.58	0.876156	0.00134421
7.585	0.883873	0.00651756
7.59	0.885365	0.00720877
7.595	0.886685	0.00525957
7.6	0.889966	0.00309769
7.605	0.893842	0.00232915
7.61	0.894611	0.0012565
7.615	0.895429	0.000498974
7.62	0.896457	-0.000164581
7.625	0.89945	-0.000399163
7.63	0.899324	9.98979e-05
7.635	0.897911	-0.00162579
7.64	0.900183	-0.00161811
7.645	0.900942	-0.00174854
7.65	0.902949	-0.000615132
7.655	0.900513	0.00329607
7.66	0.90518	0.00206242
7.665	0.908055	0.00084399
7.67	0.912543	-2.61997e-05
7.675	0.914654	-0.000235958
7.68	0.905883	-0.0113103
7.685	0.909383	-0.00761931
7.69	0.915911	-0.00412832
7.695	0.91871	-0.00334735
7.7	0.920531	-0.00386659
7.705	0.923137	-0.00324075
7.71	0.925302	0.0167142
7.715	0.92753	0.00907195
7.72	0.928976	-0.00105711
7.725	0.922031	0.00274806
7.73	0.920871	0.00475202
7.735	0.924164	0.0022809
7.74	0.925898	8.22983e-06
7.745	0.924976	0.00781572
7.75	0.925359	0.00859212
7.755	0.93157	0.00111367
7.76	0.938596	-0.0044914
7.765	0.939224	-0.00379372
7.77	0.937127	-0.00819534
7.775	0.942653	-0.00563922
7.78	0.948059	-0.00536177
7.785	0.948355	-0.00568342
7.79	0.952621	-0.00561296
7.795	0.947579	-1.24445e-05
7.8	0.951231	0.00617128
7.805	0.9528	0.00277509
7.81	0.950771	-0.00936007
7.815	0.958174	-0.00642784
7.82	0.960262	-0.00314397
7.825	0.964688	-0.00323704
7.83	0.960067	-0.00308603
7.835	0.968431	-0.00718588
7.84	0.970325	0.00262363
7.845	0.970958	0.00100165
7.85	0.974044	-0.00115126
7.855	0.970714	0.00489581
7.86	0.967355	8.31085e-05
7.865	0.971934	-0.0028352
7.87	0.96487	0.00655953
7.875	0.964761	0.00459571
7.88	0.960548	0.00103254
7.885	0.960563	-0.000162449
7.89	0.978919	-0.00582793
7.895	0.982627	-0.0030834
7.9	0.986876	-0.0053307
7.905	0.986435	-0.0164195
7.91	0.989677	-0.00859556
7.915	0.987558	-0.0134642
7.92	0.987193	0.00328762
7.925	0.990994	0.00752573
7.93	0.993361	0.00536736
7.935	0.985305	0.000624225
7.94	0.981208	0.00558349
7.945	0.986937	0.00363481
7.95	0.975851	-0.0106336
7.955	0.981015	-0.00762408
7.96	0.98873	0.0144153
7.965	0.988662	0.00163784
7.97	0.98232	0.00639098
7.975	0.974995	0.0052318
7.98	0.974243	0.0103454
7.985	0.978956	0.00685944
7.99	0.990511	-0.00367325
7.995	0.985686	-0.00513026
8	0.997687	-0.00779733
8.005	0.992805	-0.00376446
8.01	1.00123	0.0060043
8.015	0.997112	-0.0113324
8.02	1.00823	-0.00878881
8.025	1.01126	-0.00419177
8.03	1.01035	-0.00470991
8.035	1.02008	-0.00173317
8.04	1.02212	0.00152967
8.045	1.01673	0.00148356
8.05	1.0164	-0.00223178
8.055	1.00545	0.00794717
8.06	1.00398	0.00579987
8.065	0.996769	0.00184586
8.07	1.01957	-0.00595411
8.075	1.02309	-0.00481816
8.08	1.02247	-0.0133716
8.085	1.02752	-0.0169682
8.09	1.01753	-0.0117725
8.095	1.02709	0.00757956
8.1	1.02659	0.00706588
8.105	1.01589	0.00888818
8.11	1.01715	0.00588383
8.115	1.00724	-0.010874
8.12	1.00906	-0.00684605
8.125	1.01685	0.00805395
8.13	1.00375	0.0130488
8.135	0.997091	0.016258
8.14	0.997327	0.0113467
8.145	1.00718	-0.00416551
8.15	1.01657	-0.00836439
8.155	1.01857	-0.00877848
8.16	1.01895	0.00642835
8.165	1.01858	-0.0107505
8.17	1.0285	-0.00576346
8.175	1.03299	-0.00351638
8.18	1.04118	0.0018519
8.185	1.03977	0.00180677
8.19	1.04055	-0.00510289
8.195	1.03413	-0.00161016
8.2	1.02286	0.00761092
8.205	1.01623	0.00688021
8.21	1.03469	-0.00416719
8.215	1.03648	-0.00860191
8.22	1.04212	-0.0180831
8.225	1.04646	-0.0156012
8.23	1.03775	0.00457294
8.235	1.03956	0.00704575
8.24	1.02859	0.00858738
8.245	1.02192	0.00103555
8.25	1.02444	-0.00833586
8.255	1.02441	0.0145273
8.26	1.01375	0.0100878
8.265	1.00457	0.0126525
8.27	1.00619	0.00948531
8.275	1.01598	-0.0038917
8.28	1.02609	-0.0081627
8.285	1.027	-0.00190534
8.29	1.02749	0.00298607
8.295	1.03796	-0.0134769
8.3	1.03041	-0.00679903
8.305	1.05084	-0.0122158
8.31	1.04456	0.00431012
8.315	1.04511	-0.00325099
8.32	1.03962	0.00726784
8.325	1.02237	0.00946024
8.33	1.02841	-0.00129473
8.335	1.04173	-0.00848439
8.34	1.04602	-0.0187439
8.345	1.0481	-0.0145852
8.35	1.04731	0.00602775
8.355	1.0412	0.00781534
8.36	1.03076	0.00831693
8.365	1.01868	-0.00900021
8.37	1.02172	-0.00440265
8.375	1.02629	0.0173881
8.38	1.0076	0.0219184
8.385	0.996176	0.0159596
8.39	1.01877	-0.000524856
8.395	1.02136	-0.00789615
8.4	1.02477	-0.00284658
8.405	1.0249	-0.0065647
8.41	1.0361	-0.0104526
8.415	1.0322	-0.00690376
8.42	1.04533	-0.00451626
8.425	1.04871	4.46246e-05
8.43	1.03785	0.00179862
8.435	1.02427	0.0106319
8.44	1.01249	0.00384569
8.445	1.03551	-0.00143669
8.45	1.04379	-0.0162771
8.455	1.03783	-0.017649
8.46	1.04057	-0.000737331
8.465	1.0364	0.00589041
8.47	1.02707	0.00951903
8.475	1.01543	-0.00746145
8.48	1.02258	0.00816466
8.485	1.00911	0.0084912
8.49	0.994373	0.0194311
8.495	0.995141	0.0124312
8.5	1.00498	-0.003212
8.505	1.00996	-0.0106505
8.51	1.01855	0.00653883
8.515	1.02216	-0.0114676
8.52	1.0166	-0.0096558
8.525	1.03909	-0.00712985
8.53	1.03643	0.00128013
8.535	1.03076	-0.00314514
8.54	1.01332	0.0100591
8.545	1.00315	0.00772852
8.55	1.02029	-0.000792224
8.555	1.02872	-0.0178253
8.56	1.0294	-0.017202
8.565	1.03048	0.00366911
8.57	1.01795	0.00254928
8.575	1.01537	0.0102557
8.58	1.00202	-0.0094394
8.585	1.00154	0.00750143
8.59	0.988415	0.0140502
8.595	0.970984	0.0298015
8.6	0.988335	0.00443011
8.605	0.992525	-0.00927668
8.61	0.993782	-0.00514315
8.615	0.999222	-0.00596616
8.62	1.00611	-0.00706579
8.625	1.01006	-0.00709009
8.63	1.01282	0.00518129
8.635	1.0145	-0.00499986
8.64	1.00213	0.0034823
8.645	0.981954	0.00586535
8.65	0.998386	-0.0038498
8.655	1.00872	-0.00770389
8.66	1.00797	-0.019359
8.665	1.00483	-0.000495291
8.67	1.00125	0.00528097
8.675	0.991932	0.00815392
8.68	0.978547	-0.00964476
8.685	0.984357	0.0104406
8.69	0.968927	0.0116518
8.695	0.954494	0.0158124
8.7	0.965089	0.00722436
8.705	0.968792	-0.00302841
8.71	0.969491	-0.00180181
8.715	0.972881	-0.00312652
8.72	0.981224	-0.00859532
8.725	0.983258	-0.00832728
8.73	0.991916	0.000829025
8.735	0.983072	-0.000363396
8.74	0.974904	0.00704948
8.745	0.956009	0.00669662
8.75	0.971419	-0.00438605
8.755	0.981875	-0.00608059
8.76	0.979769	-0.018653
8.765	0.976859	-0.00315814
8.77	0.97204	0.00370011
8.775	0.962996	0.00801548
8.78	0.952681	-0.00540885
8.785	0.953205	0.00558002
8.79	0.931513	0.0241045
8.795	0.921824	0.0178897
8.8	0.938601	0.00101489
8.805	0.941442	-0.00589884
8.81	0.940494	-0.00426101
8.815	0.942818	-0.00368297
8.82	0.948655	-0.00906436
8.825	0.951151	-0.00699257
8.83	0.952481	0.00521125
8.835	0.955254	-0.00441952
8.84	0.939655	0.00734687
8.845	0.921182	0.00530503
8.85	0.937758	-0.0043106
8.855	0.948297	-0.00630537
8.86	0.946868	-0.0183695
8.865	0.939776	-0.00445118
8.87	0.937626	0.00638839
8.875	0.927172	0.00935324
8.88	0.914745	-0.0086445
8.885	0.916681	0.00755747
8.89	0.901108	0.011249
8.895	0.887969	0.0258722
8.9	0.895583	0.00359343
8.905	0.901743	-0.006144
8.91	0.90177	-0.00321921
8.915	0.904055	-0.00420213
8.92	0.908207	-0.00799718
8.925	0.910865	-0.00752263
8.93	0.918181	0.000691114
8.935	0.914096	-0.00231196
8.94	0.897485	0.00599567
8.945	0.879181	0.00706293
8.95	0.890009	-0.00218748
8.955	0.899543	-0.00332124
8.96	0.905738	-0.0117934
8.965	0.902398	-0.00241248
8.97	0.900303	0.00362261
8.975	0.887468	0.00642753
8.98	0.868549	-0.0116055
8.985	0.870545	-0.00405793
8.99	0.872041	0.0073387
8.995	0.852626	0.0191712
9	0.841063	0.0195519
9.005	0.850102	-0.00101
9.01	0.85936	-0.00661031
9.015	0.863916	0.00308394
9.02	0.854133	-0.0101936
9.025	0.863456	-0.00714325
9.03	0.867378	-0.00716845
9.035	0.863575	0.00675129
9.04	0.861016	-0.000571071
9.045	0.845527	0.0101291
9.05	0.828997	0.00640681
9.055	0.843556	-0.00295671
9.06	0.850159	-0.00458927
9.065	0.852543	-0.0195258
9.07	0.848124	-0.000884721
9.075	0.848704	0.00377221
9.08	0.836813	0.00757818
9.085	0.823645	-0.000143493
9.09	0.819394	-0.00798705
9.095	0.819276	0.00710001
9.1	0.801127	0.0145516
9.105	0.786481	0.0176256
9.11	0.799949	0.0048425
9.115	0.805392	-0.00362112
9.12	0.803119	-0.00152781
9.125	0.801479	0.00433816
9.13	0.811074	-0.0130881
9.135	0.800811	-0.00838413
9.14	0.807628	-0.00342386
9.145	0.808876	-0.00164204
9.15	0.796453	0.00213357
9.155	0.787176	0.0121056
9.16	0.771045	0.00468368
9.165	0.785367	-0.00335874
9.17	0.787715	-0.0035105
9.175	0.790203	-0.0118598
9.18	0.783425	-0.0157415
9.185	0.788008	0.00603371
9.19	0.783708	0.00469944
9.195	0.77107	0.00728765
9.2	0.755377	-0.00881839
9.205	0.757795	0.00780279
9.21	0.746083	0.00828587
9.215	0.733009	0.0199943
9.22	0.727944	0.0150042
9.225	0.738807	-0.00373127
9.23	0.741824	-0.0094925
9.235	0.739125	-0.00202837
9.24	0.73881	0.00532792
9.245	0.742049	-0.0120581
9.25	0.743438	-0.00665262
9.255	0.742612	-0.00592068
9.26	0.732866	0.000479813
9.265	0.733046	-0.00262211
9.27	0.729952	0.00419691
9.275	0.71074	0.00902556
9.28	0.698143	0.00446109
9.285	0.713436	-0.00302422
9.29	0.716789	-0.00249433
9.295	0.715972	-0.00537239
9.3	0.723407	-0.0165855
9.305	0.713069	0.00100384
9.31	0.711126	0.00412897
9.315	0.698132	0.00736001
9.32	0.687896	0.000544499
9.325	0.68414	-0.00697761
9.33	0.684362	0.00721523
9.335	0.671451	0.00830268
9.34	0.66141	0.00974443
9.345	0.656953	0.0164796
9.35	0.664958	0.00194361
9.355	0.661359	-0.00116456
9.36	0.665775	-0.00748125
9.365	0.665018	0.00167537
9.37	0.657563	-0.00378087
9.375	0.663422	-0.00843222
9.38	0.661481	-0.00612253
9.385	0.658798	-0.00592116
9.39	0.653813	0.00123069
9.395	0.653635	0.0014129
9.4	0.644602	0.00443208
9.405	0.634336	0.00706177
9.41	0.627938	0.00614421
9.415	0.617122	0.00260637
9.42	0.629733	-0.00317685
9.425	0.632521	-0.00484715
9.43	0.625308	-0.0130677
9.435	0.636787	-0.0107548
9.44	0.624132	0.00276715
9.445	0.626804	0.00431718
9.45	0.62364	0.00218452
9.455	0.611634	0.00583137
9.46	0.60725	0.00395323
9.465	0.590026	-0.00938779
9.47	0.589217	-0.0040968
9.475	0.598083	0.00648248
9.48	0.58201	0.00884683
9.485	0.570976	0.0157635
9.49	0.568685	0.0136465
9.495	0.566745	0.00702201
9.5	0.574293	-0.00315137
9.505	0.573529	-0.00361288
9.51	0.571724	-0.00829152
9.515	0.570252	-0.00220726
9.52	0.567864	0.00439605
9.525	0.564437	-0.00890434
9.53	0.563872	-0.00641647
9.535	0.560423	-0.00461228
9.54	0.557629	-0.00545028
9.545	0.554284	0.00171277
9.55	0.552564	0.00104504
9.555	0.550401	0.000957223
9.56	0.5414	0.00117042
9.565	0.535025	0.00350241
9.57	0.527578	0.00932647
9.575	0.521465	0.00345224
9.58	0.516801	-4.17441e-05
9.585	0.518728	-0.0028968
9.59	0.524804	-0.00244234
9.595	0.526063	-0.00235188
9.6	0.519637	-0.0104933
9.605	0.521222	-0.00471645
9.61	0.517884	-0.0111823
9.615	0.516368	0.00299273
9.62	0.512397	0.00501309
9.625	0.512202	0.00295731
9.63	0.502877	0.0018517
9.635	0.499769	0.0073365
9.64	0.487962	0.00374558
9.645	0.481094	-0.0016578
9.65	0.475329	-0.00847409
9.655	0.475056	-0.00552608
9.66	0.473412	-0.00308753
9.665	0.477386	0.00837564
9.67	0.471578	0.00874265
9.675	0.452855	0.0138373
9.68	0.4558	0.00548779
9.685	0.452368	0.00821705
9.69	0.448273	0.0103147
9.695	0.446572	0.00271129
9.7	0.453508	-0.00488331
9.705	0.449335	-0.00594925
9.71	0.444668	-0.00409346
9.715	0.447062	-0.00681864
9.72	0.44204	-0.0043381
9.725	0.435489	0.00109974
9.73	0.434298	0.00244617
9.735	0.433517	0.0046971
9.74	0.427394	0.00276315
9.745	0.426045	-0.0106509
9.75	0.423502	-0.00630016
9.755	0.427022	-0.003897
9.76	0.419056	-0.00232835
9.765	0.41324	-0.00196329
9.77	0.411962	-0.00148313
9.775	0.409457	-0.000177686
9.78	0.408501	-0.00358953
9.785	0.403054	0.00109994
9.79	0.399495	0.00148831
9.795	0.39797	0.00478962
9.8	0.394102	0.00152671
9.805	0.389611	0.00150029
9.81	0.384567	0.00108173
9.815	0.383192	0.000571376
9.82	0.378339	0.00243957
9.825	0.378124	0.00423253
9.83	0.371914	0.00337447
9.835	0.368633	0.0046798
9.84	0.366282	0.00303092
9.845	0.361474	-0.00016653
9.85	0.357187	-0.000860561
9.855	0.355778	-0.000890874
9.86	0.35303	-0.000356143
9.865	0.350219	-0.00150011
9.87	0.353446	-0.00289934
9.875	0.351041	-0.00198572
9.88	0.349196	-0.0016745
9.885	0.34805	-0.00132164
9.89	0.344756	-0.00104795
9.895	0.340957	0.000571197
9.9	0.340688	-9.94282e-05
9.905	0.339129	-0.0014548
9.91	0.333245	-7.97951e-05
9.915	0.330473	0.000274849
9.92	0.329828	-0.000412069
9.925	0.325166	-0.00584015
9.93	0.322298	-0.00369589
9.935	0.320629	-0.00212098
9.94	0.318441	-0.00103563
9.945	0.316135	-0.000597808
9.95	0.312147	-0.000564307
9.955	0.307433	0.00427834
9.96	0.309494	0.00110382
9.965	0.305905	0.000645176
9.97	0.302773	0.000330618
9.975	0.301577	-0.0042526
9.98	0.298452	-0.0034324
9.985	0.295737	-0.00218025
9.99	0.290907	-0.000993417
9.995	0.289166	-0.000695296
10	0.286874	-0.000179016
