timestep	Fx	Fy
0.005	91.6455	-0.0425926
0.01	47.0708	-0.00519382
0.015	24.9906	0.00793816
0.02	13.6093	0.00832725
0.025	7.70809	0.0051466
0.03	4.62282	0.00258605
0.035	2.98875	0.00375339
0.04	2.10534	0.00240867
0.045	1.61919	0.00173843
0.05	1.34337	0.00391295
0.055	1.16954	0.00216393
0.06	1.06039	0.00248507
0.065	1.02626	0.00058602
0.07	0.845567	-0.00131461
0.075	0.84087	0.000199704
0.08	0.817108	-0.00173575
0.085	0.607781	0.00200026
0.09	0.684072	0.00204542
0.095	0.701082	0.000364106
0.1	0.701377	0.00148056
0.105	0.693383	0.000811535
0.11	0.766475	-0.000425283
0.115	0.702117	-0.00092987
0.12	0.65752	-0.00464114
0.125	0.628196	-0.00203945
0.13	0.601971	0.000951312
0.135	0.581335	0.000303181
0.14	0.566283	0.00053312
0.145	0.546199	0.000189276
0.15	0.528611	0.00178282
0.155	0.517226	0.00117551
0.16	0.505843	0.000818724
0.165	0.492038	0.000525943
0.17	0.479308	0.00042774
0.175	0.468658	0.00126208
0.18	0.456279	-0.00152858
0.185	0.454792	-0.000947469
0.19	0.439153	0.00102125
0.195	0.430104	-0.00105028
0.2	0.421034	-0.000765133
0.205	0.412135	-0.00056451
0.21	0.32377	-0.00438763
0.215	0.354332	0.000925685
0.22	0.366683	-0.00216266
0.225	0.371811	0.00109566
0.23	0.371238	-0.00120924
0.235	0.367017	0.000463036
0.24	0.358835	-0.00201357
0.245	0.373233	-0.0010031
0.25	0.35816	-0.00108477
0.255	0.351082	-0.000465055
0.26	0.336289	0.000400843
0.265	0.331099	-2.16963e-05
0.27	0.281533	0.00283751
0.275	0.302066	-0.000848363
0.28	0.296226	4.42476e-05
0.285	0.304792	-2.74103e-05
0.29	0.307073	-0.00032677
0.295	0.315837	0.00024759
0.3	0.311111	0.00145866
0.305	0.30652	0.00258175
0.31	0.346738	-0.00123517
0.315	0.320805	-0.000619936
0.32	0.384166	-0.000525477
0.325	0.379446	-0.000305615
0.33	0.331268	-0.000410736
0.335	0.303049	-0.000355292
0.34	0.284766	0.000898881
0.345	0.274816	0.000206892
0.35	0.269346	-0.00154572
0.355	0.263946	-0.00192061
0.36	0.348032	-0.000211679
0.365	0.308936	-0.000319972
0.37	0.288604	-0.000458577
0.375	0.266877	0.000746787
0.38	0.251811	0.000797534
0.385	0.298706	0.000229552
0.39	0.265514	-0.000588348
0.395	0.24844	0.000702347
0.4	0.237077	0.000200433
0.405	0.227533	-0.00102655
0.41	0.376217	0.000796233
0.415	0.308012	0.00118786
0.42	0.212044	-0.000343524
0.425	0.269918	0.00190585
0.43	0.239027	-0.00275862
0.435	0.219142	-0.000335071
0.44	0.229477	0.000801934
0.445	0.213309	0.00102415
0.45	0.203179	0.00152154
0.455	0.197214	-0.000699485
0.46	0.158716	-0.00330914
0.465	0.173461	-0.00151137
0.47	0.181311	-0.000491444
0.475	0.185423	-0.000890561
0.48	0.19925	-0.00113489
0.485	0.19634	0.000459648
0.49	0.197455	-0.000137214
0.495	0.177487	-0.000150067
0.5	0.187294	0.000954735
0.505	0.194855	0.000474517
0.51	0.200173	0.00149074
0.515	0.235409	0.000492848
0.52	0.27947	0.000115797
0.525	0.273842	7.71276e-05
0.53	0.233556	2.98012e-05
0.535	0.213117	-0.000383798
0.54	0.198807	-0.000846389
0.545	0.192754	-0.0010112
0.55	0.261958	-0.000270575
0.555	0.237179	-0.000462576
0.56	0.209055	0.000815349
0.565	0.193546	0.000484116
0.57	0.23705	-0.000340801
0.575	0.212833	-9.88459e-05
0.58	0.195462	0.000179424
0.585	0.317748	0.00125797
0.59	0.276057	0.000742235
0.595	0.226819	0.00130223
0.6	0.199238	-0.00181154
0.605	0.207687	-6.41204e-05
0.61	0.185858	0.000510331
0.615	0.170613	-5.55195e-05
0.62	0.169003	-7.65189e-05
0.625	0.143189	-0.0010882
0.63	0.151944	-0.00178088
0.635	0.155469	-0.00166275
0.64	0.174476	0.00100652
0.645	0.171941	-0.000934844
0.65	0.178641	-0.000352257
0.655	0.178753	0.000627969
0.66	0.186964	0.00138181
0.665	0.217939	0.0018946
0.67	0.257077	-0.000525156
0.675	0.257074	-0.000177407
0.68	0.218415	-0.000271279
0.685	0.196766	-0.000852259
0.69	0.187111	-0.00104606
0.695	0.246374	-0.000476186
0.7	0.223075	0.000339704
0.705	0.198041	0.000387068
0.71	0.23664	-0.000317156
0.715	0.219587	0.00019219
0.72	0.307387	0.000346803
0.725	0.274755	0.000957626
0.73	0.191041	0.00101866
0.735	0.224533	-0.00143792
0.74	0.224588	-4.44465e-05
0.745	0.196849	0.00107978
0.75	0.182459	-0.000218143
0.755	0.158656	-0.00240971
0.76	0.163192	0.000241755
0.765	0.163342	-0.000363226
0.77	0.181247	0.00012268
0.775	0.185648	0.000223795
0.78	0.194596	-0.00080949
0.785	0.195752	-0.000101251
0.79	0.19657	0.00060887
0.795	0.22677	0.000358197
0.8	0.290015	0.000245011
0.805	0.251424	-3.0586e-05
0.81	0.219719	-0.000719382
0.815	0.206214	-0.000958905
0.82	0.263093	-0.000563165
0.825	0.233469	0.000541279
0.83	0.258716	-8.93595e-05
0.835	0.229634	0.000601239
0.84	0.279977	-0.00106112
0.845	0.289339	0.000832008
0.85	0.235973	0.00148123
0.855	0.255355	-0.00109113
0.86	0.250093	0.000103075
0.865	0.221404	0.00103301
0.87	0.205054	-0.000261505
0.875	0.184483	-0.000986703
0.88	0.187338	-0.00201927
0.885	0.201037	-0.00164592
0.89	0.212237	-0.000148163
0.895	0.216784	0.000440743
0.9	0.218266	0.000608938
0.905	0.220494	0.000991217
0.91	0.297956	0.00148771
0.915	0.289589	-0.000112345
0.92	0.257143	0.000413004
0.925	0.236062	-0.00157062
0.93	0.28336	-0.000949825
0.935	0.26118	-3.64714e-05
0.94	0.23866	0.000103669
0.945	0.276401	0.000355486
0.95	0.259348	-0.000358409
0.955	0.347635	0.000453961
0.96	0.286051	0.00131647
0.965	0.293336	-0.00120578
0.97	0.283907	-4.05813e-06
0.975	0.253756	0.000331656
0.98	0.226184	-2.12785e-06
0.985	0.223638	-0.00073378
0.99	0.220686	-0.000824019
0.995	0.236244	-0.00144821
1	0.245731	-0.000794188
1.005	0.253873	0.000567414
1.01	0.256425	0.00108569
1.015	0.282169	0.000429169
1.02	0.340786	0.000280885
1.025	0.305537	-8.22736e-05
1.03	0.276418	-0.000960375
1.035	0.318855	-0.000640356
1.04	0.293881	-0.000627159
1.045	0.277805	0.000366917
1.05	0.310405	0.000558357
1.055	0.294321	-0.00022425
1.06	0.379329	0.000591247
1.065	0.321428	0.00115479
1.07	0.329055	-0.00117875
1.075	0.319836	-8.4987e-06
1.08	0.292015	0.000305008
1.085	0.264619	-0.00200381
1.09	0.261582	-0.000989205
1.095	0.27148	-0.00139507
1.1	0.284625	-3.5708e-05
1.105	0.287636	0.00139028
1.11	0.289528	0.000274808
1.115	0.2928	0.00061259
1.12	0.365849	0.000169178
1.125	0.358981	0.000254249
1.13	0.329171	-0.000646687
1.135	0.310837	-0.000119728
1.14	0.360839	-0.000907039
1.145	0.334281	0.000185136
1.15	0.358786	-0.000295556
1.155	0.338469	5.68061e-05
1.16	0.421402	-5.8174e-05
1.165	0.363914	0.00149605
1.17	0.370604	-0.00100536
1.175	0.361335	5.20665e-05
1.18	0.333754	0.00163713
1.185	0.307196	-0.00251645
1.19	0.305268	-0.00111335
1.195	0.314827	-0.00128078
1.2	0.328837	-0.000364282
1.205	0.330694	0.00128644
1.21	0.333228	0.000112887
1.215	0.336234	0.00174168
1.22	0.410181	-0.000412213
1.225	0.404002	-5.14276e-05
1.23	0.374661	-0.000489946
1.235	0.357142	-0.00108086
1.24	0.407027	-0.000680276
1.245	0.381173	0.000282026
1.25	0.405297	-0.000253382
1.255	0.384777	-0.000338424
1.26	0.468364	0.000636891
1.265	0.410112	0.00165098
1.27	0.417955	-0.0012255
1.275	0.408673	-8.7304e-05
1.28	0.379021	0.000262261
1.285	0.357267	-0.00192996
1.29	0.354903	0.000302607
1.295	0.364818	-0.00191212
1.3	0.378099	0.000945862
1.305	0.380263	0.000602473
1.31	0.383014	-0.00023523
1.315	0.386677	0.000347592
1.32	0.460049	-4.08974e-05
1.325	0.454843	0.000962634
1.33	0.426083	-0.00110216
1.335	0.408992	-0.000386339
1.34	0.45999	-0.000973203
1.345	0.434058	0.000103618
1.35	0.457944	-0.000364503
1.355	0.436261	7.08977e-05
1.36	0.520833	-0.000122235
1.365	0.461619	0.00147286
1.37	0.470953	-0.00104063
1.375	0.461243	2.68863e-05
1.38	0.432504	0.000285655
1.385	0.409873	-0.000912394
1.39	0.409068	-0.000186944
1.395	0.419653	-0.00221768
1.4	0.431868	-0.000467564
1.405	0.431348	-0.000214644
1.41	0.436327	0.000494262
1.415	0.44022	0.000837544
1.42	0.516063	0.000776679
1.425	0.511713	3.55833e-05
1.43	0.482258	-0.000306836
1.435	0.464202	-0.0011513
1.44	0.511575	-0.000617498
1.445	0.493881	0.000336191
1.45	0.516283	-0.000274033
1.455	0.497432	0.000136202
1.46	0.577771	0.000213259
1.465	0.5168	0.000320009
1.47	0.529408	-0.00129756
1.475	0.517344	0.000457227
1.48	0.490759	0.00111337
1.485	0.477248	-0.000170162
1.49	0.459043	-0.00205625
1.495	0.462624	-0.000272653
1.5	0.48222	-0.000420722
1.505	0.486165	0.000549363
1.51	0.494334	0.000694038
1.515	0.500301	-0.000751533
1.52	0.529275	0.000127133
1.525	0.592836	-0.000234277
1.53	0.558389	-6.98801e-05
1.535	0.530402	-0.000749949
1.54	0.521154	-0.000719793
1.545	0.579462	-0.000636271
1.55	0.553798	0.000323579
1.555	0.57769	-0.000286455
1.56	0.553629	-0.000275631
1.565	0.643438	0.000516489
1.57	0.580144	0.00100417
1.575	0.595659	-0.00147249
1.58	0.580289	0.000278687
1.585	0.554217	0.00109209
1.59	0.540357	0.00145125
1.595	0.52086	-0.00297682
1.6	0.527549	-0.00191795
1.605	0.54401	-0.00152542
1.61	0.553297	-9.44524e-05
1.615	0.550549	-8.82026e-05
1.62	0.557266	0.000559286
1.625	0.564278	0.000992212
1.63	0.646611	0.00023688
1.635	0.642335	0.0001542
1.64	0.611123	0.000656418
1.645	0.591761	-0.00143032
1.65	0.642875	-0.000736122
1.655	0.626193	-0.000688752
1.66	0.606619	0.00034697
1.665	0.638808	-0.000282558
1.67	0.621798	0.000274961
1.675	0.712265	0.000327533
1.68	0.677991	0.000851862
1.685	0.647116	-0.0018516
1.69	0.622292	-0.000242625
1.695	0.628945	0.000558354
1.7	0.612979	0.00144605
1.705	0.591249	-0.00255686
1.71	0.594901	3.21788e-05
1.715	0.60033	-0.00190541
1.72	0.62193	-0.00116883
1.725	0.617499	0.0014116
1.73	0.624938	-0.000137908
1.735	0.629852	-0.000114313
1.74	0.636802	0.0007599
1.745	0.670516	0.00127645
1.75	0.741208	-0.000746449
1.755	0.702631	-0.000375859
1.76	0.674146	-0.000950006
1.765	0.662664	-0.00102825
1.77	0.719574	-0.000476993
1.775	0.703282	0.000205727
1.78	0.682074	0.000197748
1.785	0.718169	-0.000507727
1.79	0.698736	0.000232916
1.795	0.787916	0.000273215
1.8	0.767464	0.00120903
1.805	0.680653	0.000234977
1.81	0.72179	-0.00145497
1.815	0.718251	-0.000171845
1.82	0.698248	0.000419102
1.825	0.686231	0.00166421
1.83	0.663771	-0.00330038
1.835	0.673396	-0.00158119
1.84	0.681208	0.000116406
1.845	0.698162	-0.000520461
1.85	0.70577	-0.000949922
1.855	0.693835	-0.000830176
1.86	0.703601	0.000362372
1.865	0.714795	0.000242179
1.87	0.717319	0.000781928
1.875	0.754068	0.000102564
1.88	0.830693	0.00097463
1.885	0.789196	0.000441901
1.89	0.75973	-9.43531e-05
1.895	0.745579	-0.00217036
1.9	0.806965	-0.00101919
1.905	0.789655	-0.000855958
1.91	0.769399	0.00046654
1.915	0.758584	9.46811e-05
1.92	0.80103	-0.000600689
1.925	0.784664	-0.000204316
1.93	0.833645	-0.000860326
1.935	0.854961	6.99357e-05
1.94	0.790061	0.0014157
1.945	0.825807	0.000300162
1.95	0.793934	-0.00114283
1.955	0.79915	0.000178453
1.96	0.783521	0.00202653
1.965	0.775401	-0.000141002
1.97	0.769897	0.000297566
1.975	0.749814	-0.00367419
1.98	0.762541	-0.000332874
1.985	0.772051	-0.00203889
1.99	0.791885	-0.00185086
1.995	0.793468	-0.000210946
2	0.796138	0.00138904
2.005	0.786337	-0.00114586
2.01	0.796066	0.000293731
2.015	0.807622	8.75093e-05
2.02	0.811496	0.000986182
2.025	0.850846	2.44045e-05
2.03	0.898562	-0.000226499
2.035	0.903893	0.00106047
2.04	0.867403	-0.000887414
2.045	0.848828	-0.000682629
2.05	0.84073	-0.00120734
2.055	0.837209	-0.00118242
2.06	0.839358	-0.00105225
2.065	0.911273	-0.000362347
2.07	0.897114	-0.00053648
2.075	0.874191	0.000719321
2.08	0.862234	0.000299561
2.085	0.908945	-0.000547056
2.09	0.884349	0.000358106
2.095	0.880412	-0.00017152
2.1	0.863276	-0.000989808
2.105	0.999549	0.000511525
2.11	0.944008	0.000980379
2.115	0.881518	-0.000438148
2.12	0.878398	0.000307217
2.125	0.928324	-0.00240457
2.13	0.902772	-0.000228383
2.135	0.914381	0.000802643
2.14	0.895487	0.000635288
2.145	0.88682	0.000545802
2.15	0.88587	0.00145083
2.155	0.882568	-0.000867671
2.16	0.885561	-0.000748096
2.165	0.8651	-0.0032735
2.17	0.879688	0.000866945
2.175	0.890041	-0.000392319
2.18	0.896857	-0.00242223
2.185	0.899566	-0.00174451
2.19	0.92297	-0.00136775
2.195	0.922457	0.00158839
2.2	0.921553	0.000716177
2.205	0.906029	0.000496393
2.21	0.916014	-0.000162739
2.215	0.922061	-0.00113348
2.22	0.927077	-0.000679378
2.225	0.931614	-0.000612103
2.23	0.94357	-8.3444e-05
2.235	0.943723	0.00104799
2.24	0.945488	0.000202392
2.245	0.989595	-0.000221242
2.25	0.974056	-0.000246305
2.255	1.03528	-0.000395294
2.26	1.01963	-0.000350299
2.265	1.0208	-0.000363081
2.27	0.995998	-0.000487555
2.275	0.982973	-0.000513826
2.28	0.97628	-0.000577614
2.285	0.975562	-0.00071394
2.29	0.976679	-0.00053753
2.295	0.976712	-0.00129299
2.3	0.979288	-0.00126819
2.305	0.983166	-0.00103189
2.31	0.98579	-0.000960469
2.315	1.07047	-0.00023784
2.32	1.04162	-0.000468392
2.325	1.02056	-0.000579449
2.33	1.0212	-0.000606309
2.335	1.01634	-0.000576153
2.34	1.0078	-0.000530436
2.345	1.01285	0.00099386
2.35	1.00926	0.000548328
2.355	1.01224	0.000100253
2.36	1.01563	-0.000129047
2.365	1.01901	-0.000265279
2.37	1.08061	-0.000249224
2.375	1.0553	-0.000974797
2.38	1.04077	-0.00054057
2.385	1.0361	-0.000490612
2.39	1.03498	0.000372474
2.395	1.03612	-0.000155202
2.4	1.0452	-0.000294233
2.405	1.04462	-0.000883108
2.41	1.04528	-0.000251688
2.415	1.04219	-0.000230044
2.42	1.03928	-0.00111222
2.425	1.04529	-0.000798758
2.43	1.05071	-0.000672962
2.435	1.05472	-0.000663311
2.44	1.15067	-1.99678e-05
2.445	1.11649	-0.000126541
2.45	1.09287	0.000603018
2.455	1.14371	0.00011224
2.46	1.11587	9.01498e-05
2.465	1.10251	-0.000929681
2.47	1.08904	-0.000494702
2.475	1.08284	6.77066e-07
2.48	1.08069	0.00012933
2.485	1.08164	-1.21194e-05
2.49	1.08324	0.000215295
2.495	1.08493	-7.1681e-06
2.5	1.08787	0.000694455
2.505	1.09007	-0.000456983
2.51	1.0931	-0.000260047
2.515	1.09545	-0.000102698
2.52	1.09872	-0.000225362
2.525	1.10074	-0.000144039
2.53	1.10414	-0.000185996
2.535	1.10606	-0.00117216
2.54	1.10868	5.9038e-05
2.545	1.11148	-2.57704e-05
2.55	1.11573	-0.000750889
2.555	1.1179	0.000409842
2.56	1.11515	-2.62607e-05
2.565	1.12077	-5.34725e-05
2.57	1.04516	-0.000107906
2.575	1.08677	-0.0019734
2.58	1.10807	-0.000926821
2.585	1.00937	0.000500004
2.59	1.07175	0.000183802
2.595	1.10401	-0.000813538
2.6	1.12201	-0.00055708
2.605	1.13977	-1.48947e-05
2.61	1.14785	-0.000232954
2.615	1.14799	-0.000432866
2.62	1.14938	-0.000482031
2.625	1.14391	-0.000521859
2.63	1.14884	-0.00053621
2.635	1.15313	-0.00156525
2.64	1.15573	-0.0010095
2.645	1.15909	-0.000738827
2.65	1.16288	-0.000270472
2.655	1.09098	-0.000308787
2.66	1.12967	-0.0002501
2.665	1.14957	-0.000262607
2.67	1.16051	-0.000260194
2.675	1.16753	-0.000287613
2.68	1.16828	-0.00250949
2.685	1.18382	-0.00166564
2.69	1.18219	-0.00124795
2.695	1.17233	-0.000959905
2.7	1.17894	-0.000818903
2.705	1.18377	-0.000735029
2.71	1.07426	-0.00118026
2.715	1.13025	-0.000836958
2.72	1.16063	-0.000748718
2.725	1.1797	-0.000457342
2.73	1.19103	0.000394948
2.735	1.19664	-0.000200477
2.74	1.20141	-0.000190616
2.745	1.20716	-0.000399663
2.75	1.20891	-0.000563432
2.755	1.20978	-0.000642922
2.76	1.17288	0.000265234
2.765	1.17398	-0.00105
2.77	1.0868	0.00137579
2.775	1.14696	0.000409124
2.78	1.12074	-0.00192033
2.785	1.16705	-0.000966187
2.79	1.19109	-0.00227867
2.795	1.19314	-0.00154917
2.8	1.20736	-0.00086808
2.805	1.2156	-0.000979378
2.81	1.21954	-0.00215183
2.815	1.22417	0.00100967
2.82	1.24442	-0.00233311
2.825	1.24061	-0.00201553
2.83	1.23567	0.000353695
2.835	1.21336	-0.00177799
2.84	1.23145	-0.000881483
2.845	1.23903	0.000152752
2.85	1.24303	-1.73123e-05
2.855	1.24581	0.00189463
2.86	1.27524	0.00255475
2.865	1.26938	0.00114754
2.87	1.27253	0.00161576
2.875	1.26878	0.000851266
2.88	1.26865	-0.000764378
2.885	1.27134	-0.000260514
2.89	1.21738	-0.00169465
2.895	1.24212	-0.00244911
2.9	1.15639	0.00176523
2.905	1.21523	0.00145268
2.91	1.26106	0.000667214
2.915	1.27056	-0.00150917
2.92	1.04617	-0.00150166
2.925	1.16501	-0.000415155
2.93	1.20868	-0.000125225
2.935	1.24155	-0.00163269
2.94	1.17439	-0.000637091
2.945	1.22255	-0.000360669
2.95	1.25147	-0.00280175
2.955	1.255	-0.00183861
2.96	1.14391	-0.00173293
2.965	1.20899	-0.00117788
2.97	1.24999	-0.000748999
2.975	1.26894	0.000432237
2.98	1.28237	0.00103592
2.985	1.28776	-0.000949569
2.99	1.22821	0.00148451
2.995	1.14131	-0.000461588
3	1.14645	0.000953071
3.005	1.21175	-0.00424846
3.01	1.23896	-0.00253439
3.015	1.26128	-0.000769113
3.02	1.28956	-0.00339934
3.025	1.29525	0.000162963
3.03	1.29461	-0.00126319
3.035	1.27984	-8.78094e-05
3.04	1.29176	0.000763196
3.045	1.3023	-0.00230188
3.05	1.33355	0.00259325
3.055	1.33525	0.00233769
3.06	1.33053	0.000527406
3.065	1.33076	-0.000448015
3.07	1.27311	-0.00135254
3.075	1.29507	0.000466533
3.08	1.21091	0.00115289
3.085	1.27899	-0.0014496
3.09	1.19626	-0.00193335
3.095	1.12629	-0.000376985
3.1	1.20983	-0.00128905
3.105	1.17319	-0.000411051
3.11	1.24078	-0.000203105
3.115	1.2777	-0.00287032
3.12	1.29005	-0.00184924
3.125	1.17518	-0.0014997
3.13	1.24982	0.000327757
3.135	1.28857	-5.23108e-07
3.14	1.30633	-0.000402042
3.145	1.12999	-0.000414212
3.15	1.1506	0.00211267
3.155	1.23136	-0.00349808
3.16	1.25983	-0.00230393
3.165	1.28463	-0.0035105
3.17	1.3171	-0.00223545
3.175	1.31556	-0.00281803
3.18	1.3027	0.00180434
3.185	1.31889	0.00164541
3.19	1.33095	-0.00185192
3.195	1.36312	0.00525194
3.2	1.36319	0.000877922
3.205	1.36172	-0.000326101
3.21	1.29801	-0.00137203
3.215	1.20895	0.000594314
3.22	1.33548	0.00096868
3.225	1.29041	-0.00135901
3.23	1.07987	-0.00253113
3.235	1.1928	-0.00103151
3.24	1.16896	-0.000260217
3.245	1.24712	-0.000796282
3.25	1.27416	-0.00272399
3.255	1.17562	-0.00201424
3.26	1.25689	-0.00106724
3.265	1.30104	0.000383202
3.27	1.31908	-0.000254404
3.275	1.1375	0.00222637
3.28	1.1577	-0.000321558
3.285	1.2324	-0.00426848
3.29	1.2758	-0.00239287
3.295	1.29734	-0.00362107
3.3	1.32467	-0.000638192
3.305	1.30132	-0.000104307
3.31	1.32895	0.00100622
3.315	1.34186	-0.00222007
3.32	1.37201	0.00326647
3.325	1.37405	0.00103473
3.33	1.30236	-0.000864929
3.335	1.33085	-0.00397046
3.34	1.28027	0.0020679
3.345	1.27986	0.00119669
3.35	1.0647	-0.00109746
3.355	1.18204	-0.00110623
3.36	1.16214	-0.000205823
3.365	1.24785	-0.00298408
3.37	1.28128	-0.00183967
3.375	1.17353	-0.00142102
3.38	1.25782	0.000339628
3.385	1.29693	0.000209509
3.39	1.25251	-0.000424753
3.395	1.09137	-0.000250599
3.4	1.19553	-0.00309056
3.405	1.25209	-0.00326928
3.41	1.29346	-0.00250193
3.415	1.30618	-0.00321463
3.42	1.30138	-0.000804599
3.425	1.32422	0.00276578
3.43	1.35797	0.00678156
3.435	1.36392	0.000266652
3.44	1.3671	-0.000640295
3.445	1.29645	-0.00350515
3.45	1.20509	0.0020581
3.455	1.28123	-0.00149978
3.46	1.05286	-0.00258528
3.465	1.18049	-0.000918078
3.47	1.15517	-4.50006e-05
3.475	1.23983	-0.00292387
3.48	1.13433	-0.00187829
3.485	1.22821	-0.00103378
3.49	1.28414	0.000418349
3.495	1.3044	-0.000307023
3.5	1.11806	0.00234906
3.505	1.13878	-0.00368498
3.51	1.20999	-0.00263751
3.515	1.25348	-0.00413113
3.52	1.28773	-0.000706052
3.525	1.27358	-0.00249588
3.53	1.30615	-0.000501066
3.535	1.33985	0.00374101
3.54	1.34938	0.00231127
3.545	1.34936	0.00035056
3.55	1.27774	-0.00283882
3.555	1.18604	0.00241961
3.56	1.26375	-0.00116153
3.565	1.04133	-0.00241748
3.57	1.15408	-0.000855579
3.575	1.12995	3.48811e-05
3.58	1.19982	-0.00302775
3.585	1.11983	2.99191e-05
3.59	1.2146	-0.000598756
3.595	1.26017	-0.000348032
3.6	1.21353	-0.000803518
3.605	1.05264	0.000956573
3.61	1.1625	-0.00392543
3.615	1.212	-0.00379229
3.62	1.25247	0.00359124
3.625	1.26154	-0.00252668
3.63	1.26004	-0.000632387
3.635	1.28481	0.00055242
3.64	1.31528	0.000747304
3.645	1.3239	-0.000135361
3.65	1.24963	-0.0015038
3.655	1.16184	0.0021677
3.66	1.23038	-0.00192128
3.665	1.00168	-0.00204778
3.67	1.12914	-0.00148501
3.675	1.10282	-0.000485081
3.68	1.18691	-0.00316061
3.685	1.08475	-0.00202981
3.69	1.18004	-0.00105015
3.695	1.22981	0.00286757
3.7	1.18099	0.00109769
3.705	1.02041	0.000795826
3.71	1.12976	-0.00489556
3.715	1.18145	-0.00159632
3.72	1.2144	-0.00156275
3.725	1.22452	-0.00597839
3.73	1.22435	-0.00121171
3.735	1.25017	-0.000880617
3.74	1.27722	0.00619185
3.745	1.28659	0.000481504
3.75	1.21237	-0.00127994
3.755	1.12476	0.00224662
3.76	1.18897	-0.00193503
3.765	0.96382	-0.00198414
3.77	1.08941	-0.00151163
3.775	1.06303	-0.000470058
3.78	1.14728	-0.003142
3.785	1.04656	-0.00198168
3.79	1.14004	0.00193592
3.795	1.18955	-0.000879391
3.8	1.14046	-0.00107965
3.805	0.979987	-0.000598994
3.81	1.08899	-0.0032803
3.815	1.13606	-0.000262789
3.82	1.17126	-0.00428147
3.825	1.18245	-0.000773508
3.83	1.18193	0.00167559
3.835	1.2057	0.000949723
3.84	1.23401	0.00103587
3.845	1.23631	-2.58097e-05
3.85	1.16315	-0.00144159
3.855	1.07723	0.00219267
3.86	1.13715	-0.00195472
3.865	0.916966	-0.00208722
3.87	1.04105	-0.00145165
3.875	1.01473	-0.000473089
3.88	1.09812	-0.00312117
3.885	0.999516	-0.00193729
3.89	1.09181	-0.00100684
3.895	1.13882	0.000621447
3.9	1.09665	-0.000518404
3.905	0.929251	-0.00013414
3.91	1.03698	-0.00255791
3.915	1.08455	-0.00353123
3.92	1.11582	0.000612978
3.925	1.12416	-0.00205441
3.93	1.12436	-0.00194073
3.935	1.1499	0.000999141
3.94	1.17012	0.00482026
3.945	1.18001	-0.000373424
3.95	1.10668	-0.0015309
3.955	1.02084	0.00143949
3.96	1.07685	0.00131476
3.965	0.863948	-0.00446948
3.97	0.985369	-0.000238606
3.975	0.960173	-0.00133939
3.98	1.03629	-0.00338586
3.985	1.0778	-0.00204301
3.99	0.970763	-0.00125259
3.995	1.0497	0.000686743
4	1.08039	0.000124445
4.005	0.909445	-0.000408251
4.01	0.930868	-0.000319869
4.015	0.998916	-0.00307783
4.02	1.0357	-0.00400688
4.025	1.05432	0.000851278
4.03	1.04635	-0.0039515
4.035	1.0811	0.00193118
4.04	1.09371	0.00226438
4.045	1.11249	0.00228706
4.05	1.11228	-0.000231911
4.055	1.03853	-0.00169669
4.06	0.954594	0.000595354
4.065	1.00544	-0.00260329
4.07	0.799255	-0.00233095
4.075	0.918216	0.000767015
4.08	0.893166	-0.000815419
4.085	0.972278	-0.00102712
4.09	0.99938	-0.0027992
4.095	0.904067	0.000345722
4.1	0.983947	0.00134261
4.105	1.00937	-0.00123675
4.11	0.961044	-0.00130019
4.115	0.809311	-0.000718451
4.12	0.910129	-0.00272422
4.125	0.955487	-0.00229522
4.13	0.97199	-0.00345055
4.135	0.985863	-0.0032699
4.14	0.980603	-0.000936907
4.145	1.00355	0.000195372
4.15	1.02294	0.00398494
4.155	1.02649	0.00300833
4.16	1.02808	0.000257769
4.165	0.955986	-0.0014725
4.17	0.874859	0.00200111
4.175	0.920526	-0.0011487
4.18	0.850946	-0.00386641
4.185	0.789875	0.000370433
4.19	0.877873	-0.00118746
4.195	0.829937	-0.000424998
4.2	0.899658	-0.00291239
4.205	0.804894	-0.00170494
4.21	0.884681	-0.000879797
4.215	0.927405	0.000469672
4.22	0.938744	-2.93089e-05
4.225	0.771126	-0.000636667
4.23	0.786697	0.000363059
4.235	0.857903	-0.00293992
4.24	0.886374	-0.00231897
4.245	0.89687	-0.00331664
4.25	0.898459	-0.00216873
4.255	0.885222	0.00045871
4.26	0.916254	-0.000821969
4.265	0.922943	0.00249623
4.27	0.931288	0.00499902
4.275	0.933564	-0.000431794
4.28	0.93396	-3.76918e-05
4.285	0.86156	-0.00227388
4.29	0.782799	0.00150986
4.295	0.859532	-0.000294436
4.3	0.836404	-0.00304716
4.305	0.657581	-0.0016414
4.31	0.752076	-0.00109144
4.315	0.72265	-0.000488611
4.32	0.796331	-0.000938545
4.325	0.821909	-0.00260026
4.33	0.733406	-0.00152663
4.335	0.799773	-0.000833749
4.34	0.832897	0.000357088
4.345	0.843182	2.34193e-05
4.35	0.788457	0.00138715
4.355	0.707228	-0.00152073
4.36	0.708208	-0.00100103
4.365	0.757543	-0.00308756
4.37	0.791139	-0.00308956
4.375	0.798985	-0.00237005
4.38	0.793341	-0.00170449
4.385	0.781019	-0.00180713
4.39	0.805441	0.000245941
4.395	0.814943	-0.000106204
4.4	0.816575	0.003227
4.405	0.815008	0.00178614
4.41	0.819801	0.00293652
4.415	0.817524	-0.000898865
4.42	0.749136	-0.00184752
4.425	0.768825	0.00128007
4.43	0.714412	-0.00102926
4.435	0.702108	-0.00156279
4.44	0.531372	-0.00259773
4.445	0.64407	-0.000212054
4.45	0.699082	-0.000846761
4.455	0.642137	-0.000446735
4.46	0.697771	-0.000354643
4.465	0.726819	-0.00261833
4.47	0.732878	-0.00177195
4.475	0.631545	-0.00101742
4.48	0.687843	-0.000611826
4.485	0.715171	0.000255315
4.49	0.721455	0.000185635
4.495	0.726186	-0.000700228
4.5	0.672572	0.0013943
4.505	0.592786	-0.00141177
4.51	0.592758	-0.000996868
4.515	0.645104	-0.00285734
4.52	0.667347	-0.00169686
4.525	0.670746	-0.00299661
4.53	0.675647	0.000621409
4.535	0.669889	-0.00235312
4.54	0.677472	-0.00246655
4.545	0.666187	-0.000737681
4.55	0.676584	0.00229917
4.555	0.680346	-0.00116294
4.56	0.680457	-0.000707097
4.565	0.67478	0.00276364
4.57	0.674203	0.0014468
4.575	0.672522	0.00118747
4.58	0.6696	-0.00043068
4.585	0.603666	-0.00139822
4.59	0.630065	-0.00189102
4.595	0.633962	0.00108812
4.6	0.56119	0.000279797
4.605	0.568704	0.000853565
4.61	0.600116	-0.00073226
4.615	0.425889	-0.00163382
4.62	0.52976	-0.000774472
4.625	0.555602	-0.000104643
4.63	0.584085	-0.00140485
4.635	0.585485	-0.000895031
4.64	0.523053	-0.000551888
4.645	0.561897	-0.000935353
4.65	0.57924	-0.00233707
4.655	0.582144	-0.00169653
4.66	0.58712	-0.00118057
4.665	0.48962	-0.000589632
4.67	0.537805	0.00142379
4.675	0.557811	-0.000799959
4.68	0.567773	0.00105172
4.685	0.572459	0.000556632
4.69	0.562408	9.50139e-05
4.695	0.561726	-0.00215323
4.7	0.511355	0.000256713
4.705	0.442147	-0.00177358
4.71	0.494507	-0.00121984
4.715	0.466361	-0.00102772
4.72	0.502288	-0.00054297
4.725	0.518279	-0.00197919
4.73	0.516232	-0.00125006
4.735	0.523114	-0.00108254
4.74	0.52454	-0.000979798
4.745	0.50985	-0.00206887
4.75	0.513438	-0.00140711
4.755	0.504146	-0.000818686
4.76	0.500229	-0.00073294
4.765	0.490718	-0.00191473
4.77	0.49329	0.00120851
4.775	0.494482	-0.00124665
4.78	0.475846	-0.000812055
4.785	0.485527	0.00142767
4.79	0.485792	0.00121065
4.795	0.484953	-0.00119918
4.8	0.4826	-0.000955096
4.805	0.479023	-0.000629297
4.81	0.475777	-0.000428411
4.815	0.464646	0.00229264
4.82	0.464344	0.00106514
4.825	0.463205	0.000534949
4.83	0.455385	0.000280537
4.835	0.456699	7.12312e-05
4.84	0.452971	0.000587172
4.845	0.448206	-0.000575552
4.85	0.444554	-0.000832998
4.855	0.440209	-0.000456306
4.86	0.436075	-0.000403651
4.865	0.431868	-0.000331627
4.87	0.377701	-0.000110598
4.875	0.39608	-0.00122982
4.88	0.404164	-0.00100639
4.885	0.407986	-0.000548567
4.89	0.407866	-0.000555515
4.895	0.406427	-0.00121526
4.9	0.399665	-0.00083921
4.905	0.398218	0.00161885
4.91	0.396142	0.00168137
4.915	0.331854	-3.96787e-05
4.92	0.361937	0.000712164
4.925	0.372052	1.41856e-05
4.93	0.377124	-0.0002611
4.935	0.377344	-6.7729e-06
4.94	0.381352	-0.00114616
4.945	0.376446	3.09411e-06
4.95	0.372035	-0.000568913
4.955	0.355493	0.000347015
4.96	0.330702	-0.000417576
4.965	0.338524	-0.000453583
4.97	0.345244	-0.00113147
4.975	0.347633	-0.00121558
4.98	0.347039	-0.000676871
4.985	0.344879	-0.000550926
4.99	0.342541	-0.000465854
4.995	0.339802	-0.000454283
5	0.33621	-0.000346172
5.005	0.333397	-0.000368059
5.01	0.329806	-0.000319781
5.015	0.326846	-0.000421373
5.02	0.323541	-0.000406888
5.025	0.320319	-0.00103788
5.03	0.316906	-0.000124829
5.035	0.313644	-3.59113e-05
5.04	0.310817	0.000214795
5.045	0.307995	-0.000564058
5.05	0.303597	0.000842733
5.055	0.300409	2.84692e-05
5.06	0.300997	-0.000228802
5.065	0.319614	-0.000188495
5.07	0.31877	-0.000994177
5.075	0.303097	0.000399102
5.08	0.293804	1.17989e-05
5.085	0.285893	-0.000847806
5.09	0.282562	-0.000647963
5.095	0.27936	0.000412522
5.1	0.276884	0.000479401
5.105	0.271502	-0.00065163
5.11	0.321114	-0.00061254
5.115	0.29412	-0.000480738
5.12	0.277028	-0.00263367
5.125	0.273416	-0.00128018
5.13	0.263482	1.64517e-05
5.135	0.255797	-3.48119e-05
5.14	0.252186	-4.87395e-05
5.145	0.248618	-0.000169941
5.15	0.244028	0.000714756
5.155	0.285442	0.000133456
5.16	0.262253	-2.21963e-05
5.165	0.248328	-0.000213263
5.17	0.240317	-0.000341963
5.175	0.235016	-0.000169914
5.18	0.231506	-0.000187123
5.185	0.227384	-0.00032048
5.19	0.222694	0.00151829
5.195	0.227774	-0.00126412
5.2	0.223711	0.000148647
5.205	0.22018	-0.00124635
5.21	0.228777	-0.0030193
5.215	0.220525	-0.000488144
5.22	0.216108	-0.00155273
5.225	0.21243	0.000359894
5.23	0.210031	-0.0012288
5.235	0.208343	6.11355e-05
5.24	0.202811	-0.00170664
5.245	0.215251	0.000349792
5.25	0.207654	-0.00174155
5.255	0.202012	0.00045422
5.26	0.212113	0.000566149
5.265	0.211895	-0.000156957
5.27	0.21628	-0.00205846
5.275	0.206165	-0.00113922
5.28	0.215175	-1.82993e-05
5.285	0.204866	-0.000254344
5.29	0.198686	0.000137654
5.295	0.200239	-0.000264063
5.3	0.195244	0.000593907
5.305	0.191725	0.00102767
5.31	0.221658	-0.00053291
5.315	0.203646	0.000622313
5.32	0.24139	-0.00101871
5.325	0.242684	-0.000700246
5.33	0.209695	-0.000131009
5.335	0.201629	-0.000483736
5.34	0.183577	0.000168327
5.345	0.175308	-0.00124132
5.35	0.171272	-0.000956592
5.355	0.166869	-0.00148967
5.36	0.215315	-0.00130306
5.365	0.191372	-0.00104029
5.37	0.178341	-0.000864058
5.375	0.166768	-9.24799e-05
5.38	0.157282	3.10129e-05
5.385	0.19339	-0.000288396
5.39	0.187156	-0.000599629
5.395	0.167537	6.17419e-05
5.4	0.175837	-0.000757197
5.405	0.157522	-0.00104824
5.41	0.248628	0.000112813
5.415	0.200219	0.000366956
5.42	0.20459	0.000968175
5.425	0.212321	0.000298145
5.43	0.180716	-0.00211676
5.435	0.156723	-0.00057492
5.44	0.179229	0.000334571
5.445	0.15631	0.000328183
5.45	0.142248	7.73145e-05
5.455	0.139611	-0.000196459
5.46	0.144854	-0.00201591
5.465	0.136724	-0.00116483
5.47	0.13118	-0.000481273
5.475	0.12902	-0.000859054
5.48	0.135798	-0.00109667
5.485	0.13063	-0.000175357
5.49	0.151352	-0.000424466
5.495	0.152542	-0.000554225
5.5	0.157256	0.000201075
5.505	0.147577	0.000389222
5.51	0.14213	0.000643772
5.515	0.164842	0.000153947
5.52	0.189767	-0.000187867
5.525	0.185998	-0.00027675
5.53	0.155134	0.000153969
5.535	0.147653	-0.000454125
5.54	0.133615	-0.000968162
5.545	0.126647	-0.0010269
5.55	0.165395	-0.00115452
5.555	0.147424	-0.000942701
5.56	0.130605	-1.59358e-05
5.565	0.120183	-0.000204501
5.57	0.166715	-0.000578759
5.575	0.142271	-0.000698501
5.58	0.137485	-0.000753245
5.585	0.210774	0.000627822
5.59	0.193426	0.000498071
5.595	0.190234	0.000635174
5.6	0.153755	-0.00119363
5.605	0.162503	-0.000144602
5.61	0.135483	3.82682e-05
5.615	0.11762	-0.000100069
5.62	0.117241	-0.000314656
5.625	0.1218	-0.00179233
5.63	0.111599	3.44047e-05
5.635	0.106994	-0.000534427
5.64	0.116248	-0.000176782
5.645	0.146201	-0.00149433
5.65	0.145837	-0.000826188
5.655	0.131638	0.000277819
5.66	0.128089	0.000475516
5.665	0.147968	2.03942e-05
5.67	0.169187	-0.000271749
5.675	0.166394	0.00087686
5.68	0.148386	-0.000654271
5.685	0.12842	-0.000484919
5.69	0.118536	-0.000832848
5.695	0.15137	-0.0015262
5.7	0.134891	-0.000607296
5.705	0.118263	-0.000407184
5.71	0.159311	-0.00068345
5.715	0.149119	-0.000437061
5.72	0.187606	-0.00021851
5.725	0.183161	0.00055223
5.73	0.157784	0.000749996
5.735	0.167274	-0.00125688
5.74	0.167367	-0.000249439
5.745	0.13695	2.07816e-05
5.75	0.125326	-0.000217955
5.755	0.123635	-0.000853281
5.76	0.11356	-0.000230859
5.765	0.107118	-0.00175479
5.77	0.116859	-0.00087807
5.775	0.146159	-0.000732813
5.78	0.14833	-0.000225357
5.785	0.136437	0.00022585
5.79	0.128971	0.00109529
5.795	0.148933	-0.00030497
5.8	0.189333	1.24633e-05
5.805	0.166883	-0.00027574
5.81	0.139915	-0.00086302
5.815	0.127495	-0.000982123
5.82	0.159679	-0.00104415
5.825	0.138792	-0.000221435
5.83	0.17012	-0.000523356
5.835	0.144009	-0.000184376
5.84	0.16968	-0.00073602
5.845	0.189269	0.00099479
5.85	0.182033	0.000675731
5.855	0.184119	-0.00124065
5.86	0.180257	-0.000307507
5.865	0.14924	2.83861e-05
5.87	0.138119	-0.000339612
5.875	0.135483	-0.0016186
5.88	0.126174	-0.000365406
5.885	0.13067	-0.000637112
5.89	0.151362	-0.00102621
5.895	0.164355	-0.000388001
5.9	0.151699	-1.51552e-05
5.905	0.14497	0.000935244
5.91	0.195257	-0.000448248
5.915	0.187165	5.47469e-05
5.92	0.169964	7.68689e-05
5.925	0.150464	-0.00134935
5.93	0.175435	-0.00119139
5.935	0.159247	-0.000518735
5.94	0.143437	-0.000416164
5.945	0.181973	-0.000314983
5.95	0.170485	-0.000738312
5.955	0.226666	0.000280908
5.96	0.210283	0.00128156
5.965	0.205894	-0.00117703
5.97	0.200737	-0.000307082
5.975	0.170212	-2.59358e-05
5.98	0.165341	-0.000374377
5.985	0.153361	-0.0013709
5.99	0.144422	-0.00136031
5.995	0.153114	-0.000668362
6	0.181534	-0.000645478
6.005	0.184804	0.000466814
6.01	0.174642	0.000373135
6.015	0.18937	-8.54764e-05
6.02	0.226291	3.28752e-05
6.025	0.205076	-0.000246186
6.03	0.179975	-0.000985714
6.035	0.202127	-0.000951179
6.04	0.18424	-0.00088142
6.045	0.1732	-0.000229217
6.05	0.207721	-0.000167907
6.055	0.195994	-0.000619561
6.06	0.251137	0.000747022
6.065	0.233013	0.000196855
6.07	0.232616	-0.000963623
6.075	0.227578	-0.000197117
6.08	0.2044	5.84525e-06
6.085	0.190889	-0.0015542
6.09	0.179633	-7.20342e-05
6.095	0.182496	-0.00160345
6.1	0.204415	-0.000605023
6.105	0.212475	-0.000497206
6.11	0.202449	0.000209318
6.115	0.19849	0.000915092
6.12	0.246846	-0.000435799
6.125	0.240461	5.41061e-05
6.13	0.225309	-0.00078553
6.135	0.207982	-0.000934301
6.14	0.236131	-0.000897311
6.145	0.216652	-0.00026147
6.15	0.245592	-0.000597
6.155	0.230791	-0.000423174
6.16	0.286367	0.000164103
6.165	0.265826	0.000948437
6.17	0.265183	-0.000984633
6.175	0.259492	-0.000304316
6.18	0.232427	0.000403304
6.185	0.22524	-0.00097076
6.19	0.215257	-0.00118051
6.195	0.217961	-0.00128337
6.2	0.240696	-0.000699138
6.205	0.245975	-0.000499841
6.21	0.238115	0.000368631
6.215	0.233532	0.000111993
6.22	0.284173	0.000465802
6.225	0.27841	-0.000111895
6.23	0.264606	-0.000658693
6.235	0.245811	-0.00108296
6.24	0.275082	-0.000902091
6.245	0.256433	-0.000276853
6.25	0.285226	-0.00061238
6.255	0.269482	-0.000411712
6.26	0.326741	0.000151626
6.265	0.30303	4.18147e-05
6.27	0.304454	-0.000584156
6.275	0.298901	-7.7284e-05
6.28	0.27175	0.0012889
6.285	0.264852	-0.00200709
6.29	0.256301	-0.00104136
6.295	0.25991	-0.00141331
6.3	0.281426	-0.000463842
6.305	0.286178	-0.000437463
6.31	0.278704	0.000212695
6.315	0.276233	0.000912451
6.32	0.327034	0.000160002
6.325	0.322408	0.000246141
6.33	0.307465	-0.00122408
6.335	0.290823	-0.00116022
6.34	0.32164	-0.000893647
6.345	0.302821	-0.000263166
6.35	0.33099	-0.000622166
6.355	0.313924	-0.000654115
6.36	0.374106	0.000307379
6.365	0.346579	0.00129847
6.37	0.350096	-0.00108147
6.375	0.344117	-0.000355075
6.38	0.317207	-0.00010524
6.385	0.309178	-0.00162668
6.39	0.302227	-0.000783586
6.395	0.307081	-0.00130537
6.4	0.327961	-0.000376305
6.405	0.329739	-0.000334251
6.41	0.325725	0.000401492
6.415	0.32323	0.000151722
6.42	0.376722	-0.000186733
6.425	0.372736	0.000112775
6.43	0.358853	0.000158253
6.435	0.339748	-0.00129521
6.44	0.368711	-0.00087382
6.445	0.356521	-0.000218418
6.45	0.383132	-0.00061368
6.455	0.367412	-0.000599091
6.46	0.426347	-6.94064e-05
6.465	0.394183	0.000508692
6.47	0.400505	-0.00105291
6.475	0.393718	0.000135136
6.48	0.368884	0.000190151
6.485	0.360795	0.000507488
6.49	0.350077	-0.00194401
6.495	0.348076	-0.00136486
6.5	0.361239	-0.00125696
6.505	0.377569	0.000637792
6.51	0.382972	-0.000440127
6.515	0.379184	-0.00016854
6.52	0.399733	0.000843677
6.525	0.445662	-0.000721145
6.53	0.423524	-0.000146766
6.535	0.399473	-0.000823321
6.54	0.390413	-0.000806172
6.545	0.430181	-0.000765783
6.55	0.411514	-0.000123311
6.555	0.439554	-0.000580534
6.56	0.419368	-0.000544158
6.565	0.486636	0.000202247
6.57	0.450308	0.000893478
6.575	0.458957	-0.00132013
6.58	0.450897	4.01887e-05
6.585	0.426503	0.000644477
6.59	0.417868	0.000267251
6.595	0.405286	-0.000899515
6.6	0.406212	-0.00104798
6.605	0.418005	-0.00214637
6.61	0.436269	-0.000689347
6.615	0.434113	-0.000584465
6.62	0.433581	0.000233881
6.625	0.434365	0.000269365
6.63	0.496524	-0.000220956
6.635	0.493737	2.59207e-05
6.64	0.474019	-0.000390818
6.645	0.457108	-0.000985335
6.65	0.491503	-0.000619223
6.655	0.478996	-0.000685891
6.66	0.46531	-1.47542e-05
6.665	0.498422	-0.000510872
6.67	0.481917	-0.000381604
6.675	0.551732	-0.000252664
6.68	0.52506	0.00110802
6.685	0.512803	-0.00132738
6.69	0.491173	-0.000333656
6.695	0.498169	0.00030825
6.7	0.482057	0.000138374
6.705	0.471265	-0.000863438
6.71	0.470684	-0.00120143
6.715	0.471459	-0.00113959
6.72	0.488456	6.17333e-05
6.725	0.494887	-0.000780523
6.73	0.500778	-7.75537e-05
6.735	0.499586	2.15012e-05
6.74	0.500951	0.000299431
6.745	0.52807	-0.000204781
6.75	0.58322	-0.000420637
6.755	0.556426	-2.47866e-05
6.76	0.532092	-6.68242e-05
6.765	0.522242	-0.0011965
6.77	0.563624	-0.000659055
6.775	0.552064	-0.000103342
6.78	0.535613	-0.000136032
6.785	0.572077	-0.000682127
6.79	0.553462	-0.000380087
6.795	0.617145	0.000522071
6.8	0.611867	3.06024e-05
6.805	0.549702	0.00123815
6.81	0.58026	-0.00142835
6.815	0.579652	-0.000192048
6.82	0.560623	0.00122944
6.825	0.552252	-0.000933182
6.83	0.53723	-0.00235555
6.835	0.54101	-0.00108781
6.84	0.546251	0.000179982
6.845	0.560602	-0.000496415
6.85	0.575001	-0.000934713
6.855	0.560542	-0.000842288
6.86	0.570063	8.65214e-05
6.865	0.57482	3.07858e-05
6.87	0.57605	0.000376105
6.875	0.606499	-0.000135387
6.88	0.6684	-0.000368612
6.885	0.637693	-2.23101e-05
6.89	0.612503	-0.000285954
6.895	0.601047	-0.00110625
6.9	0.647155	-0.00052094
6.905	0.634027	-0.000581701
6.91	0.619549	0.000343333
6.915	0.61096	-5.85638e-05
6.92	0.651606	-0.000652058
6.925	0.636148	-0.000250575
6.93	0.666262	-0.000263115
6.935	0.694402	0.000756801
6.94	0.64895	0.000113254
6.945	0.674989	0.00016733
6.95	0.649607	-0.00107233
6.955	0.654502	7.9378e-05
6.96	0.640389	0.000387207
6.965	0.632604	-0.000301736
6.97	0.631257	-0.000344123
6.975	0.617458	-0.00221521
6.98	0.625864	-0.00100398
6.985	0.6319	0.000401428
6.99	0.649267	-0.000474076
6.995	0.649933	0.000399149
7	0.658367	-2.54065e-05
7.005	0.646621	-0.000177359
7.01	0.655223	-0.000840201
7.015	0.662719	-0.000544867
7.02	0.664564	0.000440896
7.025	0.69884	-0.00030411
7.03	0.736756	-0.000415092
7.035	0.742945	0.000613706
7.04	0.711948	-0.000644968
7.045	0.703034	-0.00057094
7.05	0.691698	-0.000956325
7.055	0.689218	-0.000962907
7.06	0.690685	-0.000859871
7.065	0.748119	-0.000300562
7.07	0.737326	-0.000443575
7.075	0.72044	0.000558538
7.08	0.71075	0.000142575
7.085	0.753935	-0.00056464
7.09	0.731768	4.66473e-05
7.095	0.728355	0.000495616
7.1	0.711349	-0.000571216
7.105	0.823169	0.000183364
7.11	0.780534	0.00070765
7.115	0.736516	0.000248594
7.12	0.7317	0.000587772
7.125	0.776229	-0.00239614
7.13	0.753113	-0.000587028
7.135	0.76261	0.000413514
7.14	0.74488	0.000471354
7.145	0.738475	0.000828153
7.15	0.737696	-0.000432354
7.155	0.737354	-0.000358602
7.16	0.739383	-0.000375184
7.165	0.725649	-0.00242869
7.17	0.735826	-0.00121265
7.175	0.744474	-0.000551342
7.18	0.74973	-0.000815706
7.185	0.752569	-0.000813373
7.19	0.773288	-0.000831509
7.195	0.772358	9.8659e-05
7.2	0.77471	0.00134178
7.205	0.759189	-0.000998352
7.21	0.767513	0.000870511
7.215	0.772123	-0.000368449
7.22	0.776724	-0.000279866
7.225	0.780692	-0.000316469
7.23	0.789553	-6.52259e-05
7.235	0.790137	0.00092065
7.24	0.792192	0.000219955
7.245	0.831555	0.0010668
7.25	0.817802	-0.000882016
7.255	0.869669	0.000599761
7.26	0.857122	-0.00106073
7.265	0.859687	0.000542577
7.27	0.837886	-0.00109413
7.275	0.827103	-0.000727
7.28	0.823449	-0.000614769
7.285	0.82243	0.000398432
7.29	0.823405	-0.000869866
7.295	0.823819	-0.00130839
7.3	0.826193	-0.00114512
7.305	0.829515	-0.000865341
7.31	0.831791	-0.000784136
7.315	0.901778	-0.000164405
7.32	0.879056	-0.000345236
7.325	0.862197	-0.000403786
7.33	0.863714	-0.000426458
7.335	0.859742	-0.000410583
7.34	0.852934	-0.000386879
7.345	0.858023	0.000921557
7.35	0.85474	0.000505498
7.355	0.857647	0.000154161
7.36	0.860866	-3.12144e-05
7.365	0.864066	-0.000141912
7.37	0.918226	-0.000118126
7.375	0.896393	-0.000814449
7.38	0.883462	-0.00041854
7.385	0.879741	-0.000357743
7.39	0.879091	0.000375397
7.395	0.880357	-0.00014097
7.4	0.888713	-0.000217216
7.405	0.888555	-4.79279e-05
7.41	0.889144	-0.000712177
7.415	0.882446	0.000129921
7.42	0.882216	-4.64381e-05
7.425	0.888648	0.000478512
7.43	0.893988	-0.00124425
7.435	0.898437	-0.000153979
7.44	0.975372	-0.000283732
7.445	0.949505	-0.000305844
7.45	0.930928	-8.90324e-05
7.455	0.977697	0.000402547
7.46	0.954193	-0.000532416
7.465	0.94131	0.000426012
7.47	0.931611	0.000347021
7.475	0.926403	-0.000148522
7.48	0.926522	-5.37625e-05
7.485	0.925098	8.23438e-05
7.49	0.926578	0.000783057
7.495	0.928881	-0.000221665
7.5	0.931051	-0.000198961
7.505	0.934106	-8.92261e-06
7.51	0.936356	-0.000152559
7.515	0.939368	-1.93769e-05
7.52	0.941861	9.94823e-05
7.525	0.944498	6.87565e-05
7.53	0.946915	-0.00066263
7.535	0.949602	0.000176078
7.54	0.951454	0.000103192
7.545	0.954219	0.000678871
7.55	0.958426	6.09187e-05
7.555	0.961382	-0.000814869
7.56	0.958697	0.000284264
7.565	0.962711	0.000163815
7.57	0.897459	9.95552e-05
7.575	0.934499	-0.00160495
7.58	0.953397	-0.000699706
7.585	0.872259	0.000563485
7.59	0.924533	0.000336128
7.595	0.951265	-0.000516739
7.6	0.966376	-0.000327475
7.605	0.981784	-0.000449166
7.61	0.992829	-0.000285838
7.615	0.991484	0.000335023
7.62	0.991526	-0.000227723
7.625	0.986077	-0.000212096
7.63	0.990276	-0.000161777
7.635	0.993923	-0.00108354
7.64	0.99676	-0.000596456
7.645	0.999845	-0.000416703
7.65	1.00354	5.71359e-05
7.655	0.941731	-1.43343e-05
7.66	0.975254	2.15631e-05
7.665	0.99258	8.25161e-07
7.67	1.00219	4.19273e-07
7.675	1.00853	-1.24195e-06
7.68	1.00956	-0.00199208
7.685	1.02394	-0.00125467
7.69	1.0225	-0.00088676
7.695	1.01336	-0.000641009
7.7	1.01936	-0.000519836
7.705	1.02371	-0.000448216
7.71	0.928015	-0.000838577
7.715	0.977575	-0.00052994
7.72	1.00442	-0.000425803
7.725	1.02118	-0.000178997
7.73	1.03225	0.00203121
7.735	1.03679	-0.000517111
7.74	1.04048	0.00116109
7.745	1.04695	-0.00100565
7.75	1.04831	-0.000800518
7.755	1.0494	-0.000629308
7.76	1.0155	-0.000515987
7.765	1.01609	-0.000380419
7.77	0.938358	-0.000270604
7.775	0.993214	-0.000288834
7.78	0.968572	0.00200729
7.785	1.00994	-0.000832764
7.79	1.03276	-0.00189602
7.795	1.03615	0.000920024
7.8	1.04872	-0.00153236
7.805	1.05607	-0.00108753
7.81	1.06336	-0.00215115
7.815	1.06563	-0.00112732
7.82	1.08218	-0.00077957
7.825	1.08265	-0.000732299
7.83	1.0766	-0.00136459
7.835	1.05396	-0.000267131
7.84	1.07057	5.63049e-05
7.845	1.07735	0.000702993
7.85	1.08117	0.000333399
7.855	1.0851	4.63168e-05
7.86	1.10778	0.00326601
7.865	1.10505	0.00174182
7.87	1.10945	0.00113876
7.875	1.10661	0.000950448
7.88	1.10639	0.00100559
7.885	1.11307	-3.94978e-05
7.89	1.06322	-0.00118806
7.895	1.08162	-0.00209601
7.9	1.00357	0.00191231
7.905	1.05801	0.00163786
7.91	1.09336	0.000983839
7.915	1.10515	-0.00179146
7.92	0.911035	-0.000656295
7.925	1.01973	-0.000576311
7.93	1.05592	0.000467232
7.935	1.08398	-0.000887926
7.94	1.02361	-0.000103734
7.945	1.06672	0.000120807
7.95	1.09142	-0.00215178
7.955	1.09542	-0.00131859
7.96	0.99572	-0.00123597
7.965	1.0544	-0.000746214
7.97	1.09024	-0.000382493
7.975	1.10798	0.00245679
7.98	1.12177	0.00120985
7.985	1.12641	-0.00131895
7.99	1.07023	0.00122314
7.995	0.99131	-0.00141589
8	0.995912	-0.000588199
8.005	1.05646	-0.00224449
8.01	1.08169	-0.00125579
8.015	1.1055	-0.00251408
8.02	1.1288	-0.00146531
8.025	1.13838	0.00128388
8.03	1.13531	-0.000419361
8.035	1.11927	-0.00177728
8.04	1.13046	-6.07475e-05
8.045	1.14006	-0.000227156
8.05	1.16449	0.00349733
8.055	1.17024	0.00205383
8.06	1.16674	0.00201463
8.065	1.167	8.03076e-05
8.07	1.11691	-0.000873417
8.075	1.13557	0.00073957
8.08	1.0567	0.00262214
8.085	1.11325	-0.00247009
8.09	1.04263	-0.000357011
8.095	0.987116	-0.000277575
8.1	1.06048	-0.00102451
8.105	1.02649	-0.000138165
8.11	1.08685	0.000148312
8.115	1.11914	-0.00230292
8.12	1.13025	-0.00133354
8.125	1.02598	-0.00102593
8.13	1.09382	0.000644464
8.135	1.12925	0.000341197
8.14	1.14775	0.00109588
8.145	0.983104	0.00168985
8.15	1.00088	0.00100038
8.155	1.076	-0.00348128
8.16	1.10364	-0.0020089
8.165	1.12993	-0.003202
8.17	1.15754	0.000964601
8.175	1.16022	-0.00330583
8.18	1.14498	-0.0010904
8.185	1.15907	0.000171183
8.19	1.16994	-4.23242e-05
8.195	1.19674	0.00416595
8.2	1.19759	0.00229059
8.205	1.19725	0.00086763
8.21	1.14116	-0.000447047
8.215	1.05779	0.00118783
8.22	1.16802	0.0014634
8.225	1.13199	-0.000699005
8.23	0.943008	-0.00113505
8.235	1.04735	-0.000972607
8.24	1.02472	-0.000131425
8.245	1.09515	-0.00048295
8.25	1.1182	-0.00219836
8.255	1.02851	-0.00148957
8.26	1.10274	-0.000635643
8.265	1.14359	0.0007197
8.27	1.16243	0.000223951
8.275	0.991924	0.0024192
8.28	1.01021	-0.00106102
8.285	1.08016	-0.00303206
8.29	1.12062	-0.00149538
8.295	1.14313	-0.00281497
8.3	1.17048	-0.000117559
8.305	1.14444	0.00039454
8.31	1.17124	-0.00104784
8.315	1.18328	-0.000610467
8.32	1.20727	0.00384316
8.325	1.21131	0.00169496
8.33	1.14732	-0.000249293
8.335	1.17408	-0.0017651
8.34	1.11919	0.00178869
8.345	1.12187	0.000373374
8.35	0.931542	-0.000484872
8.355	1.03954	-0.000525474
8.36	1.02009	0.000197331
8.365	1.09755	-0.00234403
8.37	1.12787	-0.00128682
8.375	1.0286	-0.000907275
8.38	1.11092	0.00065325
8.385	1.14286	0.000678086
8.39	1.09996	0.000177432
8.395	0.949425	0.00281484
8.4	1.04789	-0.00377305
8.405	1.10092	-0.00319694
8.41	1.14056	-0.00235572
8.415	1.15631	-0.000149148
8.42	1.14873	0.000783398
8.425	1.16916	0.00116025
8.43	1.19693	0.00234159
8.435	1.20578	0.00225638
8.44	1.2091	5.9539e-06
8.445	1.1444	-0.00270773
8.45	1.05864	0.00292944
8.455	1.12403	-0.00116908
8.46	0.919138	-0.00121563
8.465	1.03802	-0.000902063
8.47	1.01446	6.30837e-05
8.475	1.09222	-0.00249828
8.48	0.994781	-0.00145632
8.485	1.08157	-0.000632485
8.49	1.13366	0.000735972
8.495	1.15439	0.000163628
8.5	0.978098	6.69577e-05
8.505	0.996743	-0.00186237
8.51	1.06386	-0.00144105
8.515	1.1068	-0.000227561
8.52	1.13914	-0.00426662
8.525	1.12499	0.00105767
8.53	1.15533	-0.000810288
8.535	1.18334	0.00549336
8.54	1.19285	-0.00112858
8.545	1.19727	0.00108708
8.55	1.12999	-0.00201638
8.555	1.04329	0.00145883
8.56	1.10815	9.09123e-05
8.565	0.911371	-0.00157959
8.57	1.01641	-0.000235086
8.575	0.993368	0.000494625
8.58	1.05746	-0.00241295
8.585	0.983705	-0.0013946
8.59	1.07141	0.000733377
8.595	1.1157	0.000499052
8.6	1.07027	-1.47771e-05
8.605	0.918412	0.00273112
8.61	1.02222	-0.00391337
8.615	1.06922	-0.00343196
8.62	1.10667	-0.00258811
8.625	1.11936	-0.00360118
8.63	1.11565	0.000909542
8.635	1.13907	0.00262862
8.64	1.16483	0.00362613
8.645	1.17449	0.00131901
8.65	1.10543	-0.000494163
8.655	1.0229	0.00268811
8.66	1.08115	-0.00127764
8.665	0.87576	-0.00244488
8.67	0.994827	-0.000610141
8.675	0.969771	0.000140207
8.68	1.04798	-0.00248922
8.685	0.953091	-0.00142035
8.69	1.04201	-0.000586144
8.695	1.08881	0.000880841
8.7	1.04299	0.000210179
8.705	0.891048	0.00147112
8.71	0.994794	-0.00271156
8.715	1.04369	-0.00340899
8.72	1.07413	-0.0025379
8.725	1.08704	-0.00282895
8.73	1.08511	0.000489538
8.735	1.10934	0.000242467
8.74	1.13264	0.00653017
8.745	1.14268	0.00104491
8.75	1.07309	-0.000798437
8.755	0.990688	0.00247794
8.76	1.04655	-0.00141785
8.765	0.842333	-0.00253504
8.77	0.960149	-0.000644486
8.775	0.934992	0.000133857
8.78	1.01383	-0.002501
8.785	0.920046	-0.00140008
8.79	1.00784	0.000192249
8.795	1.05348	0.000570138
8.8	1.0078	0.00225015
8.805	0.85605	-0.00112117
8.81	0.95901	-0.00321205
8.815	1.00464	-0.00315084
8.82	1.03685	-0.00244304
8.825	1.04968	-0.00238408
8.83	1.04801	0.00276116
8.835	1.07022	-0.000868515
8.84	1.09567	0.00374075
8.845	1.09918	0.00139476
8.85	1.03015	-0.000456535
8.855	0.94991	0.00264976
8.86	1.00101	-0.0013297
8.865	0.80131	-0.00165699
8.87	0.917501	-0.00103968
8.875	0.892027	-0.000140718
8.88	0.970478	-0.00263567
8.885	0.878505	0.000366488
8.89	0.965569	-0.00149272
8.895	1.00919	0.00052464
8.9	0.963599	-0.000197431
8.905	0.814137	-3.59239e-05
8.91	0.915136	-0.00227146
8.915	0.960005	-0.00315419
8.92	0.988034	-0.00240496
8.925	0.998462	-0.00275991
8.93	0.997453	0.00288985
8.935	1.0213	-0.000877652
8.94	1.04069	0.00363981
8.945	1.04857	0.00131346
8.95	0.982077	-0.000231706
8.955	0.897946	0.00117206
8.96	0.945259	0.000140256
8.965	0.753396	-0.000812841
8.97	0.86707	-7.80693e-05
8.975	0.843173	-0.00114973
8.98	0.915338	-0.00302407
8.985	0.954616	-0.00167785
8.99	0.855079	-0.000887794
8.995	0.929521	0.000935627
9	0.959482	0.000449993
9.005	0.796632	-4.47895e-05
9.01	0.816123	-3.6677e-06
9.015	0.881168	-0.0026875
9.02	0.916055	-0.00385768
9.025	0.935262	0.000791808
9.03	0.926413	-0.00307925
9.035	0.960906	-0.00021764
9.04	0.969575	0.00327507
9.045	0.98742	0.00306372
9.05	0.988531	0.000351507
9.055	0.918298	-0.00113241
9.06	0.840154	0.00147737
9.065	0.882038	-0.00124391
9.07	0.69508	-0.00164745
9.075	0.806692	0.00020893
9.08	0.782809	-0.000996126
9.085	0.857948	-0.000983534
9.09	0.884585	-0.00256205
9.095	0.795217	-0.00127772
9.1	0.866393	0.000500066
9.105	0.897057	0.000406682
9.11	0.850254	0.00193198
9.115	0.704654	0.00120851
9.12	0.800401	-0.00388825
9.125	0.843687	-0.00272612
9.13	0.857719	-0.00346745
9.135	0.873104	-0.00310721
9.14	0.868106	-0.000799633
9.145	0.891548	0.000344883
9.15	0.901753	0.00364679
9.155	0.911424	0.00230752
9.16	0.913581	0.000668507
9.165	0.846805	-0.000711519
9.17	0.767077	0.00214042
9.175	0.805475	-0.000718888
9.18	0.742962	-0.00251838
9.185	0.689663	0.000123298
9.19	0.77269	-0.00109149
9.195	0.726677	-0.000319422
9.2	0.792979	-0.00262679
9.205	0.704623	-0.00138132
9.21	0.779896	-0.000632697
9.215	0.820257	0.000659977
9.22	0.83185	0.00020312
9.225	0.672186	-0.000346779
9.23	0.686302	0.00179758
9.235	0.754146	-0.00321137
9.24	0.781583	-0.00234894
9.245	0.791185	-0.000504572
9.25	0.792471	-0.00310433
9.255	0.781954	-0.000196722
9.26	0.807818	0.00121638
9.265	0.818352	-0.00177058
9.27	0.821142	0.00248592
9.275	0.826018	0.00143749
9.28	0.826998	-0.00202735
9.285	0.757487	-7.70505e-05
9.29	0.684092	0.00277503
9.295	0.755264	0.000416644
9.3	0.732318	-0.00148497
9.305	0.568119	-0.00154667
9.31	0.656182	-0.00104495
9.315	0.627714	-0.000423884
9.32	0.69794	-0.000803911
9.325	0.722529	-0.00233998
9.33	0.640216	-0.00124104
9.335	0.702771	-0.00062544
9.34	0.733997	0.000504251
9.345	0.744356	0.000206936
9.35	0.691807	-0.000481686
9.355	0.615111	0.00189522
9.36	0.61535	-0.00133286
9.365	0.662555	-0.00309168
9.37	0.694561	-0.00297304
9.375	0.701421	-0.00228359
9.38	0.695899	0.000887907
9.385	0.684887	-0.00268944
9.39	0.708597	-0.000284324
9.395	0.71776	0.00171021
9.4	0.717009	0.00395871
9.405	0.717203	0.000473491
9.41	0.722562	0.000686172
9.415	0.720776	-0.000672489
9.42	0.655438	-0.0013747
9.425	0.674147	0.00147087
9.43	0.619089	-0.000806776
9.435	0.609379	-0.00137223
9.44	0.451807	-0.00138931
9.445	0.556505	-0.000565096
9.45	0.608781	-0.000921013
9.455	0.554409	-0.000457867
9.46	0.607612	-0.000312923
9.465	0.63394	-0.00239592
9.47	0.640829	-0.00153914
9.475	0.546771	-0.000832216
9.48	0.599791	-0.000481564
9.485	0.625508	0.000341869
9.49	0.632026	0.000294842
9.495	0.636076	0.00127995
9.5	0.58504	-0.00131167
9.505	0.509813	-0.000703871
9.51	0.509196	-0.000624414
9.515	0.559124	-0.00254784
9.52	0.580415	-0.00150741
9.525	0.582934	-0.00266407
9.53	0.58701	-0.00146601
9.535	0.582994	0.00100654
9.54	0.590173	-0.00277794
9.545	0.579668	-0.000881826
9.55	0.589635	0.00211578
9.555	0.593453	-0.00102182
9.56	0.593683	-0.000629041
9.565	0.586392	0.0042396
9.57	0.587332	0.00153988
9.575	0.586069	0.000392401
9.58	0.583861	-0.000834909
9.585	0.521587	-0.00133801
9.59	0.542536	-0.00214774
9.595	0.551165	0.00235803
9.6	0.48196	-0.000261352
9.605	0.483441	0.00052438
9.61	0.515826	-0.0023761
9.615	0.356197	-0.00103834
9.62	0.453387	-0.000291738
9.625	0.475961	0.000192999
9.63	0.503408	-0.00115967
9.635	0.504404	-0.00078855
9.64	0.44516	-0.000443579
9.645	0.482323	-0.000832318
9.65	0.49898	-0.00214339
9.655	0.501971	-0.00151997
9.66	0.506756	-0.00106362
9.665	0.416037	-0.00047248
9.67	0.459848	1.24682e-05
9.675	0.481547	0.00126277
9.68	0.487464	-0.000566874
9.685	0.49271	-0.000294596
9.69	0.484141	-0.000392298
9.695	0.48338	0.000620696
9.7	0.435472	0.000235137
9.705	0.370722	-0.0015917
9.71	0.420152	-0.00108409
9.715	0.393041	-0.000104903
9.72	0.42695	-0.00089313
9.725	0.442548	-0.00206553
9.73	0.441082	-0.00129119
9.735	0.447566	-0.00111248
9.74	0.448992	-0.00114077
9.745	0.434226	-0.00188673
9.75	0.438068	-0.00113966
9.755	0.428243	0.00121231
9.76	0.425802	-0.00154606
9.765	0.417242	1.87355e-05
9.77	0.419765	-0.000172322
9.775	0.420987	-0.00195595
9.78	0.403328	0.000627145
9.785	0.412527	0.000351173
9.79	0.412955	-0.0011313
9.795	0.412301	0.000887288
9.8	0.410131	0.00104343
9.805	0.406708	-0.00183231
9.81	0.405045	-0.00119805
9.815	0.39079	0.00401232
9.82	0.39154	-0.000144609
9.825	0.391377	-0.000255781
9.83	0.384952	-0.000190948
9.835	0.386245	0.000460134
9.84	0.382724	-0.000440703
9.845	0.37823	-0.000593123
9.85	0.374832	-0.00079767
9.855	0.370696	-0.000433986
9.86	0.366767	0.000954853
9.865	0.363018	-0.000953539
9.87	0.308317	-0.000579634
9.875	0.327386	-0.00135475
9.88	0.337558	-0.000967333
9.885	0.340833	-0.000621853
9.89	0.341009	-0.000605034
9.895	0.339591	0.000158665
9.9	0.333644	-0.000894076
9.905	0.332135	0.000928914
9.91	0.330006	0.00121077
9.915	0.26915	0.000599327
9.92	0.296512	0.000132185
9.925	0.306863	1.2292e-05
9.93	0.311924	0.000329065
9.935	0.312196	-0.00049279
9.94	0.312435	-0.000749839
9.945	0.309333	-0.00125085
9.95	0.3063	-0.0011219
9.955	0.290288	-0.00061878
9.96	0.267213	0.000219557
9.965	0.276093	-0.000726126
9.97	0.282205	0.000657988
9.975	0.285199	-0.00149215
9.98	0.284438	-0.00149475
9.985	0.282252	-0.000257526
9.99	0.279838	-0.00035035
9.995	0.277083	-0.000405998
10	0.274509	-0.000326142
