timestep	Fx	Fy
0.005	67.9163	-0.230585
0.01	49.9875	0.37601
0.015	26.4351	-0.125661
0.02	15.621	-0.0463335
0.025	9.21194	-0.0166676
0.03	5.81042	-0.00233621
0.035	3.93959	-0.00116549
0.04	2.88622	-0.000639975
0.045	2.25965	-0.00120305
0.05	1.87901	0.00221903
0.055	1.62563	-7.48873e-06
0.06	1.45612	0.00269948
0.065	1.33013	0.00227008
0.07	1.23271	0.00197266
0.075	1.15478	0.00156933
0.08	1.09104	0.000989262
0.085	1.03516	0.0023856
0.09	0.984723	0.00145489
0.095	0.943549	-6.51112e-05
0.1	0.903908	-0.00123848
0.105	0.869836	-9.43778e-05
0.11	0.837717	-0.00154847
0.115	0.810445	-0.000182595
0.12	0.783604	-0.000841873
0.125	0.758309	-0.000687226
0.13	0.73058	0.000268397
0.135	0.710264	0.000408919
0.14	0.687765	0.00251273
0.145	0.671182	0.00146273
0.15	0.649148	0.000535856
0.155	0.637177	0.000390374
0.16	0.620784	0.000469224
0.165	0.603047	0.000880759
0.17	0.583244	0.000228168
0.175	0.565874	-0.00114228
0.18	0.557872	-0.00174249
0.185	0.545189	-0.00114394
0.19	0.530372	-0.000485931
0.195	0.523448	0.00195557
0.2	0.510152	0.00133804
0.205	0.497092	0.00166332
0.21	0.489862	-0.00129782
0.215	0.479216	0.00229795
0.22	0.474381	0.00114598
0.225	0.463116	-0.000979839
0.23	0.451054	-0.000845561
0.235	0.443412	0.00346098
0.24	0.439971	0.00272109
0.245	0.43485	0.00180941
0.25	0.42555	-0.000737896
0.255	0.417209	-0.000487179
0.26	0.417452	-0.00156249
0.265	0.406591	-0.00141009
0.27	0.398627	-0.00149748
0.275	0.388356	0.00105739
0.28	0.383848	0.000306377
0.285	0.38005	0.000736436
0.29	0.375962	0.00128492
0.295	0.371236	0.00227
0.3	0.36456	0.000242868
0.305	0.362299	0.00101348
0.31	0.356713	-0.00188642
0.315	0.355632	-0.000778988
0.32	0.34927	-0.000364554
0.325	0.34401	0.000151011
0.33	0.3413	-0.000963237
0.335	0.338255	-0.000234145
0.34	0.326532	-0.00125305
0.345	0.321435	-0.00205531
0.35	0.321889	0.000122032
0.355	0.312731	0.00164167
0.36	0.310233	2.95579e-05
0.365	0.309686	0.00048869
0.37	0.30535	-0.000342926
0.375	0.302297	0.00312986
0.38	0.302482	0.00135647
0.385	0.297815	-0.00158261
0.39	0.300635	-0.000594183
0.395	0.299026	-0.00162179
0.4	0.289277	-0.000851056
0.405	0.288624	0.000357472
0.41	0.286008	0.000945573
0.415	0.282571	0.00194356
0.42	0.281035	0.000216273
0.425	0.282727	-0.000511941
0.43	0.281842	-0.00103037
0.435	0.278011	0.000690658
0.44	0.275993	-0.00083028
0.445	0.273657	0.000247548
0.45	0.263582	-0.00232998
0.455	0.265269	-0.000438297
0.46	0.259812	0.00109364
0.465	0.258356	0.000541241
0.47	0.260257	-0.000362026
0.475	0.258236	0.00177465
0.48	0.259323	0.000918303
0.485	0.254826	-0.00233226
0.49	0.25971	-0.00182963
0.495	0.255915	0.000212845
0.5	0.253405	0.000511745
0.505	0.249819	0.0013163
0.51	0.252523	0.00147147
0.515	0.252021	0.000556915
0.52	0.251825	-0.000276919
0.525	0.250244	0.000161985
0.53	0.247474	-0.000704354
0.535	0.246486	-0.00195949
0.54	0.242015	-0.00198272
0.545	0.239781	0.00146121
0.55	0.236027	0.000247765
0.555	0.237583	-0.000467647
0.56	0.239783	0.00171496
0.565	0.240093	0.000989638
0.57	0.241492	-0.00147544
0.575	0.24185	-0.000515306
0.58	0.238822	-0.000435643
0.585	0.236345	0.00145478
0.59	0.238543	0.000939317
0.595	0.238972	8.28522e-05
0.6	0.240073	-0.00022044
0.605	0.240462	-0.00105804
0.61	0.237644	0.000317875
0.615	0.231362	-0.0018049
0.62	0.234922	0.000257506
0.625	0.226676	0.00100975
0.63	0.231536	0.000130808
0.635	0.235205	0.00143151
0.64	0.232212	-0.00113178
0.645	0.237054	-0.00176892
0.65	0.234876	-0.00132332
0.655	0.233103	0.000917112
0.66	0.237012	0.00241985
0.665	0.237115	0.000785553
0.67	0.237226	0.000431483
0.675	0.24028	5.86107e-05
0.68	0.237753	-0.000421517
0.685	0.230681	-0.00119871
0.69	0.231314	0.00051153
0.695	0.227566	0.000236079
0.7	0.231981	0.00117801
0.705	0.233518	0.000185793
0.71	0.235896	-0.00197413
0.715	0.238704	-0.00166306
0.72	0.236716	0.00056183
0.725	0.237213	0.00152273
0.73	0.238526	0.000593793
0.735	0.242438	0.00131004
0.74	0.243962	-0.000180198
0.745	0.242068	-0.000152387
0.75	0.234146	-0.00135543
0.755	0.233481	0.00130372
0.76	0.234957	-0.000391879
0.765	0.239218	0.00114399
0.77	0.239483	-0.000994146
0.775	0.244285	-0.00209691
0.78	0.245212	0.00080049
0.785	0.24126	0.000481996
0.79	0.249133	0.00218799
0.795	0.247416	-0.000940204
0.8	0.250628	-0.000410319
0.805	0.2486	-0.000557719
0.81	0.244789	-0.000672001
0.815	0.244747	0.001894
0.82	0.242508	-0.000934999
0.825	0.248161	0.00109108
0.83	0.248836	-0.00139898
0.835	0.254192	-0.00172431
0.84	0.253605	0.00151842
0.845	0.252593	0.00107312
0.85	0.256517	0.000475211
0.855	0.260037	2.80691e-05
0.86	0.259658	-0.000994037
0.865	0.258916	-0.000345323
0.87	0.2557	0.000975727
0.875	0.253137	0.00183334
0.88	0.258743	0.00168296
0.885	0.258689	-9.93589e-05
0.89	0.263362	-0.0016648
0.895	0.267108	-0.000415013
0.9	0.264601	0.000617426
0.905	0.272736	0.0011892
0.91	0.271432	0.000702743
0.915	0.274292	-0.000701706
0.92	0.273865	-0.00106671
0.925	0.267559	-0.000119072
0.93	0.266195	0.00158112
0.935	0.272427	0.00145853
0.94	0.272669	0.000462016
0.945	0.277955	-0.00144109
0.95	0.281437	-8.12044e-05
0.955	0.279084	0.000869076
0.96	0.2837	0.000635171
0.965	0.288944	0.000406261
0.97	0.290267	-0.000532283
0.975	0.287791	-0.00161101
0.98	0.285927	0.000750418
0.985	0.28202	0.000108892
0.99	0.288067	0.00102228
0.995	0.291035	-0.000705162
1	0.295123	-0.00098941
1.005	0.295089	0.00113919
1.01	0.300327	0.00226803
1.015	0.302248	0.00032423
1.02	0.304107	-0.00157234
1.025	0.305621	-0.000537124
1.03	0.303173	-0.000573692
1.035	0.300689	0.00150775
1.04	0.303604	0.00153159
1.045	0.304608	0.000385388
1.05	0.311175	-0.00113529
1.055	0.315578	0.000271635
1.06	0.312553	0.00138029
1.065	0.31839	0.000202044
1.07	0.324469	-1.53292e-05
1.075	0.324565	-0.000315905
1.08	0.321545	-0.000860709
1.085	0.322615	0.00101122
1.09	0.318265	8.9172e-05
1.095	0.325569	0.00155076
1.1	0.329051	-0.00109257
1.105	0.332877	5.84227e-05
1.11	0.331607	0.0017791
1.115	0.340586	0.00137942
1.12	0.340968	-0.00024317
1.125	0.344234	-0.000486086
1.13	0.342703	-0.00107776
1.135	0.342213	-0.000202913
1.14	0.338889	0.000333061
1.145	0.345024	0.00184973
1.15	0.347352	-0.000282683
1.155	0.353595	-0.000121086
1.16	0.353718	0.00195225
1.165	0.36061	0.000823742
1.17	0.361354	-0.000809331
1.175	0.364837	-0.00106797
1.18	0.364777	-0.00115561
1.185	0.3639	0.000857727
1.19	0.359945	7.35751e-05
1.195	0.366269	0.00185891
1.2	0.369283	-0.000120042
1.205	0.37397	-0.000468399
1.21	0.373976	0.0017136
1.215	0.383622	0.00156201
1.22	0.384817	-0.000161368
1.225	0.388	-0.000492542
1.23	0.386517	-0.0010696
1.235	0.386663	0.000644952
1.24	0.383121	0.000298249
1.245	0.388228	0.0017345
1.25	0.393077	-0.00122603
1.255	0.397558	2.31672e-05
1.26	0.397593	0.00195329
1.265	0.407268	0.000905228
1.27	0.407484	-0.000225066
1.275	0.411319	-0.000439806
1.28	0.410247	-0.00073438
1.285	0.41031	0.00110358
1.29	0.407076	0.000760164
1.295	0.411371	0.00111674
1.3	0.418754	-0.000740151
1.305	0.421745	-0.00031943
1.31	0.422302	0.00129817
1.315	0.431307	0.000588054
1.32	0.433579	-0.000124961
1.325	0.436707	9.36094e-05
1.33	0.434706	-0.000710259
1.335	0.435361	0.0015858
1.34	0.43084	0.00039838
1.345	0.437554	0.000222609
1.35	0.444381	-0.000141601
1.355	0.44702	-0.000331166
1.36	0.447364	0.00157098
1.365	0.455392	0.000899975
1.37	0.459874	-5.25488e-05
1.375	0.462983	-0.000108517
1.38	0.460767	-0.00107723
1.385	0.460953	0.00060551
1.39	0.458271	0.000930121
1.395	0.464042	0.00193892
1.4	0.469283	-0.00098665
1.405	0.473635	-0.000125039
1.41	0.475104	0.00151312
1.415	0.483736	0.000937447
1.42	0.484993	0.000130232
1.425	0.48954	0.000457397
1.43	0.489415	-0.00108742
1.435	0.488582	0.000954194
1.44	0.483075	0.000701396
1.445	0.491085	0.00173797
1.45	0.497063	0.000173647
1.455	0.500327	-0.000708521
1.46	0.502054	0.000515849
1.465	0.509036	0.000931127
1.47	0.513166	0.000151967
1.475	0.517787	-0.000193215
1.48	0.519311	-0.000353219
1.485	0.515898	0.000891957
1.49	0.512955	0.00180314
1.495	0.520382	0.00168622
1.5	0.522681	-0.000268219
1.505	0.527988	-0.00155262
1.51	0.529405	0.000764331
1.515	0.53456	0.00170015
1.52	0.540644	0.00089034
1.525	0.545416	2.82043e-05
1.53	0.549239	-2.758e-05
1.535	0.547207	-0.00114707
1.54	0.545429	0.00213905
1.545	0.544911	-0.000273937
1.55	0.549435	0.00185306
1.555	0.555648	-0.000569455
1.56	0.559839	-0.000537182
1.565	0.562309	0.000491493
1.57	0.568947	0.00107196
1.575	0.574489	0.000113789
1.58	0.57893	-0.00016484
1.585	0.581172	1.44857e-05
1.59	0.577879	-0.00035542
1.595	0.574571	0.00164587
1.6	0.577091	0.000755681
1.605	0.580678	0.00214804
1.61	0.588723	-0.000572971
1.615	0.592849	0.000505824
1.62	0.59447	0.002813
1.625	0.602817	0.00164708
1.63	0.606303	-0.000956379
1.635	0.610648	-0.000824354
1.64	0.612273	-0.000347672
1.645	0.610739	-0.00047294
1.65	0.608803	0.0018347
1.655	0.609947	0.000777692
1.66	0.61559	0.00230831
1.665	0.619372	-0.000184728
1.67	0.624815	0.000640197
1.675	0.626618	0.00143722
1.68	0.634199	0.00166822
1.685	0.638035	-0.000101369
1.69	0.642552	-0.000955831
1.695	0.646405	-0.000688517
1.7	0.64351	-0.00195545
1.705	0.645933	0.000785481
1.71	0.643919	0.00104661
1.715	0.647406	0.00346782
1.72	0.652309	0.000454349
1.725	0.657457	-0.000138744
1.73	0.660474	0.0013111
1.735	0.663857	0.00270561
1.74	0.669993	0.000320924
1.745	0.67638	-0.00142109
1.75	0.677817	-0.000646861
1.755	0.682915	-0.000137144
1.76	0.680286	-0.00114342
1.765	0.681625	0.000960348
1.77	0.680693	0.00151298
1.775	0.68237	0.00278549
1.78	0.687906	0.000510719
1.785	0.693013	-0.00136479
1.79	0.697184	-0.000549513
1.795	0.698997	0.000531821
1.8	0.705513	0.00105466
1.805	0.708848	0.000369388
1.81	0.717099	0.000675405
1.815	0.721339	0.000351401
1.82	0.722366	0.000343778
1.825	0.718687	-0.000214696
1.83	0.717575	0.00145518
1.835	0.719299	0.000487499
1.84	0.723029	0.00245989
1.845	0.727998	0.00207783
1.85	0.732633	-0.00133034
1.855	0.737565	0.000395026
1.86	0.739103	0.000786309
1.865	0.741663	0.00179782
1.87	0.750237	0.00150677
1.875	0.755646	-0.000546153
1.88	0.758544	-0.000195561
1.885	0.760799	0.000145301
1.89	0.761673	-0.00141411
1.895	0.760779	0.000258153
1.9	0.759732	0.0021171
1.905	0.761943	0.00085838
1.91	0.768324	0.00314673
1.915	0.770607	0.00112926
1.92	0.773704	-0.000658651
1.925	0.779557	0.000552961
1.93	0.779123	0.00130583
1.935	0.787288	0.00258422
1.94	0.791551	0.00105389
1.945	0.795472	-0.000314205
1.95	0.800147	-0.000879602
1.955	0.80385	-0.000631144
1.96	0.805366	0.000119778
1.965	0.804539	-0.00189909
1.97	0.806807	0.00030814
1.975	0.805454	0.00275161
1.98	0.807728	3.93525e-05
1.985	0.808847	0.00292407
1.99	0.816376	0.00237891
1.995	0.820592	-0.000480153
2	0.824987	-0.000399699
2.005	0.825613	0.00107628
2.01	0.827288	0.00148316
2.015	0.832961	0.00166323
2.02	0.837441	0.00116357
2.025	0.841407	-0.000672933
2.03	0.849334	-0.000150401
2.035	0.851986	0.00107925
2.04	0.854586	-0.000381093
2.045	0.855486	-0.000289994
2.05	0.853476	-0.000382331
2.055	0.857707	0.00140109
2.06	0.854598	0.00161708
2.065	0.858969	0.000895655
2.07	0.859626	-0.000592209
2.075	0.86593	0.00294502
2.08	0.87073	0.00199148
2.085	0.872052	-0.000760705
2.09	0.879876	-0.00023061
2.095	0.876828	0.00141079
2.1	0.88165	0.00105991
2.105	0.885516	0.00059731
2.11	0.889919	0.002628
2.115	0.892386	0.0015593
2.12	0.897067	0.000110423
2.125	0.903753	-0.00152188
2.13	0.90678	0.000710021
2.135	0.909457	-6.8816e-05
2.14	0.912534	0.000242932
2.145	0.911536	-0.00080104
2.15	0.912714	-0.000433735
2.155	0.912388	0.000715906
2.16	0.912694	0.0019409
2.165	0.919014	0.00255987
2.17	0.919241	0.00120109
2.175	0.920417	-0.00048216
2.18	0.921958	0.00306903
2.185	0.93173	0.00315375
2.19	0.935048	0.00123865
2.195	0.933851	-0.000257788
2.2	0.94261	-0.00156766
2.205	0.944128	0.000807792
2.21	0.942001	0.0018458
2.215	0.946469	0.00148415
2.22	0.950755	5.89747e-05
2.225	0.954156	0.0018173
2.23	0.957111	0.0025544
2.235	0.958367	0.00160922
2.24	0.963744	0.00114182
2.245	0.967438	-0.00111252
2.25	0.97241	-0.000536507
2.255	0.973404	-0.000907378
2.26	0.976582	-0.00023727
2.265	0.980165	2.38363e-05
2.27	0.984312	-2.84953e-05
2.275	0.985133	0.0010844
2.28	0.982734	0.000872042
2.285	0.986544	-0.000795517
2.29	0.987325	-0.000321338
2.295	0.988092	0.000550604
2.3	0.991548	0.00109692
2.305	0.993694	0.00240582
2.31	0.995767	0.00112035
2.315	1.0024	0.00222141
2.32	1.00193	-0.000380699
2.325	1.00463	0.00115176
2.33	1.00573	9.79682e-05
2.335	1.00632	4.95544e-05
2.34	1.01397	0.00364789
2.345	1.01911	0.00333793
2.35	1.02247	0.00243175
2.355	1.02302	0.000834142
2.36	1.02116	0.00095518
2.365	1.0239	0.00266205
2.37	1.0316	0.00035752
2.375	1.03446	-0.00261764
2.38	1.03656	-0.000281436
2.385	1.0402	0.00125545
2.39	1.03753	0.000551095
2.395	1.03975	0.00052462
2.4	1.04474	0.0010866
2.405	1.04401	0.00180778
2.41	1.04742	0.0019277
2.415	1.05223	0.00130236
2.42	1.05436	0.00108272
2.425	1.0588	0.000771455
2.43	1.05923	0.00196112
2.435	1.06233	0.000779183
2.44	1.06508	5.47206e-05
2.445	1.06806	0.000832761
2.45	1.06932	0.00179612
2.455	1.07364	0.00135887
2.46	1.07514	0.000986399
2.465	1.07732	0.000955943
2.47	1.08014	0.00114765
2.475	1.08292	0.000872329
2.48	1.08687	0.00192236
2.485	1.08745	0.0020236
2.49	1.08903	0.000586133
2.495	1.09092	0.00212694
2.5	1.09246	0.00104669
2.505	1.09319	-0.000563486
2.51	1.09823	0.00165961
2.515	1.10106	0.000963685
2.52	1.10259	0.00112363
2.525	1.10395	0.00112197
2.53	1.10638	0.000962518
2.535	1.11069	0.000540418
2.54	1.11175	-0.000458301
2.545	1.1143	2.5007e-05
2.55	1.11379	0.000387938
2.555	1.11425	0.000171601
2.56	1.11885	0.000673052
2.565	1.12083	0.00113633
2.57	1.1235	0.00133245
2.575	1.12714	0.000571526
2.58	1.12369	0.00028435
2.585	1.1295	0.000818145
2.59	1.13261	0.00146963
2.595	1.13263	-0.000176987
2.6	1.13504	0.000831573
2.605	1.14066	0.00122835
2.61	1.13952	0.00132812
2.615	1.14329	0.000270558
2.62	1.14694	9.77091e-05
2.625	1.14773	0.00119897
2.63	1.14938	0.000288891
2.635	1.1531	0.000689054
2.64	1.15578	0.00179045
2.645	1.15408	0.000513231
2.65	1.15601	0.00192431
2.655	1.15187	0.00283722
2.66	1.15768	0.00167315
2.665	1.15346	0.00141342
2.67	1.16363	0.00251403
2.675	1.16831	0.000936249
2.68	1.16203	0.000743314
2.685	1.16435	-0.00204845
2.69	1.17046	-0.0019564
2.695	1.16964	0.00140854
2.7	1.17559	0.000420945
2.705	1.17812	0.00254009
2.71	1.18231	-0.000783204
2.715	1.18199	0.000414968
2.72	1.18321	0.000903696
2.725	1.18395	-0.000485611
2.73	1.18701	0.000630477
2.735	1.18687	0.000605959
2.74	1.18855	0.00282748
2.745	1.19437	0.00130275
2.75	1.19954	0.000400854
2.755	1.19339	0.00129292
2.76	1.19138	0.00112331
2.765	1.19355	0.00234274
2.77	1.19523	0.00320487
2.775	1.19311	0.00194434
2.78	1.19362	0.00281791
2.785	1.20496	0.00302174
2.79	1.20584	0.00214126
2.795	1.20622	-0.000744847
2.8	1.21087	-0.000439465
2.805	1.20423	0.00119111
2.81	1.21365	6.29681e-05
2.815	1.2165	-0.000205817
2.82	1.21825	8.58003e-06
2.825	1.21593	0.00198413
2.83	1.21553	0.00353344
2.835	1.20767	0.00301972
2.84	1.21945	0.00157612
2.845	1.2131	-0.00283659
2.85	1.21477	-5.5763e-05
2.855	1.22965	0.00206038
2.86	1.23338	-0.000345796
2.865	1.22988	-0.00104641
2.87	1.2265	-0.000251929
2.875	1.23128	0.000992743
2.88	1.2365	0.00199223
2.885	1.2404	0.0019598
2.89	1.23169	0.00183785
2.895	1.23028	0.00160461
2.9	1.22586	0.00244758
2.905	1.22536	0.00359222
2.91	1.23778	0.00379456
2.915	1.23979	-0.00150372
2.92	1.24275	0.000685442
2.925	1.24165	-0.000842573
2.93	1.24608	-0.000682717
2.935	1.24806	-8.88847e-06
2.94	1.251	0.00488783
2.945	1.23316	0.00369824
2.95	1.24727	-0.0023573
2.955	1.23995	0.00106885
2.96	1.25068	0.00123125
2.965	1.26033	-0.000178807
2.97	1.24573	6.82694e-05
2.975	1.25745	0.00126073
2.98	1.26274	0.00144904
2.985	1.25852	0.00261123
2.99	1.25279	0.00066956
2.995	1.24782	0.00107043
3	1.24719	0.00485566
3.005	1.26321	0.00386165
3.01	1.25764	-0.00345573
3.015	1.25834	0.000719839
3.02	1.26631	0.000373845
3.025	1.26988	0.000736123
3.03	1.26767	0.00237272
3.035	1.25068	0.00247647
3.04	1.25568	-0.00113281
3.045	1.25992	0.001898
3.05	1.27918	-0.00184458
3.055	1.26375	-0.000662181
3.06	1.26996	0.00300044
3.065	1.28013	0.000892425
3.07	1.27256	0.00256345
3.075	1.26487	0.00449452
3.08	1.25934	0.00465958
3.085	1.27494	0.0028757
3.09	1.26825	-0.00143792
3.095	1.27112	-2.25696e-05
3.1	1.27814	-0.000911427
3.105	1.27703	0.00316065
3.11	1.26682	0.0024003
3.115	1.27373	-0.00265863
3.12	1.26029	0.0024588
3.125	1.28813	-0.00126033
3.13	1.27471	2.50695e-05
3.135	1.27946	0.00227217
3.14	1.29219	0.00134048
3.145	1.27397	0.00210678
3.15	1.27015	0.0027496
3.155	1.27451	0.00367197
3.16	1.27977	-0.00189333
3.165	1.27798	0.00138451
3.17	1.28744	0.000673817
3.175	1.28277	0.00401474
3.18	1.26844	0.00275437
3.185	1.27535	-0.00194403
3.19	1.27545	0.00177839
3.195	1.29339	-0.00144196
3.2	1.27906	0.0022292
3.205	1.29551	8.5447e-06
3.21	1.28954	0.00205135
3.215	1.26944	0.00179963
3.22	1.27236	0.00227207
3.225	1.2822	-0.00132742
3.23	1.28556	-0.000141829
3.235	1.28813	0.000904862
3.24	1.28242	0.00487468
3.245	1.26822	0.0043561
3.25	1.28053	0.00063443
3.255	1.28683	0.00043185
3.26	1.2882	-0.00118975
3.265	1.28204	0.00245081
3.27	1.29447	0.000755489
3.275	1.2815	0.00162151
3.28	1.27169	0.00319673
3.285	1.28742	0.00598913
3.29	1.28006	9.60594e-05
3.295	1.28473	0.000964439
3.3	1.28371	0.00158752
3.305	1.27895	0.000843343
3.31	1.27519	-0.00113542
3.315	1.27743	0.000936939
3.32	1.28856	-0.00161761
3.325	1.28026	0.00213191
3.33	1.2955	0.00141162
3.335	1.27931	0.00328176
3.34	1.26717	0.00513989
3.345	1.28054	0.000963413
3.35	1.28223	0.00116578
3.355	1.28382	0.000119504
3.36	1.28545	0.00446264
3.365	1.26785	-0.0015043
3.37	1.26731	0.00104336
3.375	1.28944	-0.000891979
3.38	1.27145	0.000650167
3.385	1.29231	0.000428449
3.39	1.28137	0.00107826
3.395	1.2655	0.00634276
3.4	1.27792	0.00379813
3.405	1.26909	-0.00108609
3.41	1.27811	-0.000869793
3.415	1.27492	0.00214997
3.42	1.2554	-0.00177209
3.425	1.26499	0.00403919
3.43	1.28723	-0.00167093
3.435	1.26791	0.00151864
3.44	1.28888	0.000204624
3.445	1.27642	0.00156744
3.45	1.25456	0.00328549
3.455	1.26476	-0.000951602
3.46	1.26438	-0.000662851
3.465	1.27265	0.00333206
3.47	1.26781	0.00476947
3.475	1.25235	-0.00191405
3.48	1.24707	0.00505305
3.485	1.28328	-0.00182058
3.49	1.25657	0.0042317
3.495	1.28045	0.00143081
3.5	1.25766	0.00271261
3.505	1.24824	0.00191775
3.51	1.25885	-0.00215991
3.515	1.26027	0.000143743
3.52	1.26026	0.00244378
3.525	1.26051	0.00390851
3.53	1.23895	0.00327033
3.535	1.25382	0.000910831
3.54	1.24875	-0.00106257
3.545	1.26876	0.00150629
3.55	1.2556	0.00110691
3.555	1.23841	0.00365642
3.56	1.24469	-0.00137855
3.565	1.24843	0.00146367
3.57	1.2475	0.00109091
3.575	1.24633	0.00454082
3.58	1.23557	-0.000122375
3.585	1.22193	0.00227482
3.59	1.25803	-0.000176041
3.595	1.23779	0.00192731
3.6	1.25207	0.00246935
3.605	1.22741	0.00242696
3.61	1.23455	0.000927869
3.615	1.227	-0.00230513
3.62	1.23777	-0.000206373
3.625	1.22946	0.00402231
3.63	1.21877	0.00194422
3.635	1.20924	0.00257483
3.64	1.24078	-0.0013327
3.645	1.22866	0.00333909
3.65	1.24113	0.00067982
3.655	1.20882	0.00367253
3.66	1.21603	0.00239016
3.665	1.21513	-0.00036724
3.67	1.22367	-0.000669103
3.675	1.21494	0.00172663
3.68	1.19978	0.00098783
3.685	1.19472	0.00584353
3.69	1.22738	-0.00148249
3.695	1.21157	0.00396815
3.7	1.22262	-0.00191291
3.705	1.19281	0.0043404
3.71	1.19985	0.00286675
3.715	1.19532	-0.00124211
3.72	1.20361	-0.000293348
3.725	1.19603	0.0048639
3.73	1.1829	0.000483375
3.735	1.17501	0.00354237
3.74	1.20863	-0.000488781
3.745	1.19311	0.00190022
3.75	1.20309	0.00106172
3.755	1.17261	0.00367997
3.76	1.18181	0.00335842
3.765	1.17613	-0.00119073
3.77	1.18511	-0.00083325
3.775	1.17646	0.00411753
3.78	1.1643	-0.0010425
3.785	1.1564	0.00301321
3.79	1.18823	0.00027447
3.795	1.17109	0.00287918
3.8	1.18094	0.00108456
3.805	1.15083	0.00450538
3.81	1.15991	0.00377092
3.815	1.15465	-0.00150189
3.82	1.16227	-0.000207113
3.825	1.15359	0.00312574
3.83	1.14755	-0.00206302
3.835	1.12899	0.00139279
3.84	1.16875	0.000444301
3.845	1.14648	0.00195547
3.85	1.15705	0.00256522
3.855	1.12947	0.00424973
3.86	1.13696	0.00392948
3.865	1.13261	-0.00145478
3.87	1.13786	0.00111381
3.875	1.12899	0.00309737
3.88	1.12261	0.00023253
3.885	1.10407	0.000630704
3.89	1.13998	-0.000459621
3.895	1.12693	0.00348054
3.9	1.13537	0.00228812
3.905	1.10178	0.00414412
3.91	1.11	0.00323461
3.915	1.10553	-0.000855379
3.92	1.11408	-0.000748114
3.925	1.10497	0.00366993
3.93	1.08852	-0.00118094
3.935	1.08268	0.00308183
3.94	1.11334	-0.000588671
3.945	1.0972	0.00377645
3.95	1.11003	-8.36761e-05
3.955	1.08189	0.00358176
3.96	1.0747	0.00322561
3.965	1.08358	0.000424281
3.97	1.08471	-0.0010339
3.975	1.07887	0.00415114
3.98	1.05817	0.00249842
3.985	1.06197	0.0025491
3.99	1.08347	-0.000614541
3.995	1.06533	0.000626103
4	1.07862	-0.000103552
4.005	1.07043	0.00185926
4.01	1.04447	0.00534836
4.015	1.04836	5.90773e-05
4.02	1.05605	0.000325962
4.025	1.04827	0.000376756
4.03	1.04677	0.00231191
4.035	1.03339	0.00113072
4.04	1.02715	0.00304206
4.045	1.04714	-0.000325212
4.05	1.03806	0.00287839
4.055	1.04672	0.0029798
4.06	1.01565	0.00543051
4.065	1.01619	0.00249392
4.07	1.02072	0.00116382
4.075	1.02074	-0.00128566
4.08	1.01397	0.00239061
4.085	1.00405	0.00220309
4.09	0.997571	0.00278594
4.095	1.00743	-0.00085753
4.1	0.998429	-0.00167683
4.105	1.01706	0.00137903
4.11	1.00861	0.00470627
4.115	0.983187	0.00257111
4.12	0.985689	0.000948241
4.125	0.983442	0.000458328
4.13	0.983078	-0.000793095
4.135	0.97566	0.00365365
4.14	0.966488	0.00449051
4.145	0.962689	0.00275585
4.15	0.968614	-0.000254406
4.155	0.967862	0.000951768
4.16	0.970222	-0.00086781
4.165	0.976271	0.00252534
4.17	0.948714	0.00219409
4.175	0.944502	0.00218512
4.18	0.948856	-0.000310303
4.185	0.944413	-0.000387228
4.19	0.944638	0.0014237
4.195	0.940548	0.00408509
4.2	0.925275	0.000432754
4.205	0.911074	0.00545986
4.21	0.943855	0.000373767
4.215	0.924548	0.00179789
4.22	0.939195	0.00140789
4.225	0.924097	0.0016812
4.23	0.907383	0.00596353
4.235	0.907063	0.00163002
4.24	0.90297	-4.67542e-05
4.245	0.903536	-0.00203944
4.25	0.900261	0.0024492
4.255	0.893549	0.00337845
4.26	0.885815	-0.000106618
4.265	0.868201	0.00519216
4.27	0.899166	-0.000610438
4.275	0.882972	0.00327963
4.28	0.896127	0.00136524
4.285	0.882605	0.0035877
4.29	0.86486	0.0034454
4.295	0.855902	0.00245578
4.3	0.858382	-0.00160594
4.305	0.862842	-0.00075066
4.31	0.858716	-0.000286296
4.315	0.853379	0.00368209
4.32	0.83646	0.00456888
4.325	0.839513	0.000814431
4.33	0.836583	0.0012667
4.335	0.8507	0.000720963
4.34	0.836547	0.00280962
4.345	0.849894	0.00268466
4.35	0.83254	0.00335238
4.355	0.81949	0.00183127
4.36	0.812504	0.00281947
4.365	0.817403	-0.00108484
4.37	0.813454	-0.00101441
4.375	0.807441	0.000298153
4.38	0.807676	0.0035777
4.385	0.798112	0.00331997
4.39	0.788223	0.000524314
4.395	0.780133	0.00376198
4.4	0.794689	0.000766008
4.405	0.790102	0.000369547
4.41	0.788521	0.00366531
4.415	0.794043	0.000409651
4.42	0.779421	0.00254623
4.425	0.766375	0.00386954
4.43	0.764766	0.00359991
4.435	0.765671	0.00219007
4.44	0.761974	-0.000528422
4.445	0.755433	0.000125704
4.45	0.752995	0.000598312
4.455	0.747003	0.00444547
4.46	0.739721	0.00264546
4.465	0.736557	0.000624586
4.47	0.721955	0.00258707
4.475	0.741374	0.0012851
4.48	0.739287	0.000197004
4.485	0.728929	0.00170498
4.49	0.731387	0.00245389
4.495	0.728266	0.00341821
4.5	0.713274	0.00182141
4.505	0.707606	0.00345961
4.51	0.703282	0.00420039
4.515	0.705242	-0.000106916
4.52	0.699137	0.000349015
4.525	0.692694	0.000524548
4.53	0.69496	0.000586191
4.535	0.692577	0.00210672
4.54	0.684758	0.00403901
4.545	0.672467	0.00254605
4.55	0.670821	0.00169386
4.555	0.662531	0.00283709
4.56	0.676664	0.00150979
4.565	0.67388	0.00090261
4.57	0.663509	0.00121742
4.575	0.663243	0.00349177
4.58	0.667852	0.00183269
4.585	0.655668	0.00271106
4.59	0.644303	0.00135589
4.595	0.640734	0.0036206
4.6	0.633053	0.0043498
4.605	0.638029	0.00143696
4.61	0.631718	-0.000111036
4.615	0.629298	0.00151452
4.62	0.620848	0.000227154
4.625	0.623959	0.000279639
4.63	0.62168	0.00184447
4.635	0.61396	0.0030352
4.64	0.60844	0.00311724
4.645	0.599535	0.0018347
4.65	0.595391	0.00200844
4.655	0.59116	0.00277207
4.66	0.59839	0.00238509
4.665	0.599362	0.00118703
4.67	0.593542	-0.000126778
4.675	0.584621	0.00178351
4.68	0.586952	0.00264165
4.685	0.583476	0.000921365
4.69	0.587009	0.00173977
4.695	0.573022	0.00386926
4.7	0.562493	0.00308363
4.705	0.560913	0.00241657
4.71	0.553864	0.00173745
4.715	0.5508	0.00382426
4.72	0.55342	0.00257978
4.725	0.546473	0.000862395
4.73	0.542771	-0.000312726
4.735	0.543343	0.00166952
4.74	0.531061	0.000503047
4.745	0.533246	0.00185243
4.75	0.532562	0.000642247
4.755	0.529831	0.00184447
4.76	0.525738	0.00190773
4.765	0.5207	0.00250514
4.77	0.514078	0.00372122
4.775	0.501725	0.00477066
4.78	0.509416	0.00157814
4.785	0.500607	0.00213957
4.79	0.490981	0.00180462
4.795	0.493876	0.00190126
4.8	0.495015	0.00177946
4.805	0.493786	0.00273597
4.81	0.491747	0.00140014
4.815	0.490804	0.000313787
4.82	0.484326	0.00135868
4.825	0.479982	0.00158822
4.83	0.475754	0.00216896
4.835	0.474927	0.00216437
4.84	0.471469	0.00121081
4.845	0.467859	0.00216462
4.85	0.46411	0.00243328
4.855	0.465532	0.00281774
4.86	0.463859	0.00166872
4.865	0.453274	0.00202418
4.87	0.447936	0.00251981
4.875	0.441795	0.0028359
4.88	0.441631	0.00211341
4.885	0.43575	0.00230372
4.89	0.436074	0.00205484
4.895	0.434965	0.00229857
4.9	0.427366	0.00267288
4.905	0.423361	0.00243746
4.91	0.42331	0.00226912
4.915	0.419964	0.00382793
4.92	0.414647	0.00286244
4.925	0.414662	0.00300217
4.93	0.411861	0.000924306
4.935	0.408083	0.00208447
4.94	0.403739	0.00205096
4.945	0.402366	0.00195788
4.95	0.397808	0.00213339
4.955	0.395803	0.00247967
4.96	0.391821	5.2428e-06
4.965	0.389163	0.00167702
4.97	0.386643	0.00220741
4.975	0.380965	0.00179185
4.98	0.379307	0.00257231
4.985	0.379507	0.00176547
4.99	0.375021	0.00152097
4.995	0.373876	0.00220925
5	0.370382	0.00258401
5.005	0.366968	0.00218484
5.01	0.363998	0.00215419
5.015	0.360386	0.0017719
5.02	0.357857	0.0019203
5.025	0.354983	0.00201845
5.03	0.351201	0.00162679
5.035	0.347035	0.0016059
5.04	0.347223	0.00227415
5.045	0.342683	0.00219757
5.05	0.339651	0.00253368
5.055	0.339286	0.00224571
5.06	0.33669	0.00226517
5.065	0.33479	0.00292366
5.07	0.331395	0.00277041
5.075	0.327498	0.00199651
5.08	0.32716	0.00146713
5.085	0.322098	0.00258627
5.09	0.323272	0.00337354
5.095	0.320293	0.00345657
5.1	0.31796	0.00202662
5.105	0.310758	0.00149064
5.11	0.310678	0.000913095
5.115	0.309597	0.0018827
5.12	0.305557	0.00214206
5.125	0.304145	0.00147622
5.13	0.301019	0.00200796
5.135	0.300052	0.00219535
5.14	0.29559	0.00164449
5.145	0.294946	0.00230517
5.15	0.291186	0.00161218
5.155	0.292176	0.00169407
5.16	0.288343	0.00142131
5.165	0.286685	0.00234088
5.17	0.282921	0.0022319
5.175	0.277747	0.00156023
5.18	0.275294	0.00157034
5.185	0.272732	0.00254176
5.19	0.268317	0.00254512
5.195	0.26869	0.00268619
5.2	0.267087	0.00273324
5.205	0.263464	0.00207778
5.21	0.264185	0.00246376
5.215	0.26056	0.00329445
5.22	0.257777	0.00288939
5.225	0.257368	0.00181519
5.23	0.250251	0.00167866
5.235	0.253075	0.00291291
5.24	0.256864	0.00253153
5.245	0.254228	0.0029461
5.25	0.247807	0.00252089
5.255	0.246065	0.00166689
5.26	0.250101	0.00125701
5.265	0.243013	0.00146653
5.27	0.24021	0.000824501
5.275	0.236144	0.00243468
5.28	0.234642	0.00253174
5.285	0.234368	0.00339579
5.29	0.232681	0.00240541
5.295	0.230385	0.00326611
5.3	0.22979	0.0035404
5.305	0.229153	0.00378092
5.31	0.226911	0.00211814
5.315	0.227188	0.00249175
5.32	0.222422	0.00158098
5.325	0.223169	0.00213247
5.33	0.223459	0.00152803
5.335	0.22001	0.00203434
5.34	0.216943	0.00180967
5.345	0.209688	0.00212543
5.35	0.210144	0.00253408
5.355	0.207703	0.002597
5.36	0.208355	0.00316056
5.365	0.207248	0.00313419
5.37	0.203417	0.00139803
5.375	0.205725	0.00255586
5.38	0.206582	0.00279423
5.385	0.20375	0.00219149
5.39	0.204634	0.00199239
5.395	0.202426	0.00109186
5.4	0.198725	0.00179631
5.405	0.196091	0.00335922
5.41	0.197131	0.0029139
5.415	0.19532	0.00348803
5.42	0.194497	0.00402162
5.425	0.19474	0.00210481
5.43	0.19338	0.00216853
5.435	0.19188	0.00252732
5.44	0.193037	0.00144957
5.445	0.18979	0.00232177
5.45	0.185968	0.00190977
5.455	0.182579	0.00238828
5.46	0.181608	0.0024565
5.465	0.179612	0.00285184
5.47	0.181312	0.00265078
5.475	0.181771	0.00297824
5.48	0.181918	0.00372307
5.485	0.181928	0.00132985
5.49	0.182037	0.000841797
5.495	0.178676	0.00236171
5.5	0.175713	0.00277738
5.505	0.176454	0.00350551
5.51	0.178185	0.00341729
5.515	0.174905	0.00326825
5.52	0.176332	0.00260544
5.525	0.174983	0.00229683
5.53	0.175026	0.00164146
5.535	0.175231	0.00147547
5.54	0.168803	0.00216836
5.545	0.167028	0.00299192
5.55	0.165144	0.00314913
5.555	0.165413	0.0023262
5.56	0.170494	0.00313979
5.565	0.167938	0.0031397
5.57	0.171013	0.00138332
5.575	0.169442	0.00195621
5.58	0.165951	0.00321179
5.585	0.165083	0.00310584
5.59	0.168034	0.00325595
5.595	0.164763	0.00338645
5.6	0.167401	0.0025102
5.605	0.168561	0.00121134
5.61	0.165246	0.00262876
5.615	0.162652	0.00216601
5.62	0.160252	0.00264493
5.625	0.157813	0.00319419
5.63	0.16031	0.00262516
5.635	0.165306	0.00295922
5.64	0.163251	0.00236767
5.645	0.164726	0.0015357
5.65	0.162738	0.00191953
5.655	0.160561	0.00312691
5.66	0.16299	0.00391345
5.665	0.162334	0.00318713
5.67	0.164056	0.00304463
5.675	0.166791	0.0018118
5.68	0.16393	0.00198818
5.685	0.159444	0.00222669
5.69	0.157871	0.00246977
5.695	0.156712	0.00297136
5.7	0.158874	0.00272648
5.705	0.160653	0.0033783
5.71	0.164095	0.0013825
5.715	0.164119	0.0013123
5.72	0.160414	0.00282229
5.725	0.162013	0.00329833
5.73	0.162771	0.00333965
5.735	0.164721	0.00357692
5.74	0.167861	0.00202363
5.745	0.165793	0.00216623
5.75	0.159839	0.00160171
5.755	0.158394	0.00359258
5.76	0.160779	0.00244231
5.765	0.162892	0.00310986
5.77	0.164734	0.00235311
5.775	0.166266	0.00133306
5.78	0.165938	0.0027073
5.785	0.162137	0.00288048
5.79	0.167872	0.00413937
5.795	0.168337	0.00250123
5.8	0.170934	0.00175637
5.805	0.169925	0.00214493
5.81	0.166737	0.00244329
5.815	0.163976	0.00355769
5.82	0.165947	0.00269042
5.825	0.167636	0.0030764
5.83	0.170086	0.00230587
5.835	0.172239	0.0013074
5.84	0.17022	0.00343537
5.845	0.170976	0.00360352
5.85	0.1732	0.00271422
5.855	0.176478	0.0025255
5.86	0.176729	0.00158831
5.865	0.177863	0.00245992
5.87	0.17082	0.00308536
5.875	0.1704	0.00396351
5.88	0.175248	0.00368557
5.885	0.174633	0.00290757
5.89	0.180606	0.00183974
5.895	0.180524	0.00195996
5.9	0.178295	0.00298568
5.905	0.185034	0.00372727
5.91	0.184203	0.00314061
5.915	0.186973	0.00182567
5.92	0.187846	0.00184722
5.925	0.180686	0.00235021
5.93	0.179465	0.00333155
5.935	0.185127	0.00332515
5.94	0.185859	0.00312912
5.945	0.190277	0.00197565
5.95	0.191899	0.00283656
5.955	0.188614	0.00287835
5.96	0.193804	0.00316631
5.965	0.196646	0.002942
5.97	0.199127	0.0016041
5.975	0.198674	0.00179461
5.98	0.194438	0.00276584
5.985	0.192033	0.00279119
5.99	0.196838	0.00341111
5.995	0.200196	0.00226171
6	0.202596	0.00168361
6.005	0.201088	0.00307077
6.01	0.206247	0.00387328
6.015	0.206728	0.00282564
6.02	0.210011	0.0016405
6.025	0.211748	0.00204117
6.03	0.209357	0.00189529
6.035	0.206574	0.00364713
6.04	0.207077	0.00364716
6.045	0.210067	0.0031463
6.05	0.216467	0.00216139
6.055	0.21779	0.0025874
6.06	0.214824	0.00324049
6.065	0.220614	0.00304906
6.07	0.225583	0.00242332
6.075	0.226978	0.00216099
6.08	0.225961	0.00230139
6.085	0.221619	0.0033211
6.09	0.221814	0.00285915
6.095	0.224626	0.0033129
6.1	0.23171	0.00210045
6.105	0.232597	0.00242067
6.11	0.230454	0.00389571
6.115	0.238559	0.00410308
6.12	0.238673	0.00257433
6.125	0.241883	0.00142602
6.13	0.243193	0.00218864
6.135	0.239997	0.00276899
6.14	0.239416	0.00242983
6.145	0.241575	0.00351623
6.15	0.245951	0.0025323
6.155	0.249082	0.0015786
6.16	0.24924	0.00391569
6.165	0.254421	0.00354741
6.17	0.256061	0.00275465
6.175	0.260362	0.00104578
6.18	0.262	0.00183517
6.185	0.257614	0.00309358
6.19	0.256784	0.0026336
6.195	0.259174	0.00353379
6.2	0.263784	0.00249599
6.205	0.267397	0.00176645
6.21	0.266659	0.00387615
6.215	0.2739	0.0037845
6.22	0.275575	0.00241465
6.225	0.279811	0.00178549
6.23	0.280378	0.00208722
6.235	0.277457	0.00309842
6.24	0.27691	0.00265124
6.245	0.277069	0.003206
6.25	0.284632	0.00201969
6.255	0.287365	0.00244729
6.26	0.285879	0.0039432
6.265	0.294796	0.00372298
6.27	0.296198	0.00230297
6.275	0.300247	0.00223016
6.28	0.30066	0.00167317
6.285	0.297577	0.00328389
6.29	0.296977	0.00312676
6.295	0.298257	0.00342099
6.3	0.306316	0.00189995
6.305	0.308544	0.00190608
6.31	0.307229	0.00380268
6.315	0.316858	0.0032964
6.32	0.318401	0.00252559
6.325	0.322157	0.00232097
6.33	0.322942	0.00192445
6.335	0.319072	0.00400981
6.34	0.317237	0.002567
6.345	0.320889	0.00332931
6.35	0.329694	0.00169143
6.355	0.330542	0.00181175
6.36	0.33038	0.00364049
6.365	0.338833	0.00385277
6.37	0.341338	0.00206615
6.375	0.34501	0.00185039
6.38	0.346242	0.00187362
6.385	0.342041	0.00315862
6.39	0.342528	0.00291515
6.395	0.343489	0.00359086
6.4	0.351836	0.00196739
6.405	0.35419	0.00165219
6.41	0.353651	0.00353149
6.415	0.363049	0.00338834
6.42	0.364884	0.00297502
6.425	0.369328	0.00208826
6.43	0.372079	0.00195674
6.435	0.367428	0.00285219
6.44	0.364645	0.00296795
6.445	0.369449	0.00404622
6.45	0.374711	0.00231716
6.455	0.378095	0.00155188
6.46	0.379939	0.00338657
6.465	0.386711	0.00303564
6.47	0.3887	0.00281811
6.475	0.395011	0.00208887
6.48	0.396641	0.00202292
6.485	0.392721	0.00284657
6.49	0.390417	0.00371627
6.495	0.395443	0.00336939
6.5	0.399313	0.00278809
6.505	0.40377	0.00136975
6.51	0.404306	0.00314758
6.515	0.409117	0.00341412
6.52	0.413489	0.00319719
6.525	0.419356	0.00250527
6.53	0.42351	0.00226203
6.535	0.423366	0.00167634
6.54	0.41923	0.0040399
6.545	0.418682	0.00189095
6.55	0.421702	0.00359158
6.555	0.429665	0.00192808
6.56	0.432279	0.00183007
6.565	0.434241	0.00277425
6.57	0.441991	0.00308444
6.575	0.444853	0.00254234
6.58	0.451259	0.00240763
6.585	0.451966	0.00192731
6.59	0.449253	0.00159031
6.595	0.448016	0.00432812
6.6	0.447433	0.00208182
6.605	0.451935	0.00433428
6.61	0.459328	0.00206955
6.615	0.462164	0.00254787
6.62	0.46413	0.00434926
6.625	0.471451	0.00358229
6.63	0.474705	0.00174968
6.635	0.480798	0.0017132
6.64	0.482156	0.00183589
6.645	0.479449	0.00139944
6.65	0.477885	0.00376645
6.655	0.47872	0.00317922
6.66	0.482869	0.00354447
6.665	0.488919	0.00233712
6.67	0.49134	0.0027458
6.675	0.493918	0.00334756
6.68	0.500629	0.00390403
6.685	0.503907	0.00262426
6.69	0.508957	0.00155961
6.695	0.513494	0.00154726
6.7	0.513047	0.00111776
6.705	0.510847	0.00307855
6.71	0.510605	0.00306323
6.715	0.512829	0.00436785
6.72	0.518054	0.00313329
6.725	0.522839	0.00215089
6.73	0.524382	0.00242927
6.735	0.528776	0.00441847
6.74	0.53508	0.00286845
6.745	0.539807	0.00150637
6.75	0.541702	0.00174626
6.755	0.546678	0.00248782
6.76	0.546663	0.00124303
6.765	0.545525	0.00282162
6.77	0.54457	0.00315968
6.775	0.545654	0.00400172
6.78	0.550311	0.00299566
6.785	0.557412	0.00128586
6.79	0.559653	0.00172588
6.795	0.561299	0.00242698
6.8	0.56678	0.00265156
6.805	0.571018	0.00236745
6.81	0.577604	0.00333373
6.815	0.583344	0.00231366
6.82	0.583846	0.00216502
6.825	0.580635	0.00142987
6.83	0.579842	0.00367952
6.835	0.581525	0.0026718
6.84	0.583897	0.00422241
6.845	0.588274	0.00329599
6.85	0.594156	0.00145541
6.855	0.596637	0.00200934
6.86	0.598658	0.00328006
6.865	0.602145	0.00317987
6.87	0.608841	0.00320816
6.875	0.615117	0.00243367
6.88	0.617453	0.00192531
6.885	0.62073	0.00219191
6.89	0.622871	0.00105878
6.895	0.619237	0.00208939
6.9	0.619095	0.00380686
6.905	0.621022	0.00237621
6.91	0.626078	0.0044952
6.915	0.629162	0.00357755
6.92	0.633296	0.00154337
6.925	0.636294	0.00234448
6.93	0.63652	0.00278155
6.935	0.643885	0.00448961
6.94	0.648878	0.00317139
6.945	0.653076	0.00261953
6.95	0.656597	0.00147804
6.955	0.661804	0.00134611
6.96	0.662374	0.00197222
6.965	0.663167	0.000740058
6.97	0.661991	0.00223826
6.975	0.662406	0.00381486
6.98	0.6645	0.00248035
6.985	0.665528	0.00443031
6.99	0.672981	0.00407168
6.995	0.677004	0.00243813
7	0.681558	0.0015569
7.005	0.678759	0.00246522
7.01	0.682747	0.00334483
7.015	0.689628	0.00349448
7.02	0.692477	0.00334024
7.025	0.696118	0.00168076
7.03	0.703253	0.00171304
7.035	0.705512	0.00245923
7.04	0.710629	0.00181647
7.045	0.709706	0.00171591
7.05	0.708078	0.00139688
7.055	0.710656	0.00253559
7.06	0.710048	0.00342596
7.065	0.714009	0.00341378
7.07	0.714206	0.00192841
7.075	0.720439	0.00439546
7.08	0.723922	0.00355943
7.085	0.726863	0.00175263
7.09	0.731914	0.00131095
7.095	0.730577	0.00292534
7.1	0.733647	0.00294327
7.105	0.738932	0.00283736
7.11	0.74147	0.00309753
7.115	0.743745	0.00248233
7.12	0.749961	0.00338151
7.125	0.757541	0.000526409
7.13	0.758008	0.00238204
7.135	0.761125	0.00211117
7.14	0.764207	0.00175545
7.145	0.763396	0.00230173
7.15	0.764479	0.000651683
7.155	0.763626	0.00269214
7.16	0.766889	0.00350834
7.165	0.77021	0.00348177
7.17	0.770429	0.00275176
7.175	0.772839	0.00168098
7.18	0.774061	0.00482043
7.185	0.782804	0.00386079
7.19	0.786123	0.0040922
7.195	0.786668	0.00197556
7.2	0.793236	0.00114098
7.205	0.792502	0.00140265
7.21	0.79236	0.00294839
7.215	0.797061	0.00322919
7.22	0.802578	0.00311232
7.225	0.805736	0.00346964
7.23	0.80715	0.00421893
7.235	0.806939	0.00313286
7.24	0.813426	0.0024528
7.245	0.817764	0.00120837
7.25	0.821808	0.00209597
7.255	0.823908	0.00114709
7.26	0.826188	0.00160757
7.265	0.829757	0.00185323
7.27	0.834186	0.00192111
7.275	0.832103	0.00296145
7.28	0.833131	0.00232399
7.285	0.835801	0.000621317
7.29	0.837181	0.00193732
7.295	0.837253	0.00220747
7.3	0.841493	0.00329302
7.305	0.843647	0.00406116
7.31	0.845447	0.00273915
7.315	0.85019	0.00370441
7.32	0.851449	0.00238622
7.325	0.85324	0.00281342
7.33	0.854117	0.00181148
7.335	0.857514	0.00275248
7.34	0.861394	0.00492789
7.345	0.866787	0.00426794
7.35	0.868674	0.00409067
7.355	0.871937	0.0025441
7.36	0.870298	0.00287685
7.365	0.871446	0.00283298
7.37	0.879243	0.00181831
7.375	0.883447	0.00144833
7.38	0.885435	0.00149094
7.385	0.88413	0.00206077
7.39	0.884255	0.00254049
7.395	0.886887	0.00275697
7.4	0.891686	0.00269517
7.405	0.892519	0.00360303
7.41	0.893692	0.00339318
7.415	0.898427	0.00281263
7.42	0.902163	0.00288121
7.425	0.905336	0.00279605
7.43	0.905139	0.0035517
7.435	0.908061	0.00317119
7.44	0.911872	0.00206429
7.445	0.913451	0.00206962
7.45	0.915557	0.00319296
7.455	0.920964	0.00312155
7.46	0.919812	0.00267569
7.465	0.923194	0.00295663
7.47	0.925181	0.00306023
7.475	0.928131	0.00261566
7.48	0.932845	0.00346111
7.485	0.933469	0.00330357
7.49	0.935252	0.00295793
7.495	0.93449	0.00304862
7.5	0.936497	0.002098
7.505	0.939681	0.00234882
7.51	0.941831	0.00251593
7.515	0.944544	0.00269934
7.52	0.946993	0.00285596
7.525	0.949869	0.00289658
7.53	0.952245	0.00292474
7.535	0.956624	0.00282898
7.54	0.95662	0.00182378
7.545	0.959211	0.00118255
7.55	0.957752	0.00215325
7.555	0.959814	0.00284365
7.56	0.962433	0.00279106
7.565	0.964727	0.00260975
7.57	0.967096	0.00256366
7.575	0.974124	0.00152039
7.58	0.966919	0.00240371
7.585	0.975568	0.00326122
7.59	0.976403	0.0031909
7.595	0.977684	0.00201902
7.6	0.979678	0.00252957
7.605	0.98456	0.00227681
7.61	0.982121	0.00248425
7.615	0.985568	0.00409541
7.62	0.990753	0.00162759
7.625	0.991546	0.00181651
7.63	0.991258	0.000209832
7.635	0.995049	0.00195394
7.64	0.99622	0.0055461
7.645	0.999044	0.00305878
7.65	1.00228	0.00146601
7.655	0.997877	0.00367854
7.66	1.00265	0.00601077
7.665	1.00037	0.00360686
7.67	1.00844	0.00295201
7.675	1.01313	0.00228068
7.68	1.0076	0.00140017
7.685	1.00998	-0.00038458
7.69	1.01239	0.000759453
7.695	1.01276	0.00275739
7.7	1.01929	0.00224046
7.705	1.02433	0.00451909
7.71	1.02474	0.00219824
7.715	1.02572	0.00187754
7.72	1.02452	0.00218768
7.725	1.02588	0.000338525
7.73	1.0286	0.00331537
7.735	1.03081	0.00245402
7.74	1.03191	0.00416623
7.745	1.03646	0.00281572
7.75	1.03922	0.00204517
7.755	1.0361	0.00308382
7.76	1.03486	0.00334333
7.765	1.03528	0.00283312
7.77	1.0378	0.00431572
7.775	1.03538	0.00334789
7.78	1.03825	0.00574856
7.785	1.04551	0.00517014
7.79	1.04624	0.00232383
7.795	1.04835	0.000253785
7.8	1.05361	0.00332825
7.805	1.04881	0.00244434
7.81	1.05293	0.00120965
7.815	1.0553	0.000528659
7.82	1.05951	0.00165995
7.825	1.05828	0.00418348
7.83	1.05865	0.00538509
7.835	1.0511	0.00361642
7.84	1.06193	0.00352062
7.845	1.05676	-0.000213473
7.85	1.0579	0.00211018
7.855	1.07007	0.00332429
7.86	1.07342	0.00184378
7.865	1.07252	0.00136085
7.87	1.06745	0.00134612
7.875	1.07378	0.00316061
7.88	1.07645	0.00251449
7.885	1.07985	0.00281372
7.89	1.07549	0.00444474
7.895	1.07046	0.00279607
7.9	1.06796	0.00358644
7.905	1.06918	0.00615746
7.91	1.07994	0.00306283
7.915	1.08155	0.00109524
7.92	1.08502	0.00264927
7.925	1.08325	0.00168294
7.93	1.08793	0.00180342
7.935	1.08979	0.00225241
7.94	1.09084	0.00545964
7.945	1.07683	0.00485339
7.95	1.08878	-0.000612477
7.955	1.08216	0.0023633
7.96	1.09158	0.00278735
7.965	1.09943	0.00153683
7.97	1.08716	0.00131949
7.975	1.09851	0.00306803
7.98	1.10262	0.00272909
7.985	1.10092	0.00432447
7.99	1.09369	0.00220406
7.995	1.09091	0.00418152
8	1.09067	0.00555909
8.005	1.1044	0.00455128
8.01	1.09926	-0.00052817
8.015	1.09814	0.000773681
8.02	1.1085	0.00309508
8.025	1.11138	0.0031976
8.03	1.10725	0.0034046
8.035	1.09592	0.00488096
8.04	1.09675	0.00109612
8.045	1.10179	0.00244002
8.05	1.11962	0.00153487
8.055	1.10666	5.36892e-06
8.06	1.11092	0.00415977
8.065	1.12136	0.00379245
8.07	1.11359	0.00338155
8.075	1.10456	0.00577683
8.08	1.10341	0.00605317
8.085	1.11793	0.00488082
8.09	1.11211	0.000912775
8.095	1.11312	0.00152497
8.1	1.11927	0.000644677
8.105	1.11694	0.00435301
8.11	1.10864	0.00430803
8.115	1.11742	0.000231468
8.12	1.10378	0.00413248
8.125	1.12734	0.00141899
8.13	1.11679	0.00183762
8.135	1.12164	0.0037502
8.14	1.13144	0.00249082
8.145	1.11804	0.00294812
8.15	1.11093	0.00508118
8.155	1.11877	0.00608211
8.16	1.12238	0.000227777
8.165	1.11919	0.00160878
8.17	1.13019	0.00214628
8.175	1.12421	0.00623777
8.18	1.11366	0.00404126
8.185	1.1204	0.00105928
8.19	1.11672	0.00330643
8.195	1.13492	0.000645964
8.2	1.12012	0.00365328
8.205	1.13916	0.00225366
8.21	1.13274	0.00399827
8.215	1.11447	0.00379677
8.22	1.11571	0.00311988
8.225	1.12658	0.000204852
8.23	1.12901	0.00223378
8.235	1.13219	0.00244564
8.24	1.12707	0.00623956
8.245	1.11327	0.00580639
8.25	1.12403	0.00291364
8.255	1.12808	0.00200077
8.26	1.13189	0.00107824
8.265	1.12645	0.00447799
8.27	1.13913	0.00172425
8.275	1.12595	0.00359007
8.28	1.11685	0.00586083
8.285	1.13294	0.00615418
8.29	1.12443	0.00182423
8.295	1.12968	0.00272855
8.3	1.12952	0.00421833
8.305	1.12701	0.00518318
8.31	1.11904	-0.000843313
8.315	1.12077	0.00201998
8.32	1.13253	0.00129131
8.325	1.12584	0.0040199
8.33	1.14042	0.00304061
8.335	1.12472	0.00455497
8.34	1.11469	0.007505
8.345	1.12725	0.00314416
8.35	1.12999	0.00248115
8.355	1.1294	0.0016259
8.36	1.1285	0.00549131
8.365	1.11594	0.000769368
8.37	1.11481	0.00263933
8.375	1.13313	0.00179865
8.38	1.11865	0.00298175
8.385	1.13696	0.00225634
8.39	1.12988	0.00310316
8.395	1.11392	0.00753142
8.4	1.12555	0.00473263
8.405	1.11989	0.000890732
8.41	1.12451	0.000572878
8.415	1.1253	0.00427031
8.42	1.10614	0.00275924
8.425	1.11135	0.0051111
8.43	1.13032	-0.000262889
8.435	1.11734	0.00411909
8.44	1.13577	0.000661235
8.445	1.12516	0.00334024
8.45	1.10599	0.00618056
8.455	1.11528	0.00151555
8.46	1.11646	0.00258531
8.465	1.12069	0.00325052
8.47	1.11583	0.00492861
8.475	1.10515	0.00260473
8.48	1.09888	0.00587382
8.485	1.1292	0.0011503
8.49	1.10771	0.00603045
8.495	1.12888	0.00278077
8.5	1.10794	0.00465371
8.505	1.10277	0.00472093
8.51	1.11087	0.000187542
8.515	1.11166	0.00120247
8.52	1.11191	0.00611979
8.525	1.11102	0.00440667
8.53	1.09181	0.0051034
8.535	1.10622	0.00308134
8.54	1.09849	0.00145047
8.545	1.11961	0.00331289
8.55	1.11057	0.00300116
8.555	1.09115	0.00541084
8.56	1.10158	0.00198244
8.565	1.10108	0.0030675
8.57	1.10109	0.0026144
8.575	1.09975	0.00556549
8.58	1.08898	0.00256511
8.585	1.07811	0.00401298
8.59	1.10925	0.00246099
8.595	1.09286	0.00443276
8.6	1.10519	0.00357415
8.605	1.08032	0.00374006
8.61	1.09155	0.00342885
8.615	1.08618	0.000193981
8.62	1.09355	0.00254316
8.625	1.08679	0.00656854
8.63	1.07432	0.00277048
8.635	1.06592	0.00374054
8.64	1.09462	0.000957999
8.645	1.08602	0.00473373
8.65	1.09802	0.00362352
8.655	1.06809	0.00647954
8.66	1.07561	0.00438114
8.665	1.07405	0.000943394
8.67	1.08186	0.00098319
8.675	1.07347	0.00396957
8.68	1.05856	0.00454181
8.685	1.05487	0.00706242
8.69	1.0818	0.00124674
8.695	1.07184	0.00407791
8.7	1.08207	0.00252258
8.705	1.05289	0.00637474
8.71	1.06214	0.00468845
8.715	1.05728	0.00035286
8.72	1.0649	0.00204536
8.725	1.05834	0.00674317
8.73	1.04441	0.00315527
8.735	1.03661	0.00485776
8.74	1.06656	0.00187055
8.745	1.05588	0.00415933
8.75	1.06583	0.00351621
8.755	1.03662	0.00626588
8.76	1.04593	0.00506353
8.765	1.04031	0.00081523
8.77	1.04905	0.00124419
8.775	1.04011	0.00599306
8.78	1.02903	0.00150619
8.785	1.02008	0.00474475
8.79	1.04948	0.00261048
8.795	1.03741	0.00487711
8.8	1.04695	0.00357815
8.805	1.01757	0.00759609
8.81	1.02684	0.0051743
8.815	1.02239	0.00095694
8.82	1.02833	0.00212786
8.825	1.02007	0.00438379
8.83	1.01675	0.000566231
8.835	0.997084	0.00395121
8.84	1.03192	0.00205464
8.845	1.0143	0.00356007
8.85	1.02613	0.00485162
8.855	0.998408	0.00603103
8.86	1.00795	0.00621386
8.865	1.00291	0.000963369
8.87	1.00681	0.00292502
8.875	0.999535	0.00460198
8.88	0.993034	0.00310743
8.885	0.975995	0.0027876
8.89	1.00764	0.00223825
8.895	0.997158	0.00529385
8.9	1.00566	0.0038465
8.905	0.976099	0.00777925
8.91	0.984072	0.00639136
8.915	0.97803	0.00140445
8.92	0.986168	0.000971451
8.925	0.977958	0.00537587
8.93	0.964692	0.00196234
8.935	0.956115	0.00480478
8.94	0.985709	0.00238216
8.945	0.971123	0.00478101
8.95	0.982254	0.00396556
8.955	0.959714	0.0041044
8.96	0.95179	0.00717238
8.965	0.958659	0.00286959
8.97	0.960323	0.000390683
8.975	0.953026	0.00493247
8.98	0.937388	0.0059804
8.985	0.939095	0.00461333
8.99	0.956525	0.000577078
8.995	0.942617	0.00337381
9	0.956649	0.00253872
9.005	0.946845	0.00429556
9.01	0.92405	0.00698142
9.015	0.929863	0.00341632
9.02	0.936314	0.0031706
9.025	0.92563	0.00141278
9.03	0.926186	0.0041688
9.035	0.91529	0.00433394
9.04	0.907113	0.00487549
9.045	0.925968	0.00191234
9.05	0.918994	0.00484327
9.055	0.926793	0.00511694
9.06	0.898043	0.00709571
9.065	0.899878	0.00403418
9.07	0.902943	0.00324335
9.075	0.904248	0.000974301
9.08	0.896356	0.00587506
9.085	0.888693	0.005156
9.09	0.880075	0.00313285
9.095	0.890028	0.00201281
9.1	0.88409	0.00138556
9.105	0.902438	0.00374909
9.11	0.89211	0.00606655
9.115	0.87091	0.00519087
9.12	0.872297	0.00313337
9.125	0.869105	0.0029863
9.13	0.869761	0.00190725
9.135	0.862025	0.00602612
9.14	0.85399	0.00681585
9.145	0.850043	0.00465056
9.15	0.856255	0.00287017
9.155	0.853658	0.00206259
9.16	0.859209	0.00312726
9.165	0.863122	0.00311881
9.17	0.836448	0.00584646
9.175	0.836013	0.00517477
9.18	0.837189	0.00197168
9.185	0.839365	0.00110691
9.19	0.835291	0.00445195
9.195	0.829084	0.00619391
9.2	0.818186	0.00245626
9.205	0.802593	0.00733943
9.21	0.833613	0.00278271
9.215	0.816517	0.00447321
9.22	0.830082	0.00311611
9.225	0.816	0.00357358
9.23	0.801697	0.00874825
9.235	0.800941	0.00334175
9.24	0.798293	0.0026858
9.245	0.79769	0.000956024
9.25	0.794316	0.00497748
9.255	0.787706	0.00543708
9.26	0.780718	0.00233304
9.265	0.765573	0.00776276
9.27	0.792986	0.00218143
9.275	0.777527	0.00496804
9.28	0.790326	0.00322672
9.285	0.778185	0.00565494
9.29	0.761351	0.00562682
9.295	0.758137	0.00447091
9.3	0.758606	0.00142849
9.305	0.760977	0.00148085
9.31	0.755721	0.0018564
9.315	0.752235	0.00643666
9.32	0.73408	0.00634955
9.325	0.740286	0.00412941
9.33	0.736234	0.00327092
9.335	0.748759	0.00309025
9.34	0.736852	0.00467615
9.345	0.748352	0.00438594
9.35	0.732674	0.00528612
9.355	0.720995	0.00535895
9.36	0.714589	0.00468733
9.365	0.718204	0.00167344
9.37	0.714904	0.001373
9.375	0.712591	0.00288716
9.38	0.710802	0.00499955
9.385	0.701527	0.00545919
9.39	0.691746	0.00262038
9.395	0.685326	0.00659752
9.4	0.695561	0.00334425
9.405	0.693348	0.00269611
9.41	0.69341	0.00575161
9.415	0.696705	0.00251233
9.42	0.68426	0.00471653
9.425	0.672917	0.00680697
9.43	0.671184	0.006432
9.435	0.671512	0.00447939
9.44	0.665763	0.000914414
9.445	0.662559	0.00200609
9.45	0.658148	0.00281308
9.455	0.653615	0.00655701
9.46	0.648161	0.00607384
9.465	0.644157	0.00234585
9.47	0.630999	0.00442409
9.475	0.64976	0.00395722
9.48	0.64599	0.00314887
9.485	0.638494	0.00348045
9.49	0.639472	0.00573451
9.495	0.636982	0.00530593
9.5	0.624356	0.00428907
9.505	0.619377	0.00714046
9.51	0.614737	0.00651936
9.515	0.617408	0.00369162
9.52	0.60988	0.000898716
9.525	0.603469	0.0017335
9.53	0.6069	0.00436981
9.535	0.607911	0.00341654
9.54	0.598749	0.00619049
9.545	0.585069	0.0052457
9.55	0.583878	0.00294323
9.555	0.574336	0.00443262
9.56	0.589109	0.00355094
9.565	0.587897	0.00425603
9.57	0.578312	0.00415572
9.575	0.578163	0.00571313
9.58	0.580838	0.00332028
9.585	0.571306	0.00523283
9.59	0.561757	0.004573
9.595	0.555895	0.00483046
9.6	0.549614	0.00616228
9.605	0.554134	0.00491295
9.61	0.549108	0.00217389
9.615	0.545805	0.00342229
9.62	0.538837	0.00301948
9.625	0.540354	0.00270846
9.63	0.542985	0.00415105
9.635	0.532251	0.00473764
9.64	0.526814	0.00488032
9.645	0.519369	0.00548017
9.65	0.514258	0.00366295
9.655	0.510317	0.00462318
9.66	0.517404	0.0048012
9.665	0.517164	0.00265744
9.67	0.513545	0.00308002
9.675	0.506588	0.00535187
9.68	0.506688	0.00340204
9.685	0.504568	0.00443072
9.69	0.507231	0.00422352
9.695	0.493525	0.00574196
9.7	0.484435	0.00472412
9.705	0.483722	0.00450106
9.71	0.477314	0.00424427
9.715	0.473342	0.0058347
9.72	0.477156	0.00633526
9.725	0.470181	0.00304937
9.73	0.465978	0.00172683
9.735	0.466191	0.00340096
9.74	0.455083	0.00278747
9.745	0.457135	0.00396497
9.75	0.457555	0.00303076
9.755	0.455768	0.00405488
9.76	0.450494	0.00448677
9.765	0.445994	0.00487758
9.77	0.439397	0.00545487
9.775	0.428112	0.00622409
9.78	0.435089	0.00273829
9.785	0.427227	0.00490734
9.79	0.418997	0.00451939
9.795	0.420869	0.00440689
9.8	0.422278	0.00371274
9.805	0.420793	0.00513653
9.81	0.419205	0.00301724
9.815	0.418229	0.00454673
9.82	0.414078	0.00330688
9.825	0.40894	0.00365634
9.83	0.404136	0.00404323
9.835	0.40418	0.00413047
9.84	0.399884	0.00364356
9.845	0.397603	0.00353368
9.85	0.39417	0.0045785
9.855	0.395318	0.00461669
9.86	0.393407	0.00433167
9.865	0.384249	0.00461349
9.87	0.378853	0.00458321
9.875	0.373965	0.00512725
9.88	0.372314	0.004184
9.885	0.368469	0.00435009
9.89	0.368153	0.00416799
9.895	0.367319	0.00442372
9.9	0.360013	0.0047751
9.905	0.356469	0.00517623
9.91	0.356382	0.0045635
9.915	0.353083	0.00572706
9.92	0.348918	0.00371558
9.925	0.348901	0.00529845
9.93	0.346489	0.00439751
9.935	0.342657	0.00378024
9.94	0.33842	0.00413759
9.945	0.337141	0.00424572
9.95	0.332444	0.00417462
9.955	0.330952	0.00410364
9.96	0.328008	0.0038201
9.965	0.324964	0.00376985
9.97	0.323053	0.00393641
9.975	0.317499	0.00369938
9.98	0.315866	0.00416481
9.985	0.316618	0.00404292
9.99	0.312157	0.00393296
9.995	0.310734	0.0039327
10	0.307674	0.0043367
