-14.2952
-13.624
-12.9848
-12.376
-11.7961
-11.2439
-10.718
-10.2172
-9.74015
-9.28585
-8.85318
-8.44111
-8.04867
-7.67491
-7.31896
-6.97995
-6.65709
-6.3496
-6.05675
-5.77785
-5.51223
-5.25926
-5.01833
-4.78888
-4.57035
-4.36223
-4.16402
-3.97525
-3.79547
-3.62425
-3.46118
-3.30587
-3.15797
-3.0171
-2.88295
-2.75518
-2.63349
-2.5176
-2.40723
-2.30212
-2.20201
-2.10667
-2.01586
-1.92939
-1.84703
-1.76859
-1.69388
-1.62274
-1.55498
-1.49045
-1.42899
-1.37046
-1.31471
-1.26162
-1.21106
-1.16291
-1.11704
-1.07337
-1.03177
-0.992152
-0.954422
-0.918488
-0.884266
-0.851673
-0.820632
-0.79107
-0.762915
-0.736101
-0.710563
-0.686242
-0.663079
-0.641019
-0.620009
-0.6
-0.58
-0.56
-0.54
-0.52
-0.5
-0.48
-0.46
-0.44
-0.42
-0.4
-0.38
-0.36
-0.34
-0.32
-0.3
-0.28
-0.26
-0.24
-0.22
-0.2
-0.18
-0.16
-0.14
-0.12
-0.1
-0.08
-0.06
-0.04
-0.02
4.19803e-16
0.02
0.04
0.06
0.08
0.1
0.12
0.14
0.16
0.18
0.2
0.22
0.24
0.26
0.28
0.3
0.32
0.34
0.36
0.38
0.4
0.42
0.44
0.46
0.48
0.5
0.52
0.54
0.56
0.58
0.6
0.620009
0.641019
0.663079
0.686242
0.710563
0.736101
0.762915
0.79107
0.820632
0.851673
0.884266
0.918488
0.954422
0.992152
1.03177
1.07337
1.11704
1.16291
1.21106
1.26162
1.31471
1.37046
1.42899
1.49045
1.55498
1.62274
1.69388
1.76859
1.84703
1.92939
2.01586
2.10667
2.20201
2.30212
2.40723
2.5176
2.63349
2.75518
2.88295
3.0171
3.15797
3.30587
3.46118
3.62425
3.79547
3.97525
4.16402
4.36223
4.57035
4.78888
5.01833
5.25926
5.51223
5.77785
6.05675
6.3496
6.65709
6.97995
7.31896
7.67491
8.04867
8.44111
8.85318
9.28585
9.74015
10.2172
10.718
11.2439
11.7961
12.376
12.9848
13.624
14.2952
