-14.6476
-13.9596
-13.3044
-12.6804
-12.0861
-11.52
-10.981
-10.4676
-9.97866
-9.513
-9.06951
-8.64714
-8.24489
-7.86179
-7.49694
-7.14945
-6.81852
-6.50334
-6.20318
-5.9173
-5.64504
-5.38574
-5.13879
-4.90361
-4.67962
-4.46629
-4.26313
-4.06964
-3.88536
-3.70986
-3.54271
-3.38353
-3.23192
-3.08753
-2.95002
-2.81906
-2.69434
-2.57555
-2.46242
-2.35468
-2.25206
-2.15434
-2.06127
-1.97263
-1.88821
-1.80781
-1.73124
-1.65831
-1.58886
-1.52271
-1.45972
-1.39972
-1.34258
-1.28817
-1.23634
-1.18698
-1.13997
-1.09521
-1.05257
-1.01196
-0.973287
-0.936455
-0.901377
-0.86797
-0.836153
-0.805851
-0.776992
-0.749508
-0.723332
-0.698403
-0.67466
-0.652049
-0.630514
-0.610005
-0.59
-0.57
-0.55
-0.53
-0.51
-0.49
-0.47
-0.45
-0.43
-0.41
-0.39
-0.37
-0.35
-0.33
-0.31
-0.29
-0.27
-0.25
-0.23
-0.21
-0.19
-0.17
-0.15
-0.13
-0.11
-0.09
-0.07
-0.05
-0.03
-0.01
0.01
0.03
0.05
0.07
0.09
0.11
0.13
0.15
0.17
0.19
0.21
0.23
0.25
0.27
0.29
0.31
0.33
0.35
0.37
0.39
0.41
0.43
0.45
0.47
0.49
0.51
0.53
0.55
0.57
0.59
0.610005
0.630514
0.652049
0.67466
0.698403
0.723332
0.749508
0.776992
0.805851
0.836153
0.86797
0.901377
0.936455
0.973287
1.01196
1.05257
1.09521
1.13997
1.18698
1.23634
1.28817
1.34258
1.39972
1.45972
1.52271
1.58886
1.65831
1.73124
1.80781
1.88821
1.97263
2.06127
2.15434
2.25206
2.35468
2.46242
2.57555
2.69434
2.81906
2.95002
3.08753
3.23192
3.38353
3.54271
3.70986
3.88536
4.06964
4.26313
4.46629
4.67962
4.90361
5.13879
5.38574
5.64504
5.9173
6.20318
6.50334
6.81852
7.14945
7.49694
7.86179
8.24489
8.64714
9.06951
9.513
9.97866
10.4676
10.981
11.52
12.0861
12.6804
13.3044
13.9596
14.6476
