timestep,Fx,Fy
0.001,12.3497,-0.13151
0.002,9.04266,-0.0693691
0.003,5.75799,-0.0159521
0.004,3.69749,0.000794026
0.005,2.28534,0.0145871
0.006,1.4854,0.00932609
0.007,1.04493,0.00450337
0.008,0.791104,0.00669337
0.009,0.586562,0.00836725
0.01,0.477563,0.00695888
0.011,0.406458,0.00246838
0.012,0.366503,-0.00298606
0.013,0.351825,0.00072023
0.014,0.298503,0.00199575
0.015,0.288461,0.00257077
0.016,0.271899,0.00201186
0.017,0.257557,-0.00417663
0.018,0.265485,-0.000111251
0.019,0.231969,0.00112899
0.02,0.234007,0.00163817
0.021,0.22266,0.00115398
0.022,0.214269,-0.00376663
0.023,0.220982,-0.000218752
0.024,0.196622,0.000386554
0.025,0.198792,0.00204165
0.026,0.18892,0.00149041
0.027,0.185209,-0.0038415
0.028,0.189961,0.000127716
0.029,0.169482,0.000233554
0.03,0.170664,0.00136927
0.031,0.162112,0.00152118
0.032,0.163104,-0.00179951
0.033,0.166339,-0.0010533
0.034,0.151353,-0.000286951
0.035,0.146813,-0.000400444
0.036,0.144041,0.00111143
0.037,0.142979,-0.00120982
0.038,0.142234,-0.000470759
0.039,0.133195,0.00019271
0.04,0.128158,0.00027507
0.041,0.124237,-0.000257515
0.042,0.123756,0.000434921
0.043,0.124335,-0.000755653
0.044,0.117682,-0.0013845
0.045,0.110332,0.000275563
0.046,0.112408,0.000246286
0.047,0.107336,0.00117503
0.048,0.10903,-0.00115955
0.049,0.101969,0.000372752
0.05,0.0934255,-0.000456108
0.051,0.096942,0.00177322
0.052,0.0917733,0.00224254
0.053,0.0924141,-0.0011395
0.054,0.0921369,2.23489E-005
0.055,0.0794759,-0.00042156
0.056,0.083786,0.00134265
0.057,0.078546,0.00191235
0.058,0.0780404,-0.00106063
0.059,0.0781556,-0.00112194
0.06,0.0708667,0.000176118
0.061,0.0670624,2.70952E-005
0.062,0.0665761,4.82933E-005
0.063,0.0645752,0.000477181
0.064,0.0625626,-0.000405447
0.065,0.0584042,-0.000958486
0.066,0.0513379,-4.86536E-005
0.067,0.0589284,0.00141534
0.068,0.0511014,0.00195708
0.069,0.0503777,-0.000965765
0.07,0.0507743,-3.38223E-005
0.071,0.0406682,0.000150563
0.072,0.0426567,0.000305017
0.073,0.0401302,0.000833099
0.074,0.0386674,0.000423576
0.075,0.0363624,-0.000461134
0.076,0.0318995,-0.00106501
0.077,0.0246384,0.000194748
0.078,0.0325248,0.00135031
0.079,0.0260824,0.00186482
0.08,0.0227507,-0.000647826
0.081,0.0246676,0.00034369
0.082,0.0166562,0.000398692
0.083,0.0128452,0.000168458
0.084,0.0177836,7.29258E-005
0.085,0.0127771,0.00107486
0.086,0.00956226,-0.000659041
0.087,0.0102456,0.000436324
0.088,0.00180623,0.000383006
0.089,0.00366173,0.000127262
0.09,0.00229027,0.000480229
0.091,-0.000482174,0.000943068
0.092,-0.00352055,-0.000217922
0.093,-0.00440462,0.000548435
0.094,-0.0111222,0.000526045
0.095,-0.00841348,0.000960388
0.096,-0.0107651,0.000395916
0.097,-0.0143564,0.00049802
0.098,-0.0167268,-0.000717633
0.099,-0.0174244,6.54372E-005
0.1,-0.023739,0.000373357
0.101,-0.0220141,-0.000236948
0.102,-0.023114,0.000300485
0.103,-0.0262747,0.00138975
0.104,-0.0316105,-0.000418391
0.105,-0.0306568,0.00014005
0.106,-0.0362856,0.000694197
0.107,-0.0382365,0.000482909
0.108,-0.033823,0.000133916
0.109,-0.0397149,0.001558
0.11,-0.0428549,-0.00047284
0.111,-0.0447169,0.000253762
0.112,-0.0495976,-0.000294974
0.113,-0.0527911,0.000532397
0.114,-0.0476366,0.000999024
0.115,-0.0516689,0.00117734
0.116,-0.0561607,0.000944268
0.117,-0.058268,-9.00253E-005
0.118,-0.0585694,0.000441016
0.119,-0.0642655,0.000494578
0.12,-0.065024,-0.000240862
0.121,-0.0603788,0.000448429
0.122,-0.0660046,0.00174534
0.123,-0.0713591,0.000732701
0.124,-0.0739538,0.000186361
0.125,-0.0753561,0.000206835
0.126,-0.0781327,0.000374728
0.127,-0.0790228,0.000309712
0.128,-0.076022,0.000235776
0.129,-0.0799156,0.00128859
0.13,-0.0852885,0.00072719
0.131,-0.0888075,6.79065E-005
0.132,-0.0896874,-0.000145272
0.133,-0.0937059,0.00030685
0.134,-0.0948184,0.000290845
0.135,-0.0889457,0.000138536
0.136,-0.0947101,0.000969524
0.137,-0.100118,0.00124692
0.138,-0.103995,0.000362948
0.139,-0.103559,0.000321027
0.14,-0.107584,-0.000101451
0.141,-0.11029,0.000723266
0.142,-0.106796,0.000710292
0.143,-0.107033,0.000194865
0.144,-0.110737,0.00106197
0.145,-0.116922,0.000373205
0.146,-0.12032,9.89159E-005
0.147,-0.119902,0.0002823
0.148,-0.12394,3.22647E-005
0.149,-0.125423,0.000848462
0.15,-0.124115,0.000941678
0.151,-0.121798,0.00030705
0.152,-0.127143,0.000540476
0.153,-0.131943,0.00076915
0.154,-0.135783,0.000251797
0.155,-0.135246,0.00020072
0.156,-0.138831,0.000600762
0.157,-0.14152,0.000625789
0.158,-0.141041,0.00134415
0.159,-0.139227,0.000227638
0.16,-0.141127,0.000140266
0.161,-0.145164,0.000893104
0.162,-0.150135,0.000988806
0.163,-0.153551,0.000642563
0.164,-0.1539,0.000361397
0.165,-0.155851,0.00023803
0.166,-0.15852,0.000266918
0.167,-0.158705,0.000933902
0.168,-0.158324,0.00052844
0.169,-0.156988,0.000253334
0.17,-0.160864,0.000664487
0.171,-0.164999,0.00104573
0.172,-0.170019,0.00110778
0.173,-0.171938,0.000480891
0.174,-0.172372,0.000162703
0.175,-0.174501,-0.00036523
0.176,-0.176532,0.000401096
0.177,-0.177542,0.000443681
0.178,-0.176342,0.00106065
0.179,-0.177172,0.000585664
0.18,-0.178119,0.000148401
0.181,-0.181656,0.000927806
0.182,-0.185997,0.00118451
0.183,-0.189539,0.00102874
0.184,-0.19192,0.000979555
0.185,-0.192827,0.000213299
0.186,-0.193158,-2.2057E-006
0.187,-0.195972,0.000059249
0.188,-0.197438,0.000244101
0.189,-0.197878,0.000574103
0.19,-0.197043,0.000965349
0.191,-0.199189,0.000564764
0.192,-0.199026,0.000638812
0.193,-0.201872,0.000268569
0.194,-0.20496,0.000582154
0.195,-0.208461,0.000833265
0.196,-0.210935,0.000946542
0.197,-0.214032,0.000883173
0.198,-0.213528,0.000738084
0.199,-0.215547,0.000382211
0.2,-0.216705,0.000234888
0.201,-0.218515,0.000125895
0.202,-0.219661,0.000604525
0.203,-0.221365,0.000582772
0.204,-0.221158,0.000898523
0.205,-0.2215,0.00113137
0.206,-0.224345,0.000567212
0.207,-0.224311,0.000543648
0.208,-0.224874,0.000152759
0.209,-0.228036,0.00107113
0.21,-0.230363,0.00129636
0.211,-0.232901,0.000745358
0.212,-0.236276,0.000946852
0.213,-0.23748,0.00111751
0.214,-0.239223,0.00102633
0.215,-0.241723,0.000895488
0.216,-0.241524,0.00121844
0.217,-0.242779,0.000476911
0.218,-0.242833,-0.000310592
0.219,-0.244891,0.000310166
0.22,-0.24635,3.12652E-005
0.221,-0.248125,9.27701E-005
0.222,-0.248778,0.000822137
0.223,-0.250581,0.00032964
0.224,-0.250337,0.000227127
0.225,-0.25081,-4.56653E-005
0.226,-0.252218,0.00050449
0.227,-0.252431,0.00109764
0.228,-0.254443,0.00108747
0.229,-0.257487,0.000837916
0.23,-0.256903,0.00106419
0.231,-0.257305,0.000848756
0.232,-0.260021,0.000473407
0.233,-0.260149,0.000384293
0.234,-0.262983,0.000136282
0.235,-0.264537,0.000586322
0.236,-0.266646,0.000731495
0.237,-0.267174,0.00121229
0.238,-0.26876,0.00107136
0.239,-0.269366,0.000881542
0.24,-0.271671,0.000225531
0.241,-0.272854,0.000688669
0.242,-0.273987,0.000200716
0.243,-0.274996,0.000449203
0.244,-0.27638,0.000555738
0.245,-0.277309,0.000935032
0.246,-0.278158,0.000704885
0.247,-0.279461,0.000741293
0.248,-0.280809,0.000528381
0.249,-0.281509,0.000880329
0.25,-0.282268,0.000829714
0.251,-0.283126,0.000901922
0.252,-0.284202,0.000769024
0.253,-0.285134,0.000692854
0.254,-0.286373,0.000543113
0.255,-0.287033,0.000688983
0.256,-0.288245,0.000462063
0.257,-0.28902,0.00072067
0.258,-0.288818,0.00052251
0.259,-0.290365,0.000698927
0.26,-0.291226,0.000446863
0.261,-0.292144,0.00042633
0.262,-0.293405,0.00035039
0.263,-0.293623,0.000741046
0.264,-0.294597,0.000696824
0.265,-0.294988,0.00145364
0.266,-0.295767,0.00107742
0.267,-0.297186,0.00108898
0.268,-0.298196,0.000362984
0.269,-0.298571,0.000110135
0.27,-0.298517,-0.000223682
0.271,-0.298442,0.000734282
0.272,-0.300721,0.000814114
0.273,-0.299843,0.00152002
0.274,-0.301839,0.00116374
0.275,-0.303962,0.000543742
0.276,-0.302213,0.000957929
0.277,-0.302315,0.000426534
0.278,-0.304692,-0.00036361
0.279,-0.305057,-0.000281251
0.28,-0.306478,0.000619264
0.281,-0.308368,0.00120569
0.282,-0.307495,0.00158498
0.283,-0.309412,0.000336616
0.284,-0.309521,0.000736554
0.285,-0.310034,0.00159728
0.286,-0.310503,0.000722788
0.287,-0.312549,0.00176026
0.288,-0.313613,0.00253073
0.289,-0.313852,0.0011754
0.29,-0.313492,0.000708482
0.291,-0.312662,0.000740843
0.292,-0.31433,0.000100689
0.293,-0.313087,0.00012583
0.294,-0.311687,0.00114677
0.295,-0.314263,0.000692795
0.296,-0.312504,-0.000770418
0.297,-0.314068,0.000020477
0.298,-0.313865,0.000642885
0.299,-0.313365,0.00108374
0.3,-0.314589,0.00013829
0.301,-0.316132,0.000242321
0.302,-0.315935,0.000395166
0.303,-0.317506,-0.000931493
0.304,-0.319032,0.00110608
0.305,-0.319156,0.00140509
0.306,-0.319237,0.00189775
0.307,-0.322318,0.00151918
0.308,-0.319511,0.000702522
0.309,-0.320695,0.000140654
0.31,-0.318944,0.000385793
0.311,-0.319104,0.000788183
0.312,-0.315976,0.00119427
0.313,-0.31781,0.000785218
0.314,-0.317833,0.000887213
0.315,-0.318875,0.000225052
0.316,-0.320193,0.000373883
0.317,-0.320727,-0.000401709
0.318,-0.322176,0.00125324
0.319,-0.324721,0.00167725
0.32,-0.323513,0.00228605
0.321,-0.322877,0.00107201
0.322,-0.32313,0.000659906
0.323,-0.320951,0.00124084
0.324,-0.318689,0.000182218
0.325,-0.317874,0.00162426
0.326,-0.319005,0.000864298
0.327,-0.319763,-0.000562054
0.328,-0.320944,0.000161004
0.329,-0.322391,-0.000516304
0.33,-0.32299,0.00051429
0.331,-0.324791,0.00203712
0.332,-0.324494,0.00155832
0.333,-0.324523,0.00113396
0.334,-0.321459,0.00178929
0.335,-0.317418,-2.12359E-006
0.336,-0.319509,0.000701581
0.337,-0.318345,0.000581393
0.338,-0.320313,0.000595387
0.339,-0.32086,0.000311085
0.34,-0.32393,0.00130597
0.341,-0.323926,0.00326531
0.342,-0.323539,0.00128394
0.343,-0.323523,-0.000174832
0.344,-0.319916,-0.000270318
0.345,-0.315761,0.00135454
0.346,-0.318566,0.00109432
0.347,-0.316583,0.00118105
0.348,-0.317576,-0.00125863
0.349,-0.321496,3.84809E-005
0.35,-0.322033,0.00228621
0.351,-0.322362,0.000336024
0.352,-0.318697,-0.000993338
0.353,-0.320192,-5.94904E-005
0.354,-0.315516,0.00176792
0.355,-0.316795,0.000602095
0.356,-0.312785,0.00117343
0.357,-0.318258,0.000428661
0.358,-0.321136,0.00200697
0.359,-0.319648,0.0010915
0.36,-0.320095,-0.000693604
0.361,-0.317213,0.000133761
0.362,-0.311686,0.00157918
0.363,-0.314916,0.000908071
0.364,-0.310689,0.000680783
0.365,-0.314491,0.000960651
0.366,-0.316542,0.00279832
0.367,-0.319062,0.000872981
0.368,-0.315328,0.000422438
0.369,-0.313043,0.000556761
0.37,-0.310001,0.000898388
0.371,-0.308386,0.000106498
0.372,-0.308953,-0.000684089
0.373,-0.314738,0.00196413
0.374,-0.314741,0.00258513
0.375,-0.314809,0.000507329
0.376,-0.310538,-0.000281176
0.377,-0.30626,0.000888927
0.378,-0.307891,-0.000349395
0.379,-0.304014,-0.00129321
0.38,-0.310454,0.00184382
0.381,-0.312323,0.00283556
0.382,-0.310714,0.00103517
0.383,-0.306336,0.000468008
0.384,-0.303032,0.000797625
0.385,-0.301213,0.000402916
0.386,-0.300945,-0.000579271
0.387,-0.308509,0.00169471
0.388,-0.30739,0.00113385
0.389,-0.302999,0.000722826
0.39,-0.29833,0.000791277
0.391,-0.29843,0.00150467
0.392,-0.294315,0.000434202
0.393,-0.299289,-0.000302469
0.394,-0.302778,0.00209957
0.395,-0.30507,0.000327774
0.396,-0.299324,0.000967336
0.397,-0.292869,0.00106994
0.398,-0.294066,0.000220933
0.399,-0.291104,-0.00086848
0.4,-0.300134,0.00188736
0.401,-0.299714,0.00164055
0.402,-0.294836,0.00252095
0.403,-0.287658,0.00132672
0.404,-0.29096,-9.87115E-005
0.405,-0.285433,-0.001727
0.406,-0.295057,0.00135313
0.407,-0.294242,0.00130799
0.408,-0.289508,0.00216034
0.409,-0.28389,0.000421494
0.41,-0.286031,3.18385E-005
0.411,-0.281677,-0.00190679
0.412,-0.289366,0.00224599
0.413,-0.289707,0.00256968
0.414,-0.284916,0.00234392
0.415,-0.277821,0.000660034
0.416,-0.282216,-0.000130184
0.417,-0.276685,-0.00103632
0.418,-0.285973,0.000890064
0.419,-0.285112,0.0018499
0.42,-0.279941,0.00188146
0.421,-0.27288,0.00131344
0.422,-0.275112,0.000353114
0.423,-0.2716,-0.000669725
0.424,-0.276985,0.00184192
0.425,-0.279531,0.000995166
0.426,-0.270629,-0.000406657
0.427,-0.270102,0.00103573
0.428,-0.266652,0.0001799
0.429,-0.270457,0.000508474
0.43,-0.273065,0.00112464
0.431,-0.268812,0.00193932
0.432,-0.262504,0.000994367
0.433,-0.266591,-0.000841426
0.434,-0.260831,-0.00070685
0.435,-0.264719,0.00247934
0.436,-0.269431,0.000513876
0.437,-0.262782,-0.000450881
0.438,-0.25703,0.00148426
0.439,-0.255109,0.000357839
0.44,-0.258776,0.000898925
0.441,-0.260034,0.00145066
0.442,-0.257349,0.00136447
0.443,-0.249385,0.00117496
0.444,-0.254002,0.000125054
0.445,-0.250076,-0.00014376
0.446,-0.253703,0.00181695
0.447,-0.256216,0.000125169
0.448,-0.244721,0.000861629
0.449,-0.248127,-0.000627901
0.45,-0.242594,-0.000883356
0.451,-0.249199,0.00250406
0.452,-0.247782,0.0023132
0.453,-0.243838,-0.000569344
0.454,-0.238466,0.00069879
0.455,-0.237329,-0.000150947
0.456,-0.24052,0.000187347
0.457,-0.239571,0.00125562
0.458,-0.238106,0.00133668
0.459,-0.23187,0.00034468
0.46,-0.235814,0.00109147
0.461,-0.232829,-0.000100492
0.462,-0.234882,0.00194543
0.463,-0.231617,0.00152816
0.464,-0.223601,0.000584602
0.465,-0.229703,-0.000367614
0.466,-0.224417,-0.00138545
0.467,-0.227385,0.00192407
0.468,-0.224103,-0.000491233
0.469,-0.216507,0.0015779
0.47,-0.22344,7.97351E-005
0.471,-0.216864,-0.000368493
0.472,-0.219469,0.00265035
0.473,-0.223056,0.000207175
0.474,-0.208996,0.000350723
0.475,-0.21725,-0.000422916
0.476,-0.209687,-0.00102126
0.477,-0.211569,0.00222041
0.478,-0.214844,0.000386129
0.479,-0.201813,0.00101119
0.48,-0.209046,-4.05398E-005
0.481,-0.202143,-0.00069945
0.482,-0.204431,0.00242561
0.483,-0.206655,0.000699921
0.484,-0.195428,0.00107352
0.485,-0.202497,-0.000255405
0.486,-0.195068,-0.0011299
0.487,-0.19556,0.00196105
0.488,-0.199903,0.000958452
0.489,-0.186853,0.00123996
0.49,-0.195138,-0.000803479
0.491,-0.188245,-0.000755785
0.492,-0.189841,0.0022555
0.493,-0.19105,0.000809406
0.494,-0.17948,0.000279073
0.495,-0.186176,-0.000684368
0.496,-0.180979,-0.000570041
0.497,-0.181477,0.0016791
0.498,-0.1828,0.00131863
0.499,-0.172497,0.000888068
0.5,-0.178788,0.000248033
0.501,-0.172947,-0.000555651
0.502,-0.173124,0.00153426
0.503,-0.174689,0.000540193
0.504,-0.163751,0.000392277
0.505,-0.17043,-0.000248949
0.506,-0.165341,-0.000905586
0.507,-0.165058,0.00186839
0.508,-0.166051,0.000796704
0.509,-0.156284,0.000654466
0.51,-0.16231,-0.000097811
0.511,-0.157082,-0.000862456
0.512,-0.156465,0.00143441
0.513,-0.157478,0.000633645
0.514,-0.147467,0.000517329
0.515,-0.153138,-0.000255683
0.516,-0.148458,-0.00174852
0.517,-0.148629,0.00236346
0.518,-0.148425,0.00102849
0.519,-0.140866,0.000638073
0.52,-0.143677,-0.000199281
0.521,-0.140237,-0.00153392
0.522,-0.139745,0.00192074
0.523,-0.139431,0.000740031
0.524,-0.133002,0.000245452
0.525,-0.134396,-1.41066E-005
0.526,-0.131961,-0.00146064
0.527,-0.132499,0.00225897
0.528,-0.129581,0.000292468
0.529,-0.123878,-0.000658691
0.53,-0.124431,-0.000132193
0.531,-0.124327,-0.000825085
0.532,-0.123443,0.00210611
0.533,-0.119845,0.00101972
0.534,-0.117578,-0.000523067
0.535,-0.114038,0.000837085
0.536,-0.114831,-0.000249742
0.537,-0.11242,0.000491008
0.538,-0.109773,0.000433074
0.539,-0.107169,-0.000219686
0.54,-0.10261,0.000014426
0.541,-0.106412,0.000428672
0.542,-0.104533,0.000551234
0.543,-0.0992533,0.000654489
0.544,-0.0981746,0.000821615
0.545,-0.0924341,0.000104761
0.546,-0.100986,-0.000401529
0.547,-0.0934128,-0.00101567
0.548,-0.0870498,0.000872609
0.549,-0.089043,-0.000563913
0.55,-0.0827874,0.000776135
0.551,-0.089239,-0.000307076
0.552,-0.0841023,-0.00116566
0.553,-0.0789981,0.00113462
0.554,-0.0826126,0.000180273
0.555,-0.0727628,0.000424218
0.556,-0.0792462,-0.000716736
0.557,-0.0740943,-0.00124012
0.558,-0.0745204,0.00110082
0.559,-0.0688184,0.00109591
0.56,-0.0667804,-0.000549264
0.561,-0.0631758,-9.56782E-005
0.562,-0.0659447,-2.50235E-005
0.563,-0.0623686,7.38414E-005
0.564,-0.056415,0.000356036
0.565,-0.0568083,0.000748913
0.566,-0.0513623,-8.73202E-005
0.567,-0.0602506,-0.000351065
0.568,-0.0526937,-0.00119675
0.569,-0.0481827,0.000851273
0.57,-0.0492781,-0.0001282
0.571,-0.0435998,-0.000557023
0.572,-0.044913,0.000561409
0.573,-0.0443857,-0.000418222
0.574,-0.0400046,-0.000253146
0.575,-0.0354443,0.000344063
0.576,-0.0336023,0.000471919
0.577,-0.0288863,-0.000110997
0.578,-0.0376857,-0.000488559
0.579,-0.0316012,-0.00137567
0.58,-0.0252261,0.000604494
0.581,-0.0254219,0.000535777
0.582,-0.0222439,-0.000609928
0.583,-0.0185307,-0.000206166
0.584,-0.0243267,0.000158536
0.585,-0.0193055,-0.000597361
0.586,-0.0122014,0.00100688
0.587,-0.0146012,-0.000368187
0.588,-0.00801687,-0.00112232
0.589,-0.0105912,0.000345746
0.59,-0.0100521,-0.000365592
0.591,-0.0053986,-0.000569838
0.592,-0.000314574,0.000439904
0.593,-0.00174372,-0.000350975
0.594,0.00364806,-0.00101992
0.595,0.00140554,-0.000460011
0.596,0.00259078,-0.00129166
0.597,0.00792902,-0.000732244
0.598,0.0121319,0.000699559
0.599,0.0103604,-0.000310659
0.6,0.0160007,-0.000414674
0.601,0.0126887,0.000307637
0.602,0.014733,-0.00088765
0.603,0.0199422,-0.000864304
0.604,0.026126,0.000591754
0.605,0.0228382,-0.00023295
0.606,0.0276682,-0.00059901
0.607,0.0286388,-0.000433865
0.608,0.025504,0.000267797
0.609,0.0317959,-0.00165222
0.61,0.0373788,0.000287262
0.611,0.0376955,-0.000132964
0.612,0.0403757,-3.06258E-005
0.613,0.0435381,-0.000394178
0.614,0.0377811,-0.000474178
0.615,0.0430823,-0.000837931
0.616,0.0484861,-0.000968022
0.617,0.0522326,-4.11242E-005
0.618,0.050747,-0.000190166
0.619,0.0552158,-0.000651362
0.62,0.0548842,-0.000103583
0.621,0.0512954,-0.000130678
0.622,0.0574579,-0.00141698
0.623,0.0641778,-0.000352956
0.624,0.0676356,-0.00017508
0.625,0.0661166,-0.000473624
0.626,0.0678517,-0.000875394
0.627,0.0690838,-0.000167812
0.628,0.0668345,-9.59454E-005
0.629,0.0712588,-0.00138843
0.63,0.0781759,-0.000476742
0.631,0.0817291,-0.000126929
0.632,0.0808418,-0.000377658
0.633,0.0836777,-0.00099549
0.634,0.0847131,-0.000438455
0.635,0.0796345,-0.000350285
0.636,0.0860784,-0.000750659
0.637,0.0928263,-0.000822618
0.638,0.0973357,-0.000496478
0.639,0.0958062,-0.000090109
0.64,0.0989602,-0.000150476
0.641,0.100584,-0.000978674
0.642,0.0964293,-0.000386183
0.643,0.0975159,-0.000106831
0.644,0.102318,-0.00148168
0.645,0.109795,-0.00100505
0.646,0.114295,-0.000606998
0.647,0.111525,-0.000200374
0.648,0.114908,-0.00039591
0.649,0.115388,-0.000665346
0.65,0.113512,-0.000704309
0.651,0.112645,-0.000176017
0.652,0.118301,-0.000822618
0.653,0.124916,-0.00129125
0.654,0.129683,-0.000685429
0.655,0.127942,-7.66343E-005
0.656,0.130553,-0.000908846
0.657,0.132611,-0.000795255
0.658,0.13108,-0.0014989
0.659,0.12917,-7.72457E-005
0.66,0.131745,-0.000306824
0.661,0.136865,-0.00120175
0.662,0.143141,-0.00141345
0.663,0.14665,-0.000975608
0.664,0.146231,-0.0005393
0.665,0.147214,-0.000488927
0.666,0.149252,-0.000295761
0.667,0.150081,-0.000671057
0.668,0.149157,-0.000625028
0.669,0.147724,-0.000628503
0.67,0.152348,-0.000914669
0.671,0.157808,-0.00152983
0.672,0.163536,-0.00137397
0.673,0.165652,-0.00111266
0.674,0.165798,-0.000751258
0.675,0.166391,-0.000463782
0.676,0.167341,-0.000976861
0.677,0.168655,-0.000835057
0.678,0.167308,-0.000903655
0.679,0.167575,-0.000235325
0.68,0.169201,-6.11109E-005
0.681,0.173896,-0.00115469
0.682,0.179073,-0.00148324
0.683,0.183466,-0.00157388
0.684,0.18607,-0.00151365
0.685,0.185909,-0.000847753
0.686,0.186469,-0.000645942
0.687,0.18786,-0.000812508
0.688,0.188136,-0.000829169
0.689,0.189006,-0.000587105
0.69,0.188411,-0.00116241
0.691,0.189584,-0.000374214
0.692,0.190936,-0.000460781
0.693,0.194261,-0.000649581
0.694,0.197511,-0.000690231
0.695,0.202387,-0.00131726
0.696,0.205184,-0.00165423
0.697,0.209185,-0.00133326
0.698,0.207889,-0.0012266
0.699,0.208894,-0.000837902
0.7,0.209891,-0.000451047
0.701,0.210787,-0.000537819
0.702,0.211035,-0.000833022
0.703,0.212713,-0.00103269
0.704,0.211618,-0.00128055
0.705,0.212596,-0.0014667
0.706,0.215938,-0.000999335
0.707,0.216058,-0.000337524
0.708,0.217816,-0.0001477
0.709,0.221801,-0.00137731
0.71,0.223289,-0.00135676
0.711,0.227018,-0.000967634
0.712,0.230402,-0.00122323
0.713,0.23149,-0.00133828
0.714,0.233914,-0.00109465
0.715,0.236139,-0.00146194
0.716,0.235675,-0.00192841
0.717,0.236901,-0.00140917
0.718,0.236395,-0.000271427
0.719,0.238585,-0.000837979
0.72,0.238727,-0.00068403
0.721,0.240549,-0.000595591
0.722,0.240776,-0.00162517
0.723,0.243723,-0.000928828
0.724,0.242823,-0.00101486
0.725,0.243687,-0.000938206
0.726,0.245199,-0.00132535
0.727,0.246007,-0.00160153
0.728,0.247553,-0.00130022
0.729,0.249954,-0.00116258
0.73,0.249653,-0.00102434
0.731,0.25055,-0.000685898
0.732,0.253867,-1.26991E-005
0.733,0.253606,-6.17095E-007
0.734,0.257394,-0.000261442
0.735,0.258693,-0.000747357
0.736,0.260798,-0.0012298
0.737,0.261721,-0.00183126
0.738,0.263007,-0.00128362
0.739,0.26421,-0.00145133
0.74,0.266444,-0.000894266
0.741,0.267901,-0.00115914
0.742,0.269076,-0.000937543
0.743,0.270365,-0.00108961
0.744,0.271539,-0.00119882
0.745,0.272734,-0.00175044
0.746,0.273733,-0.00133661
0.747,0.274928,-0.00157786
0.748,0.276061,-0.00110415
0.749,0.276609,-0.00126445
0.75,0.277618,-0.00138649
0.751,0.278651,-0.00130643
0.752,0.27981,-0.00109691
0.753,0.280306,-0.00118749
0.754,0.281232,-0.00110617
0.755,0.282275,-0.00112425
0.756,0.28297,-0.000995176
0.757,0.283213,-0.00120474
0.758,0.28402,-0.000816196
0.759,0.284954,-0.00115869
0.76,0.285929,-0.000217182
0.761,0.286396,-0.000638862
0.762,0.287901,-0.000899328
0.763,0.288244,-0.00112244
0.764,0.289223,-0.0012385
0.765,0.289702,-0.00135267
0.766,0.291475,-0.00146955
0.767,0.293206,-0.00138591
0.768,0.293345,-0.000700138
0.769,0.29331,-0.000417272
0.77,0.293703,-0.000166597
0.771,0.293627,-0.0010586
0.772,0.296615,-0.00133568
0.773,0.29539,-0.00202877
0.774,0.298025,-0.00252019
0.775,0.300739,-0.00235063
0.776,0.299696,-0.00208309
0.777,0.299782,-0.00186699
0.778,0.301665,-0.00104741
0.779,0.302638,-0.000422999
0.78,0.303142,-0.000955144
0.781,0.305652,-0.00124788
0.782,0.305379,-0.00195735
0.783,0.306758,-0.000473951
0.784,0.306678,-0.00105935
0.785,0.308564,-0.000908574
0.786,0.308452,-0.000947573
0.787,0.310273,-0.00217262
0.788,0.311192,-0.00294164
0.789,0.311576,-0.000485589
0.79,0.311591,-0.000446557
0.791,0.309811,-0.000961701
0.792,0.311412,-0.000585646
0.793,0.31038,-0.00022563
0.794,0.307916,-0.00164859
0.795,0.311589,-0.00154015
0.796,0.309221,0.000159295
0.797,0.31063,-0.00100114
0.798,0.312422,-0.00200226
0.799,0.312038,-0.00237967
0.8,0.312236,-0.000880335
0.801,0.316977,-0.000994355
0.802,0.316515,-0.000754655
0.803,0.318179,0.000215398
0.804,0.321453,-0.00127485
0.805,0.319607,-0.00201614
0.806,0.319109,-0.00223059
0.807,0.324594,-0.00214188
0.808,0.319819,-0.00158867
0.809,0.319259,-0.000676742
0.81,0.314634,-1.89943E-005
0.811,0.317594,-0.00115786
0.812,0.313658,-0.00133605
0.813,0.317002,-0.00116519
0.814,0.319019,-0.00202497
0.815,0.320065,-0.000734632
0.816,0.321484,-0.00219325
0.817,0.322944,-0.00086478
0.818,0.325914,-0.00198249
0.819,0.327077,-0.00196061
0.82,0.325759,-0.0027993
0.821,0.325734,-0.0012095
0.822,0.325381,-0.000779154
0.823,0.319599,-0.000344074
0.824,0.318998,0.00109045
0.825,0.317659,-0.00125756
0.826,0.322833,-0.00110121
0.827,0.323808,-0.000672854
0.828,0.324889,-0.00208423
0.829,0.326906,-0.000977884
0.83,0.327977,-0.00182342
0.831,0.32877,-0.00321662
0.832,0.328873,-0.00169838
0.833,0.328769,-0.000811685
0.834,0.322443,-0.000399817
0.835,0.319354,0.000535617
0.836,0.323712,-0.000672758
0.837,0.324777,0.000630145
0.838,0.324098,-0.000390865
0.839,0.326303,-0.000646169
0.84,0.328786,-0.00267038
0.841,0.330516,-0.00436402
0.842,0.33147,-0.00232946
0.843,0.330135,0.000410225
0.844,0.324221,-0.000549803
0.845,0.320027,-0.00095997
0.846,0.325634,-0.00144834
0.847,0.326562,-0.00145052
0.848,0.327592,0.00133787
0.849,0.33149,-2.04628E-005
0.85,0.330814,-0.00262559
0.851,0.331611,-0.00178929
0.852,0.325433,-0.000653093
0.853,0.325012,-0.000129935
0.854,0.321609,-0.00241855
0.855,0.326862,-0.00035938
0.856,0.323317,-0.000410486
0.857,0.330897,-0.00118364
0.858,0.334155,-0.00199324
0.859,0.330937,-0.00192137
0.86,0.330941,-0.000271609
0.861,0.32388,-0.000891611
0.862,0.319891,-0.00250875
0.863,0.327533,-0.000350991
0.864,0.322797,-0.000292001
0.865,0.3291,-0.00138577
0.866,0.329724,-0.00336734
0.867,0.332575,-0.00172533
0.868,0.326294,-0.000360497
0.869,0.323009,-0.000307184
0.87,0.322268,-0.00123975
0.871,0.32238,-0.00145006
0.872,0.324377,0.000875042
0.873,0.330648,-0.00114003
0.874,0.330973,-0.00141194
0.875,0.331482,-0.000374071
0.876,0.325351,-0.00046214
0.877,0.319362,-0.0021855
0.878,0.32521,-0.00155276
0.879,0.322089,0.000648805
0.88,0.329975,-0.00118696
0.881,0.329806,-0.00193168
0.882,0.329182,2.97365E-005
0.883,0.322377,-0.000822741
0.884,0.318825,-0.00166162
0.885,0.319314,-0.00182206
0.886,0.321932,-0.000458815
0.887,0.329589,-0.00118656
0.888,0.328655,-0.00168414
0.889,0.322097,0.000101707
0.89,0.31413,-0.00144816
0.891,0.319125,-0.000684758
0.892,0.314454,-0.000748162
0.893,0.322295,-0.00138928
0.894,0.325305,-0.00330288
0.895,0.327861,-0.00130493
0.896,0.319458,-0.000364307
0.897,0.313185,-0.00131131
0.898,0.318164,-0.000199978
0.899,0.315651,0.000597876
0.9,0.324054,-0.00163286
0.901,0.324073,-0.00168071
0.902,0.318177,-0.00166746
0.903,0.308964,-0.000573669
0.904,0.317325,-0.000103448
0.905,0.31277,0.000504379
0.906,0.321061,-0.00185686
0.907,0.321135,-0.00184353
0.908,0.315173,-0.0020456
0.909,0.306679,-0.000276123
0.91,0.314412,-4.99822E-007
0.911,0.308363,0.00249832
0.912,0.316809,-0.0013514
0.913,0.316888,-0.00217734
0.914,0.312527,-0.00229745
0.915,0.303342,-0.00118369
0.916,0.311344,0.000816149
0.917,0.305537,0.000547887
0.918,0.316045,-0.0010272
0.919,0.315134,-0.00210441
0.92,0.308879,-0.00187689
0.921,0.300238,-0.000943193
0.922,0.306995,0.000079356
0.923,0.302447,0.0013685
0.924,0.307665,-0.00196229
0.925,0.312049,-0.000955355
0.926,0.300343,3.29009E-005
0.927,0.300531,-0.00122635
0.928,0.296487,-0.000754495
0.929,0.302417,-0.000555076
0.93,0.306015,-0.00105945
0.931,0.300473,-0.00228154
0.932,0.291859,-0.00083049
0.933,0.299594,0.000255513
0.934,0.292945,0.00111775
0.935,0.297423,-0.00257849
0.936,0.304933,-0.000308603
0.937,0.295912,-0.000175737
0.938,0.288456,-0.00116181
0.939,0.287752,-0.000505388
0.94,0.293394,0.000130496
0.941,0.292899,-0.00105516
0.942,0.290927,-0.00246951
0.943,0.280866,-0.00137073
0.944,0.289064,0.00113386
0.945,0.284128,0.00146325
0.946,0.2877,-0.00155919
0.947,0.292358,-0.000217763
0.948,0.277478,-0.00149797
0.949,0.282585,0.000783454
0.95,0.2772,0.00140768
0.951,0.284117,-0.00215705
0.952,0.28178,-0.00252665
0.953,0.277968,-0.00047637
0.954,0.271594,-0.00133068
0.955,0.271769,0.000580713
0.956,0.275928,-0.00043686
0.957,0.275021,-0.00178332
0.958,0.274132,-0.00138049
0.959,0.263501,0.000503649
0.96,0.269261,-0.000323245
0.961,0.267079,0.000873978
0.962,0.267321,-0.00178758
0.963,0.266623,-0.00251003
0.964,0.257575,-0.00133431
0.965,0.265218,0.000362079
0.966,0.259257,0.001656
0.967,0.262274,-0.00161888
0.968,0.25792,-0.000161708
0.969,0.248609,-0.00164324
0.97,0.258272,0.000792037
0.971,0.250817,0.000907011
0.972,0.251769,-0.00230527
0.973,0.25648,-7.88104E-005
0.974,0.241477,-0.000357722
0.975,0.251379,0.000527021
0.976,0.242766,0.000827588
0.977,0.244936,-0.00185074
0.978,0.247838,-0.000508524
0.979,0.233637,-0.000743469
0.98,0.243081,0.000425478
0.981,0.233964,0.000518921
0.982,0.236203,-0.00251455
0.983,0.238532,-0.000565895
0.984,0.226932,-0.00057659
0.985,0.234314,0.000627387
0.986,0.225874,0.000667205
0.987,0.227973,-0.00205269
0.988,0.229978,-0.000978632
0.989,0.217509,-0.000431852
0.99,0.225493,0.000870207
0.991,0.217128,0.000660221
0.992,0.219787,-0.00208439
0.993,0.219813,-0.00119184
0.994,0.208984,0.000174034
0.995,0.215867,0.000864337
0.996,0.209638,0.000398425
0.997,0.210437,-0.00162153
0.998,0.210529,-0.000892775
0.999,0.199852,0.000138287
1,0.207274,0.00123764
