timestep,Fx,Fy
0.001,0.197365,0.000541706
0.002,0.198452,-0.00217759
0.003,0.198191,-0.00105384
0.004,0.187582,-0.000364524
0.005,0.195171,0.000766245
0.006,0.187927,0.000494542
0.007,0.188113,-0.00197551
0.008,0.187811,-0.000492513
0.009,0.177572,0.00024467
0.01,0.18549,0.00100369
0.011,0.178046,0.000745965
0.012,0.177711,-0.00201643
0.013,0.177002,-0.000840053
0.014,0.167607,0.000397447
0.015,0.174031,0.000399385
0.016,0.166375,0.0011697
0.017,0.167572,-0.00169942
0.018,0.166446,-0.000579911
0.019,0.159977,9.58254E-005
0.02,0.161634,0.00063237
0.021,0.157898,0.00104707
0.022,0.156816,-0.0021648
0.023,0.154866,-0.000217336
0.024,0.149101,7.15981E-005
0.025,0.150852,0.000635063
0.026,0.146241,0.000867803
0.027,0.14814,-0.00213341
0.028,0.143192,-5.72774E-007
0.029,0.140125,0.000889329
0.03,0.137953,0.000159941
0.031,0.136381,0.000883735
0.032,0.135399,-0.00067674
0.033,0.13149,-0.000975701
0.034,0.13048,0.000110998
0.035,0.127214,-0.00101689
0.036,0.126062,0.000437486
0.037,0.123444,-0.000448767
0.038,0.119916,-0.000686308
0.039,0.118182,0.000362215
0.04,0.114158,-0.00010842
0.041,0.114626,-0.000127513
0.042,0.112615,0.000539449
0.043,0.107494,-0.000644096
0.044,0.106721,-0.00111373
0.045,0.102065,-1.10073E-005
0.046,0.108016,-6.43437E-005
0.047,0.10051,0.00115435
0.048,0.093976,-0.000956827
0.049,0.0953613,0.000955561
0.05,0.0905659,-0.000160873
0.051,0.0949965,0.00057749
0.052,0.0889454,0.00191781
0.053,0.0829398,-0.00093022
0.054,0.0868609,5.65234E-005
0.055,0.0780808,-0.000371429
0.056,0.0834758,0.000476637
0.057,0.0775564,0.0013222
0.058,0.0760747,-0.000602953
0.059,0.071449,-0.000686341
0.06,0.0701104,9.16811E-007
0.061,0.0673494,-0.000201815
0.062,0.0675915,6.43501E-005
0.063,0.0639361,0.000354959
0.064,0.0571669,-0.000240982
0.065,0.0582481,-0.000612278
0.066,0.0536897,0.000234075
0.067,0.0611269,0.000592823
0.068,0.0522863,0.00122879
0.069,0.0473518,-0.000408498
0.07,0.0481722,-2.20125E-005
0.071,0.0439667,0.000161744
0.072,0.0448528,-0.000488271
0.073,0.0427362,0.000522449
0.074,0.038255,0.000568051
0.075,0.0334158,-0.000321603
0.076,0.0322081,-0.000888286
0.077,0.0282797,0.000368644
0.078,0.0352049,0.000675851
0.079,0.028066,0.00144689
0.08,0.0215911,-0.000386837
0.081,0.0216274,0.000326645
0.082,0.0190332,0.000407613
0.083,0.0167704,0.000219405
0.084,0.0208632,-5.25111E-005
0.085,0.0135183,0.00101428
0.086,0.00714992,-0.000518476
0.087,0.00940548,0.000152822
0.088,0.00427005,0.000570777
0.089,0.00715184,-0.000395599
0.09,0.00529586,0.000209199
0.091,-0.00126383,0.00108934
0.092,-0.00662495,-0.000217747
0.093,-0.00402008,0.000305758
0.094,-0.00813103,0.000340883
0.095,-0.00627045,0.000527485
0.096,-0.00851365,0.000289915
0.097,-0.0153503,0.000496563
0.098,-0.0202733,-0.000492248
0.099,-0.0177455,0.000196111
0.1,-0.0216054,0.000508539
0.101,-0.0195517,-0.000635325
0.102,-0.0211692,0.000263603
0.103,-0.0273512,0.00121612
0.104,-0.0352158,-0.000148511
0.105,-0.0315445,9.73013E-005
0.106,-0.0355883,0.000386649
0.107,-0.0358213,0.000387481
0.108,-0.0332323,6.23237E-006
0.109,-0.0404177,0.00114921
0.11,-0.0457184,-0.000163414
0.111,-0.0472872,0.000219315
0.112,-0.0495528,-0.000212499
0.113,-0.0510004,0.000438879
0.114,-0.0467008,0.000522785
0.115,-0.0520353,0.000424732
0.116,-0.0578254,0.00110405
0.117,-0.0623589,0.000126249
0.118,-0.0608762,0.000682728
0.119,-0.0640419,0.000258253
0.12,-0.0636156,-0.000347986
0.121,-0.0606424,0.000157032
0.122,-0.0672418,0.00137074
0.123,-0.0746556,0.000609998
0.124,-0.0778698,0.000184974
0.125,-0.0763338,-5.94452E-005
0.126,-0.0786597,0.000555871
0.127,-0.0780147,8.62472E-005
0.128,-0.0766284,-2.73092E-005
0.129,-0.0818849,0.0012118
0.13,-0.089346,0.000779447
0.131,-0.0930297,0.000128154
0.132,-0.0919828,0.000126776
0.133,-0.0943638,0.000263805
0.134,-0.0941115,0.000170531
0.135,-0.0898151,-0.000108603
0.136,-0.0965641,0.000616391
0.137,-0.103529,0.00110491
0.138,-0.108133,0.000503194
0.139,-0.107614,0.000193606
0.14,-0.109415,0.000129552
0.141,-0.110624,0.000589439
0.142,-0.107278,0.000384685
0.143,-0.108177,-2.43556E-005
0.144,-0.113445,0.000720208
0.145,-0.121542,0.000493007
0.146,-0.125159,0.000205801
0.147,-0.123795,0.00027844
0.148,-0.125911,0.000318243
0.149,-0.126048,0.000875961
0.15,-0.124527,0.00065999
0.151,-0.123545,-1.97884E-005
0.152,-0.129845,0.000237373
0.153,-0.136065,0.000692118
0.154,-0.140876,0.000544114
0.155,-0.139439,8.32718E-005
0.156,-0.142048,0.000566445
0.157,-0.14377,0.000517822
0.158,-0.141371,0.00127537
0.159,-0.140612,1.40932E-005
0.16,-0.143209,4.05398E-005
0.161,-0.148771,0.000714479
0.162,-0.154641,0.00105505
0.163,-0.158748,0.000745758
0.164,-0.158724,0.0002932
0.165,-0.159133,0.000158834
0.166,-0.161022,0.000113482
0.167,-0.159927,0.000763274
0.168,-0.15906,0.000464132
0.169,-0.15876,3.40614E-006
0.17,-0.16369,0.000503973
0.171,-0.169372,0.000901511
0.172,-0.174993,0.000945684
0.173,-0.177407,0.00057595
0.174,-0.177048,9.01971E-005
0.175,-0.178083,-0.000225163
0.176,-0.178879,0.000378495
0.177,-0.179235,0.000362235
0.178,-0.177197,0.00114404
0.179,-0.178693,0.00043358
0.18,-0.1805,9.26582E-005
0.181,-0.18505,0.000659389
0.182,-0.190535,0.00108506
0.183,-0.194723,0.000764742
0.184,-0.197525,0.00087431
0.185,-0.197682,0.00032727
0.186,-0.197451,-9.09462E-005
0.187,-0.198843,4.35226E-006
0.188,-0.199519,0.000343525
0.189,-0.199134,0.000313655
0.19,-0.19811,0.00110829
0.191,-0.200958,0.000448504
0.192,-0.201012,0.00034937
0.193,-0.205404,0.000185008
0.194,-0.208514,0.000332128
0.195,-0.213268,0.00073654
0.196,-0.215752,0.000914497
0.197,-0.219807,0.000724298
0.198,-0.218425,0.000721819
0.199,-0.220138,0.000554815
0.2,-0.22056,6.60047E-005
0.201,-0.221048,6.00362E-005
0.202,-0.221598,0.000571051
0.203,-0.2231,0.000349851
0.204,-0.222647,0.000829767
0.205,-0.222641,0.00130185
0.206,-0.225916,0.000754008
0.207,-0.226433,0.000242976
0.208,-0.233884,0.00047692
0.209,-0.225184,1.72012E-005
0.21,-0.234182,0.00119181
0.211,-0.237496,0.000753042
0.212,-0.240751,0.00104797
0.213,-0.242329,0.00129303
0.214,-0.244563,0.000889326
0.215,-0.246585,0.000907048
0.216,-0.245544,0.00144764
0.217,-0.246873,0.000385164
0.218,-0.24654,-0.000684208
0.219,-0.248028,0.000208233
0.22,-0.248482,-9.28736E-005
0.221,-0.25001,5.99197E-005
0.222,-0.250255,0.000791907
0.223,-0.253353,0.000288248
0.224,-0.25206,0.000194658
0.225,-0.252501,-0.000251671
0.226,-0.254419,0.000478921
0.227,-0.253675,0.00115958
0.228,-0.256303,0.00108005
0.229,-0.259635,0.000939191
0.23,-0.259626,0.000873567
0.231,-0.259906,0.000602571
0.232,-0.262975,0.000358927
0.233,-0.262737,0.000468194
0.234,-0.266464,1.88206E-005
0.235,-0.268064,0.00052509
0.236,-0.27024,0.000701849
0.237,-0.270347,0.00108025
0.238,-0.27233,0.00091754
0.239,-0.27288,0.000746139
0.24,-0.275223,7.40315E-005
0.241,-0.276502,0.000260771
0.242,-0.277782,0.000180014
0.243,-0.278821,0.000440548
0.244,-0.2802,0.000535456
0.245,-0.281148,0.000888194
0.246,-0.281807,0.000777409
0.247,-0.28306,0.000880438
0.248,-0.28454,0.000473775
0.249,-0.28485,0.000884
0.25,-0.28587,0.000933484
0.251,-0.286693,0.000969755
0.252,-0.287492,0.000754843
0.253,-0.288324,0.000730106
0.254,-0.289514,0.000511567
0.255,-0.290191,0.00062799
0.256,-0.29129,0.000172639
0.257,-0.291771,0.000617987
0.258,-0.291918,0.000329885
0.259,-0.292711,0.000573377
0.26,-0.293567,0.000100212
0.261,-0.295205,0.000276461
0.262,-0.295849,0.00017438
0.263,-0.295918,0.000610616
0.264,-0.296777,0.000690347
0.265,-0.297102,0.0016905
0.266,-0.299027,0.00120339
0.267,-0.299718,0.00089756
0.268,-0.301306,0.000257377
0.269,-0.301318,0.000110312
0.27,-0.300846,-0.000234525
0.271,-0.300503,0.000771442
0.272,-0.302745,0.000915094
0.273,-0.302639,0.00112909
0.274,-0.304639,0.00129135
0.275,-0.307383,0.000655192
0.276,-0.305458,0.00123987
0.277,-0.30568,0.000580665
0.278,-0.309563,-0.000484931
0.279,-0.309392,-0.000728885
0.28,-0.311473,0.000381257
0.281,-0.313431,0.0012592
0.282,-0.311805,0.00168334
0.283,-0.313872,0.000111326
0.284,-0.313884,0.000674594
0.285,-0.315206,0.00181207
0.286,-0.315204,0.000623301
0.287,-0.317201,0.0018152
0.288,-0.318159,0.00291337
0.289,-0.318109,0.00109502
0.29,-0.317784,0.000937997
0.291,-0.315522,0.000814057
0.292,-0.317324,4.39807E-005
0.293,-0.315154,-0.00034719
0.294,-0.312861,0.000647838
0.295,-0.316166,0.000566218
0.296,-0.314273,-0.00116872
0.297,-0.316319,1.45745E-005
0.298,-0.316501,0.000982794
0.299,-0.317016,0.0015802
0.3,-0.320244,0.00017777
0.301,-0.322661,-6.11379E-006
0.302,-0.321803,3.16167E-005
0.303,-0.322915,-0.00101768
0.304,-0.325311,0.00117296
0.305,-0.32505,0.00136155
0.306,-0.323963,0.00211876
0.307,-0.32866,0.00124364
0.308,-0.323487,0.000584561
0.309,-0.324584,0.000120026
0.31,-0.32052,3.61995E-005
0.311,-0.32255,0.000566495
0.312,-0.317036,0.000708798
0.313,-0.321648,0.00106862
0.314,-0.322614,0.00134199
0.315,-0.325608,0.000387316
0.316,-0.32767,0.00065794
0.317,-0.327978,-0.000911992
0.318,-0.329938,0.000443679
0.319,-0.331453,0.0020558
0.32,-0.330004,0.00266068
0.321,-0.329215,0.00117005
0.322,-0.328791,0.000694208
0.323,-0.32337,0.000766932
0.324,-0.32294,-0.000820393
0.325,-0.32154,0.00137956
0.326,-0.323854,0.00199077
0.327,-0.327828,-0.000197068
0.328,-0.329884,0.000219401
0.329,-0.33166,-0.000935123
0.33,-0.33173,0.00119804
0.331,-0.332181,0.00190296
0.332,-0.332302,0.0016083
0.333,-0.330901,0.00121923
0.334,-0.325864,0.0011947
0.335,-0.321128,-0.00093256
0.336,-0.325214,0.00120554
0.337,-0.327605,0.00106948
0.338,-0.331669,0.000519842
0.339,-0.330628,-2.38681E-005
0.34,-0.333626,0.00164813
0.341,-0.33262,0.003599
0.342,-0.33254,0.001447
0.343,-0.331317,-0.00106068
0.344,-0.326672,-0.000452272
0.345,-0.321621,0.00120159
0.346,-0.32685,0.00192315
0.347,-0.329198,0.00116451
0.348,-0.32984,-0.00225545
0.349,-0.332815,-0.000267971
0.35,-0.331851,0.00260813
0.351,-0.333239,0.00100287
0.352,-0.328437,-0.00112227
0.353,-0.327213,-0.000493913
0.354,-0.324157,0.00209315
0.355,-0.328932,0.00120728
0.356,-0.325918,0.000944184
0.357,-0.331929,0.000385656
0.358,-0.334818,0.00217701
0.359,-0.332937,0.00123424
0.36,-0.331582,-0.00131677
0.361,-0.326897,-0.000148495
0.362,-0.321651,0.00204166
0.363,-0.328755,0.000888965
0.364,-0.325078,0.0007572
0.365,-0.330747,0.000509041
0.366,-0.329951,0.00342504
0.367,-0.334187,0.00125491
0.368,-0.32756,5.31588E-005
0.369,-0.324391,-7.55216E-005
0.37,-0.323021,0.00108041
0.371,-0.324874,0.000279798
0.372,-0.326533,-0.00105493
0.373,-0.332178,0.00199189
0.374,-0.331928,0.00215949
0.375,-0.331368,0.000350916
0.376,-0.324376,-0.00051937
0.377,-0.320421,0.00119352
0.378,-0.326535,-5.31489E-005
0.379,-0.32347,-0.00187966
0.38,-0.329401,0.00191129
0.381,-0.331791,0.00320013
0.382,-0.32892,0.000936222
0.383,-0.322102,0.000390767
0.384,-0.318825,0.00105489
0.385,-0.321457,0.000611932
0.386,-0.32168,-0.000675373
0.387,-0.329634,0.00175178
0.388,-0.328527,0.00153312
0.389,-0.321583,7.39489E-005
0.39,-0.314775,0.000817138
0.391,-0.318704,0.00123735
0.392,-0.316647,0.000514306
0.393,-0.322382,-0.000436428
0.394,-0.325046,0.00209064
0.395,-0.329412,0.000406031
0.396,-0.319469,0.000684501
0.397,-0.313258,0.00170733
0.398,-0.318006,-7.65817E-005
0.399,-0.31516,-0.00154924
0.4,-0.325136,0.00206848
0.401,-0.324135,0.00208947
0.402,-0.318082,0.00240707
0.403,-0.309227,0.00110455
0.404,-0.316363,0.000411864
0.405,-0.311369,-0.00236223
0.406,-0.321794,0.00181955
0.407,-0.320745,0.00166758
0.408,-0.31455,0.00206283
0.409,-0.306865,0.000625677
0.41,-0.312774,-0.00024775
0.411,-0.309516,-0.00263502
0.412,-0.317993,0.00228009
0.413,-0.317959,0.00319502
0.414,-0.31146,0.00263571
0.415,-0.302835,8.27785E-005
0.416,-0.31123,-0.000208042
0.417,-0.306122,-0.00176033
0.418,-0.31617,0.000968823
0.419,-0.315073,0.00240172
0.42,-0.307865,0.00204068
0.421,-0.299284,0.000624337
0.422,-0.307022,0.00035768
0.423,-0.301312,-0.00092125
0.424,-0.306982,0.00182516
0.425,-0.311956,0.000827749
0.426,-0.298893,-0.000564992
0.427,-0.29953,0.00115885
0.428,-0.297732,-0.000133735
0.429,-0.302255,0.00118057
0.43,-0.304855,0.00177152
0.431,-0.299505,0.00179907
0.432,-0.291795,0.000194198
0.433,-0.299035,-0.000928329
0.434,-0.292917,-0.000959826
0.435,-0.297282,0.0024969
0.436,-0.303033,0.000651836
0.437,-0.293794,-0.0007136
0.438,-0.287762,0.00161116
0.439,-0.288107,0.000436654
0.44,-0.292484,0.00106221
0.441,-0.293651,0.00111614
0.442,-0.289625,0.00167443
0.443,-0.280512,0.000958431
0.444,-0.28759,8.00187E-005
0.445,-0.283335,5.70652E-006
0.446,-0.287459,0.00151096
0.447,-0.290607,-0.000372791
0.448,-0.276036,0.000857507
0.449,-0.281244,-0.000804157
0.45,-0.275923,-0.00113001
0.451,-0.283376,0.00275693
0.452,-0.282435,0.0012094
0.453,-0.275921,-0.000383495
0.454,-0.270927,0.00081957
0.455,-0.270223,2.90851E-005
0.456,-0.274106,-0.000059372
0.457,-0.27324,0.00131057
0.458,-0.271533,0.0020848
0.459,-0.263313,0.000217124
0.46,-0.269643,0.000822793
0.461,-0.265854,-0.000418444
0.462,-0.26799,0.00224123
0.463,-0.26388,0.00180133
0.464,-0.255259,0.000917758
0.465,-0.262506,-0.000817359
0.466,-0.256939,-0.00149479
0.467,-0.259718,0.00167272
0.468,-0.256262,-0.000337187
0.469,-0.247244,0.00150206
0.47,-0.255583,0.000183723
0.471,-0.248181,-0.000558115
0.472,-0.251029,0.00225505
0.473,-0.254884,2.76419E-006
0.474,-0.239062,0.000423724
0.475,-0.248267,-7.65972E-005
0.476,-0.240591,-0.00124889
0.477,-0.242238,0.00183708
0.478,-0.245741,0.000617767
0.479,-0.231063,0.00104222
0.48,-0.239172,2.80668E-005
0.481,-0.231064,-0.000777412
0.482,-0.234136,0.00225291
0.483,-0.235085,0.000825023
0.484,-0.2243,0.00100467
0.485,-0.230776,-0.000469168
0.486,-0.223097,-0.0012988
0.487,-0.224293,0.00195864
0.488,-0.227205,0.000631671
0.489,-0.213817,0.00155039
0.49,-0.222256,-0.000726981
0.491,-0.214171,-0.00104689
0.492,-0.216418,0.00218492
0.493,-0.216515,0.000503009
0.494,-0.205291,0.000772865
0.495,-0.212292,-0.000328699
0.496,-0.205677,-0.000794543
0.497,-0.205959,0.0013139
0.498,-0.205972,0.00128143
0.499,-0.19758,0.00068542
0.5,-0.202386,0.000430746
0.501,-0.195913,-0.000947688
0.502,-0.195784,0.00143895
0.503,-0.196374,0.000666778
0.504,-0.186005,6.95475E-005
0.505,-0.192715,-0.000387336
0.506,-0.186389,-0.000614035
0.507,-0.185306,0.0016777
0.508,-0.186004,0.000720621
0.509,-0.177137,0.000745165
0.51,-0.182728,3.63167E-005
0.511,-0.176049,-0.000979373
0.512,-0.17531,0.00143436
0.513,-0.175163,0.000515389
0.514,-0.166566,0.000570948
0.515,-0.17105,1.06061E-005
0.516,-0.165199,-0.00197278
0.517,-0.165279,0.00208852
0.518,-0.163744,0.00111382
0.519,-0.159124,0.000371258
0.52,-0.158907,-0.000184407
0.521,-0.155241,-0.00144389
0.522,-0.154187,0.00177163
0.523,-0.153147,0.000409384
0.524,-0.147714,0.000355373
0.525,-0.148751,-0.000103417
0.526,-0.144304,-0.00143367
0.527,-0.145084,0.0023218
0.528,-0.140346,1.60473E-005
0.529,-0.137632,-0.000397831
0.53,-0.137003,-0.000067475
0.531,-0.134846,-0.000891161
0.532,-0.133028,0.00123174
0.533,-0.128254,0.00107436
0.534,-0.128109,-0.000380771
0.535,-0.12513,0.00126517
0.536,-0.123841,-0.000277229
0.537,-0.121085,0.000101388
0.538,-0.116737,0.000456059
0.539,-0.115006,-0.000387263
0.54,-0.112273,0.000322922
0.541,-0.113195,0.000140821
0.542,-0.110299,0.000705454
0.543,-0.10475,0.000564244
0.544,-0.104847,0.000471326
0.545,-0.100094,-0.000385845
0.546,-0.105419,6.90231E-005
0.547,-0.0975988,-0.000910685
0.548,-0.0911911,0.000831126
0.549,-0.0931818,-0.00018133
0.55,-0.0876679,0.000518161
0.551,-0.0928107,-0.00033946
0.552,-0.0864235,-0.00144048
0.553,-0.0809928,0.000885609
0.554,-0.0843925,7.86961E-005
0.555,-0.0760353,0.000223526
0.556,-0.0812815,-0.000550833
0.557,-0.075004,-0.00116496
0.558,-0.0741834,0.000954221
0.559,-0.0686646,0.000781904
0.56,-0.0674822,-0.000405294
0.561,-0.0647898,0.000198331
0.562,-0.0650337,0.000162291
0.563,-0.0611258,-0.000213934
0.564,-0.054372,0.000390945
0.565,-0.0557465,0.000673378
0.566,-0.0512159,-0.000122385
0.567,-0.0583651,-0.000113761
0.568,-0.0502445,-0.00133188
0.569,-0.0451477,0.000471937
0.57,-0.045436,-0.000275269
0.571,-0.0413488,-0.000595087
0.572,-0.0419314,0.000666715
0.573,-0.0409042,-0.000402067
0.574,-0.0352822,-0.000378316
0.575,-0.030566,0.000148831
0.576,-0.0294272,0.000249923
0.577,-0.0260308,-0.000147218
0.578,-0.0324634,-3.19022E-005
0.579,-0.0257321,-0.00152428
0.58,-0.0190709,0.000416057
0.581,-0.0189191,0.000196652
0.582,-0.0164924,-0.000507808
0.583,-0.0137306,-8.74663E-005
0.584,-0.0178747,-0.000036961
0.585,-0.0115501,-0.000668546
0.586,-0.0050113,0.000653141
0.587,-0.00691725,-0.000235907
0.588,-0.00155504,-0.000994592
0.589,-0.0041117,0.000316014
0.59,-0.00240022,-0.000419208
0.591,0.00360889,-0.000748112
0.592,0.00883184,0.000301594
0.593,0.00708869,-0.000529838
0.594,0.0106948,-0.000995638
0.595,0.00966992,-0.000217982
0.596,0.0114524,-0.00104171
0.597,0.0177879,-0.000872644
0.598,0.0222735,0.000531453
0.599,0.0205224,-0.000468943
0.6,0.0245653,-0.00038109
0.601,0.0215648,0.000235097
0.602,0.0243514,-0.000685508
0.603,0.0307276,-0.00096802
0.604,0.037063,0.000317476
0.605,0.0340179,-0.000395751
0.606,0.0376415,-0.000578848
0.607,0.0383249,-0.000307892
0.608,0.0362457,9.30375E-005
0.609,0.0433457,-0.00162547
0.61,0.0487118,9.02044E-005
0.611,0.0496529,-0.000327184
0.612,0.051559,1.35555E-005
0.613,0.0537463,-0.000543595
0.614,0.0485994,-0.00058193
0.615,0.0548192,-0.000746096
0.616,0.0606856,-0.00088399
0.617,0.0648923,-0.000117834
0.618,0.0634322,-0.00035353
0.619,0.0664163,-0.000659095
0.62,0.0662431,-0.000144021
0.621,0.06378,-0.000192714
0.622,0.0701681,-0.00129283
0.623,0.0770546,-0.000514478
0.624,0.0803907,-0.0003369
0.625,0.0789894,-0.000499511
0.626,0.0801049,-0.000764332
0.627,0.0809208,-0.000278822
0.628,0.07916,-0.000326543
0.629,0.0848364,-0.00114533
0.63,0.0915154,-0.000608739
0.631,0.0952862,-0.000256223
0.632,0.0940875,-0.00050559
0.633,0.0961669,-0.00086489
0.634,0.0968041,-0.000469263
0.635,0.093007,-0.000410373
0.636,0.0992542,-0.00066582
0.637,0.106349,-0.000992096
0.638,0.110978,-0.000625442
0.639,0.109597,-0.000214042
0.64,0.111773,-0.000157328
0.641,0.112897,-0.00088885
0.642,0.109438,-0.000393013
0.643,0.110861,-0.000236642
0.644,0.116165,-0.00132686
0.645,0.123579,-0.000928584
0.646,0.128311,-0.000687076
0.647,0.125444,-0.000525525
0.648,0.128015,-0.000425539
0.649,0.127946,-0.000725592
0.65,0.126702,-0.000771047
0.651,0.126214,-0.000209435
0.652,0.132059,-0.000863733
0.653,0.138727,-0.00132372
0.654,0.143432,-0.000701989
0.655,0.142198,-0.000276465
0.656,0.144187,-0.000937005
0.657,0.145159,-0.00093269
0.658,0.14391,-0.00139757
0.659,0.142519,-0.000231791
0.66,0.145483,-0.000367989
0.661,0.150759,-0.00106801
0.662,0.156844,-0.00139144
0.663,0.160251,-0.00115747
0.664,0.160365,-0.000511421
0.665,0.160856,-0.000572892
0.666,0.162323,-0.000320781
0.667,0.162725,-0.000722693
0.668,0.16215,-0.000716879
0.669,0.161484,-0.000619387
0.67,0.165684,-0.00106655
0.671,0.171289,-0.00142997
0.672,0.17712,-0.0015627
0.673,0.179115,-0.0011989
0.674,0.179312,-0.000762198
0.675,0.179871,-0.000503891
0.676,0.180195,-0.00111195
0.677,0.181334,-0.00059606
0.678,0.179815,-0.000793068
0.679,0.180489,-0.000395874
0.68,0.182475,-0.000142469
0.681,0.186817,-0.00120454
0.682,0.192374,-0.00154073
0.683,0.196502,-0.00164425
0.684,0.199177,-0.00156741
0.685,0.199262,-0.000869466
0.686,0.199139,-0.000755184
0.687,0.200293,-0.000927311
0.688,0.200863,-0.000779218
0.689,0.201173,-0.000620062
0.69,0.200395,-0.0011351
0.691,0.201984,-0.000482564
0.692,0.203273,-0.000552422
0.693,0.206818,-0.000673756
0.694,0.210104,-0.000727009
0.695,0.214682,-0.00126762
0.696,0.217706,-0.0015859
0.697,0.221528,-0.00135054
0.698,0.220142,-0.00127013
0.699,0.221165,-0.000921045
0.7,0.222276,-0.000460241
0.701,0.222463,-0.000655725
0.702,0.222718,-0.000920595
0.703,0.224192,-0.000941905
0.704,0.223062,-0.00125968
0.705,0.224096,-0.00159752
0.706,0.227838,-0.00103055
0.707,0.227897,-0.00045992
0.708,0.229483,-0.000219915
0.709,0.233181,-0.00113731
0.71,0.235233,-0.00140003
0.711,0.238414,-0.00110989
0.712,0.241754,-0.00125342
0.713,0.242816,-0.00141231
0.714,0.245201,-0.00134614
0.715,0.247606,-0.00138468
0.716,0.246764,-0.00180981
0.717,0.248593,-0.00140961
0.718,0.247465,-0.000417212
0.719,0.249479,-0.000665014
0.72,0.249311,-0.000977341
0.721,0.250913,-0.000678383
0.722,0.251307,-0.00165723
0.723,0.253931,-0.00104225
0.724,0.253408,-0.000881673
0.725,0.254309,-0.000885637
0.726,0.255455,-0.00128123
0.727,0.256181,-0.00157429
0.728,0.257507,-0.00137964
0.729,0.259714,-0.0010442
0.73,0.26007,-0.00102041
0.731,0.260648,-0.0007132
0.732,0.264056,-0.000222936
0.733,0.263901,-0.00041357
0.734,0.26753,-0.000191776
0.735,0.268601,-0.000861969
0.736,0.270643,-0.00123655
0.737,0.271709,-0.00165617
0.738,0.272754,-0.00180208
0.739,0.273795,-0.00160068
0.74,0.275975,-0.000826121
0.741,0.277244,-0.000819637
0.742,0.278549,-0.00106718
0.743,0.279602,-0.00102373
0.744,0.2809,-0.00108726
0.745,0.282028,-0.0018842
0.746,0.282464,-0.00117956
0.747,0.284063,-0.00146254
0.748,0.285106,-0.00123683
0.749,0.285769,-0.00157513
0.75,0.286622,-0.00133391
0.751,0.287218,-0.00132727
0.752,0.287994,-0.00118246
0.753,0.288835,-0.00100925
0.754,0.290064,-0.0010828
0.755,0.290502,-0.00111691
0.756,0.291515,-0.00103199
0.757,0.291555,-0.0012012
0.758,0.292235,-0.000878918
0.759,0.293633,-0.00140691
0.76,0.294069,-0.000426924
0.761,0.294747,-0.000838956
0.762,0.29581,-0.000797463
0.763,0.296148,-0.00118742
0.764,0.296902,-0.000961478
0.765,0.297598,-0.00157039
0.766,0.298864,-0.001504
0.767,0.300313,-0.00108042
0.768,0.300884,-0.000727084
0.769,0.301155,-0.000567838
0.77,0.301292,-0.000693726
0.771,0.300642,-0.00086751
0.772,0.303361,-0.00112121
0.773,0.302739,-0.00228718
0.774,0.305193,-0.00238419
0.775,0.307814,-0.00229938
0.776,0.306306,-0.00212382
0.777,0.306707,-0.00190865
0.778,0.308511,-0.00110015
0.779,0.309428,-0.000464319
0.78,0.310537,-0.00103511
0.781,0.312242,-0.00137379
0.782,0.311398,-0.00173575
0.783,0.313475,-0.000491336
0.784,0.313383,-0.000911976
0.785,0.315222,-0.00141149
0.786,0.315268,-0.00111743
0.787,0.317344,-0.00211486
0.788,0.317751,-0.0025742
0.789,0.318177,-0.000711987
0.79,0.316772,-0.000472377
0.791,0.314295,-0.000406416
0.792,0.317021,-0.000846019
0.793,0.31611,-0.000207329
0.794,0.313496,-0.00146284
0.795,0.316739,-0.00169411
0.796,0.314809,-0.000179736
0.797,0.316359,-0.000920459
0.798,0.317302,-0.00197502
0.799,0.316941,-0.00253942
0.8,0.317713,-0.000650631
0.801,0.322206,-0.000798303
0.802,0.321831,-0.00121764
0.803,0.323904,-3.94008E-005
0.804,0.326106,-0.00132368
0.805,0.325012,-0.00194734
0.806,0.3249,-0.00268426
0.807,0.329356,-0.00192049
0.808,0.323934,-0.00135568
0.809,0.32446,-0.000446069
0.81,0.318672,5.54976E-006
0.811,0.321373,-0.00105962
0.812,0.318711,-0.00160742
0.813,0.320684,-0.00136755
0.814,0.323008,-0.00178808
0.815,0.324866,-0.000927976
0.816,0.325704,-0.00209857
0.817,0.326848,-0.00103281
0.818,0.329895,-0.00198168
0.819,0.330992,-0.0020075
0.82,0.330675,-0.00233041
0.821,0.32849,-0.00124466
0.822,0.328441,-0.000694987
0.823,0.32285,-0.000388783
0.824,0.32214,0.00064659
0.825,0.321585,-0.00108188
0.826,0.325571,-0.00158033
0.827,0.327029,-0.000966042
0.828,0.32856,-0.00231185
0.829,0.33088,-0.000801312
0.83,0.331645,-0.00180828
0.831,0.332055,-0.00307219
0.832,0.332171,-0.00162949
0.833,0.331042,-0.00119698
0.834,0.325537,-0.000134069
0.835,0.321651,0.000490445
0.836,0.326005,-0.000826969
0.837,0.327428,0.000395376
0.838,0.327291,-0.000413671
0.839,0.329184,-0.000517537
0.84,0.331325,-0.00251549
0.841,0.333111,-0.00439616
0.842,0.33382,-0.0020447
0.843,0.33197,0.000181669
0.844,0.326166,-0.00062458
0.845,0.322039,-0.00129038
0.846,0.327691,-0.00159765
0.847,0.328625,-0.00140169
0.848,0.329976,0.00102173
0.849,0.333729,0.000204141
0.85,0.332936,-0.00261312
0.851,0.333406,-0.00161192
0.852,0.327056,-0.000769131
0.853,0.326723,-0.000270813
0.854,0.322559,-0.00268623
0.855,0.328848,-0.000692902
0.856,0.325637,-0.000540666
0.857,0.332529,-0.00101532
0.858,0.335529,-0.00225232
0.859,0.332046,-0.00172407
0.86,0.331498,0.000303638
0.861,0.324855,-0.000934703
0.862,0.320922,-0.0027784
0.863,0.328784,-0.000463634
0.864,0.324343,-0.000292275
0.865,0.330919,-0.00135336
0.866,0.330922,-0.00345942
0.867,0.333499,-0.00172996
0.868,0.326336,-0.000516269
0.869,0.323518,-0.00026056
0.87,0.323662,-0.00131087
0.871,0.323188,-0.00123649
0.872,0.325625,0.000774065
0.873,0.331543,-0.00132369
0.874,0.331375,-0.00180674
0.875,0.33162,-9.75073E-005
0.876,0.324453,-0.000707585
0.877,0.321091,-0.00218193
0.878,0.326407,-0.00149787
0.879,0.322902,0.000390526
0.88,0.330796,-0.00143487
0.881,0.330192,-0.00175435
0.882,0.329152,4.66399E-005
0.883,0.322621,-0.000626077
0.884,0.319036,-0.00206451
0.885,0.320247,-0.00174235
0.886,0.322376,-0.000429835
0.887,0.329841,-0.00153414
0.888,0.328776,-0.00178705
0.889,0.322142,0.000400957
0.89,0.313945,-0.00121796
0.891,0.319569,-0.00111039
0.892,0.315325,-0.000774857
0.893,0.322606,-0.0012021
0.894,0.325182,-0.00316189
0.895,0.327802,-0.000927156
0.896,0.319177,-0.000675981
0.897,0.313134,-0.00119879
0.898,0.318254,-0.000294012
0.899,0.316135,0.000377597
0.9,0.324779,-0.00238978
0.901,0.323543,-0.00166957
0.902,0.317589,-0.00181103
0.903,0.308791,-0.000259632
0.904,0.318459,-0.000313615
0.905,0.312767,0.00051928
0.906,0.321141,-0.00215952
0.907,0.320454,-0.00159741
0.908,0.314713,-0.00197924
0.909,0.30712,0.000105563
0.91,0.314781,-0.000249519
0.911,0.309092,0.00238413
0.912,0.316765,-0.0012879
0.913,0.317187,-0.00216104
0.914,0.312335,-0.0019002
0.915,0.302927,-0.00142694
0.916,0.311383,0.000463906
0.917,0.305633,0.000454788
0.918,0.31562,-0.00156935
0.919,0.314476,-0.00223832
0.92,0.308936,-0.0017844
0.921,0.30024,-0.000738317
0.922,0.307008,-0.000328216
0.923,0.302502,0.00136867
0.924,0.307466,-0.00166811
0.925,0.311917,-0.000844313
0.926,0.300208,0.000031361
0.927,0.300519,-0.00152474
0.928,0.296447,-0.000987489
0.929,0.302684,-0.000438542
0.93,0.305506,-0.000945823
0.931,0.299975,-0.00236427
0.932,0.292507,-0.00164577
0.933,0.299679,0.000610749
0.934,0.29282,0.00139996
0.935,0.297057,-0.00216212
0.936,0.304726,-0.000338569
0.937,0.295365,-0.000191835
0.938,0.288711,-0.00112956
0.939,0.28803,-0.000572307
0.94,0.292952,-0.000346079
0.941,0.292235,-0.00121367
0.942,0.290055,-0.00201407
0.943,0.281723,-0.00124853
0.944,0.289001,0.000882502
0.945,0.283642,0.00162354
0.946,0.287022,-0.00173397
0.947,0.291721,-0.000290005
0.948,0.277039,-0.00194686
0.949,0.282886,0.000638068
0.95,0.276619,0.00183258
0.951,0.283649,-0.00236778
0.952,0.281511,-0.00222673
0.953,0.276919,-0.00038488
0.954,0.271971,-0.00151961
0.955,0.270737,0.000750762
0.956,0.275419,1.40536E-005
0.957,0.274422,-0.00215619
0.958,0.27336,-0.00141852
0.959,0.263575,0.00014313
0.96,0.269192,-0.000365536
0.961,0.266416,0.00124631
0.962,0.265978,-0.00208269
0.963,0.265435,-0.00262253
0.964,0.257007,-0.00118947
0.965,0.264842,0.000279341
0.966,0.25867,0.0016088
0.967,0.261268,-0.00165085
0.968,0.256129,-0.000260519
0.969,0.248671,-0.0015691
0.97,0.256777,0.000604493
0.971,0.249572,0.000992786
0.972,0.251817,-0.00209742
0.973,0.254635,0.000299237
0.974,0.240229,-0.000603418
0.975,0.250191,0.000408779
0.976,0.241435,0.000762244
0.977,0.243709,-0.00209153
0.978,0.245973,-0.000480807
0.979,0.232439,-0.000605789
0.98,0.241705,0.000328916
0.981,0.232114,0.000540509
0.982,0.23486,-0.00194286
0.983,0.236202,-0.00101869
0.984,0.224964,-0.000934349
0.985,0.232573,0.00107884
0.986,0.224271,0.000611703
0.987,0.225871,-0.00198237
0.988,0.227614,-0.00112355
0.989,0.215782,-0.000430544
0.99,0.22343,0.00102989
0.991,0.214912,0.000379448
0.992,0.217498,-0.00186186
0.993,0.216807,-0.00116692
0.994,0.207119,8.20246E-006
0.995,0.213525,0.000978705
0.996,0.206158,0.000392917
0.997,0.207793,-0.00172821
0.998,0.207422,-0.000881638
0.999,0.197099,0.000355839
1,0.204872,0.00108604
