timestep	Fx	Fy
0.005	103.831	-0.076618
0.01	53.9241	-0.00530299
0.015	29.3975	0.0183944
0.02	16.4014	0.0199275
0.025	9.39176	0.012467
0.03	5.57214	0.0118477
0.035	3.46441	0.00872565
0.04	2.28242	0.00570878
0.045	1.60041	0.00341865
0.05	1.20444	0.00133866
0.055	0.968456	-2.07131e-05
0.06	0.820321	-0.000966321
0.065	0.723741	-0.00136608
0.07	0.663816	-0.00130031
0.075	0.61463	-0.00073919
0.08	0.576273	-0.000622339
0.085	0.546214	-0.00047445
0.09	0.523248	-0.000302632
0.095	0.503239	-0.000148897
0.1	0.485398	-7.12933e-05
0.105	0.471931	-0.0362076
0.11	0.472046	-0.0195112
0.115	0.451975	-0.0106404
0.12	0.434274	-0.0059133
0.125	0.423389	0.0181674
0.13	0.409399	-0.0106252
0.135	0.40123	0.0144834
0.14	0.390381	-0.0119019
0.145	0.382104	-0.00705164
0.15	0.37253	-0.00412054
0.155	0.357448	-0.004045
0.16	0.352316	-0.00239158
0.165	0.3457	-0.00140712
0.17	0.339127	-0.000881805
0.175	0.334221	-0.000965744
0.18	0.333522	0.00081209
0.185	0.327495	0.00166648
0.19	0.270556	0.000300955
0.195	0.282775	-0.000256837
0.2	0.287508	-0.00052475
0.205	0.288212	-0.000505305
0.21	0.286478	-0.000403896
0.215	0.283708	0.0151396
0.22	0.279485	-0.00652582
0.225	0.27711	-0.00310134
0.23	0.272931	-0.00168244
0.235	0.259837	0.0131802
0.24	0.260785	-0.00692366
0.245	0.292702	-0.00365316
0.25	0.491227	-0.00257727
0.255	0.363816	-0.000565182
0.26	0.295386	-0.00274242
0.265	0.268208	0.000294439
0.27	0.251346	5.79448e-05
0.275	0.241787	-0.000769355
0.28	0.232084	-0.0012947
0.285	0.226174	-0.00068794
0.29	0.22173	-0.000356549
0.295	0.208716	0.00655414
0.3	-0.234822	0.00495862
0.305	-0.00991095	0.00183066
0.31	0.0959643	-0.000744276
0.315	0.143982	-0.000697501
0.32	0.170629	-0.000431509
0.325	0.182126	-0.00134064
0.33	0.187111	-0.00120835
0.335	0.187207	-0.000798609
0.34	0.188933	0.0037473
0.345	0.19431	-0.0091455
0.35	0.176304	-0.00242461
0.355	-0.0339854	0.00126514
0.36	0.0753489	0.000548424
0.365	0.123315	0.000416981
0.37	0.040218	0.00138932
0.375	0.0813127	0.000437173
0.38	0.0852612	-0.00188309
0.385	0.148873	0.000312018
0.39	0.153181	-0.000176418
0.395	0.157345	0.000238923
0.4	0.156812	0.000358184
0.405	0.153946	0.000896665
0.41	0.159322	-0.000211818
0.415	0.159498	0.00620893
0.42	0.152446	0.0116441
0.425	0.149315	0.00443663
0.43	0.146392	0.00235458
0.435	0.144464	0.0015589
0.44	0.170327	0.000720129
0.445	0.269379	0.000310323
0.45	0.228557	0.000232758
0.455	0.445097	-0.00532859
0.46	0.286723	-0.00210478
0.465	0.199005	-0.00131178
0.47	0.520798	-0.00258629
0.475	0.340624	0.00358583
0.48	0.226022	-0.00277828
0.485	0.159406	-0.00192288
0.49	0.121591	-0.000643051
0.495	0.10118	-0.00112554
0.5	0.0870468	-0.000823517
0.505	0.574831	-0.00078418
0.51	0.365269	-0.021806
0.515	0.22335	-0.0113943
0.52	0.147939	-0.00422538
0.525	0.134869	-0.00310406
0.53	0.0902887	-0.00329436
0.535	0.0249745	-0.00188462
0.54	0.0786821	-0.0016112
0.545	0.0723183	-0.00227389
0.55	0.0694357	-0.00156601
0.555	0.0722396	-0.00101266
0.56	0.0692677	-0.00642925
0.565	0.0680179	-0.00277556
0.57	0.0792897	4.17711e-05
0.575	0.0861712	-0.00169574
0.58	0.105324	0.0302326
0.585	0.0959952	0.014674
0.59	0.09348	0.00672746
0.595	0.10918	0.00296007
0.6	0.116433	0.000849553
0.605	0.111243	0.000135374
0.61	0.107748	-0.00138405
0.615	0.0757818	-0.000817565
0.62	0.0923122	-0.00125055
0.625	0.101404	-0.00133915
0.63	0.109322	-0.000557304
0.635	0.129747	-0.000705506
0.64	0.29366	-0.00120955
0.645	0.224601	-0.0006343
0.65	0.176862	-0.00167943
0.655	0.15061	-0.00247657
0.66	-0.105023	-0.00240262
0.665	0.00777569	-0.00282689
0.67	0.0566077	-0.00268732
0.675	0.0838881	-0.00234867
0.68	0.0991318	0.00159806
0.685	0.11596	-0.0074479
0.69	0.0566179	-0.00183382
0.695	0.0881498	-0.000311639
0.7	0.085004	0.000215049
0.705	0.110609	-0.000915895
0.71	0.147288	0.000689576
0.715	0.140759	0.000946723
0.72	0.134396	0.00127928
0.725	0.139915	0.0051261
0.73	0.130148	0.00894912
0.735	0.13129	0.00356124
0.74	0.149491	0.0013883
0.745	0.229607	0.000797949
0.75	0.418593	-0.00442937
0.755	0.269684	-0.00192622
0.76	0.492908	-0.00266523
0.765	0.320369	0.00222247
0.77	0.214166	0.000863588
0.775	0.154061	0.00107958
0.78	0.11793	-0.00216597
0.785	0.514296	-0.00120638
0.79	0.331314	-0.0190532
0.795	0.213985	-0.00871249
0.8	0.173999	-0.00523119
0.805	0.117588	-0.00407669
0.81	0.13479	-0.00294605
0.815	0.115959	-0.0032077
0.82	0.105282	-0.00223732
0.825	0.0972088	-0.00614428
0.83	0.103779	-0.000648804
0.835	0.111042	-0.00260155
0.84	0.130991	0.0252246
0.845	0.12552	0.0115475
0.85	0.125607	0.00666533
0.855	0.153878	0.00566047
0.86	0.148069	-0.000110802
0.865	0.145643	-0.00156929
0.87	0.120961	0.00184362
0.875	0.138248	0.000615005
0.88	0.168143	-0.000354455
0.885	0.321678	-0.0020366
0.89	0.252928	0.000348172
0.895	0.213696	-0.00203248
0.9	0.190009	-0.00636192
0.905	-0.000442311	-0.00335222
0.91	0.0829008	-0.00308292
0.915	0.12222	-0.00275454
0.92	0.147951	-0.00711178
0.925	0.135545	-0.00182929
0.93	0.151461	6.1437e-05
0.935	0.17348	0.00031543
0.94	0.203644	-0.000512108
0.945	0.215202	0.000890778
0.95	0.203585	0.00169639
0.955	0.206707	0.00475084
0.96	0.196234	0.00792184
0.965	0.193439	0.00311739
0.97	0.209188	0.00100915
0.975	0.294972	0.000834194
0.98	0.445106	-0.00396063
0.985	0.587178	-0.00306553
0.99	0.40214	0.00242605
0.995	0.285594	0.00104508
1	0.222453	0.00113693
1.005	0.189475	-0.0026595
1.01	0.541961	-0.0188683
1.015	0.384657	-0.00827481
1.02	0.293551	-0.00465446
1.025	0.232366	-0.00383705
1.03	0.230983	-0.00293644
1.035	0.204177	-0.00316988
1.04	0.188372	-0.00395022
1.045	0.18115	-0.00530294
1.05	0.186274	-0.000725809
1.055	0.212374	0.0233743
1.06	0.205104	0.0102858
1.065	0.205489	0.0102582
1.07	0.232594	0.00464855
1.075	0.229103	0.00254402
1.08	0.202081	-5.26071e-05
1.085	0.21668	-0.00193055
1.09	0.228617	-0.000389968
1.095	0.253221	-0.000909873
1.1	0.402301	-0.00123678
1.105	0.336836	-0.00196785
1.11	0.29532	-0.00657077
1.115	0.119124	-0.00325458
1.12	0.185971	-0.00339079
1.125	0.217977	-0.00307177
1.13	0.241958	-0.00690689
1.135	0.233991	-0.00189765
1.14	0.246427	-3.83772e-05
1.145	0.295677	-0.000773575
1.15	0.305928	0.000824999
1.155	0.293156	0.00154883
1.16	0.293496	0.00296624
1.165	0.290454	0.00743897
1.17	0.285361	0.00351832
1.175	0.300421	0.00123334
1.18	0.382529	0.00112748
1.185	0.526952	-0.00359699
1.19	0.662831	-0.00284885
1.195	0.486379	0.00230197
1.2	0.375509	0.00171743
1.205	0.316729	0.00034296
1.21	0.647159	-0.00338271
1.215	0.473477	-0.0168948
1.22	0.371405	-0.0081912
1.225	0.375416	-0.00513437
1.23	0.324316	-0.00419466
1.235	0.295612	-0.00381304
1.24	0.285002	-0.00280033
1.245	0.278326	-0.00603133
1.25	0.28504	-0.00128369
1.255	0.313718	0.0221736
1.26	0.30717	0.0101247
1.265	0.307389	0.00370004
1.27	0.333495	0.00662888
1.275	0.331853	-0.000495247
1.28	0.306609	0.00254821
1.285	0.321193	0.000263954
1.29	0.333921	-0.00413577
1.295	0.359808	-0.00303108
1.3	0.503485	0.0015609
1.305	0.440859	-0.000480463
1.31	0.402193	-0.00549557
1.315	0.23166	-0.00308125
1.32	0.297116	-0.00301027
1.325	0.329183	-0.00290921
1.33	0.353416	-0.00667766
1.335	0.339514	-0.00185921
1.34	0.385495	-0.000326449
1.345	0.385544	-0.000511004
1.35	0.403483	0.000891902
1.355	0.397173	0.00148403
1.36	0.404444	0.00392876
1.365	0.396955	0.00728855
1.37	0.394277	0.00269998
1.375	0.410971	0.000711548
1.38	0.688733	-0.00300084
1.385	0.544765	-0.00143302
1.39	0.727772	-0.00230656
1.395	0.574934	0.00200711
1.4	0.477958	0.00148757
1.405	0.426668	0.000145535
1.41	0.761177	-0.00313336
1.415	0.590526	-0.0164952
1.42	0.489562	-0.00784539
1.425	0.491045	-0.00528732
1.43	0.443895	-0.00442048
1.435	0.41648	-0.00397359
1.44	0.406631	-0.00289603
1.445	0.401122	-0.00617701
1.45	0.407341	-0.00125357
1.455	0.437898	-0.00312454
1.46	0.430336	0.0218546
1.465	0.431806	0.0102857
1.47	0.455666	0.00893607
1.475	0.453735	0.00474724
1.48	0.454173	-0.00246258
1.485	0.432806	0.00181019
1.49	0.451141	0.000390008
1.495	0.481661	-0.00388104
1.5	0.622294	5.19911e-05
1.505	0.565062	-0.000595234
1.51	0.530944	-0.0018153
1.515	0.350127	-0.00483342
1.52	0.419351	-0.00365209
1.525	0.451923	-0.00359119
1.53	0.473961	-0.00266064
1.535	0.493148	-0.00648722
1.54	0.461744	-0.00168996
1.545	0.501422	-7.68757e-05
1.55	0.503208	-0.00060198
1.555	0.523322	0.000890242
1.56	0.521072	0.00139591
1.565	0.524275	0.00228691
1.57	0.529833	0.00759653
1.575	0.524654	0.00341457
1.58	0.532559	0.00128237
1.585	0.627245	0.000926555
1.59	0.79476	-0.00376658
1.595	0.660559	-0.00168295
1.6	0.865651	-0.00241674
1.605	0.714342	0.0010882
1.61	0.616872	0.00137529
1.615	0.565703	5.3109e-05
1.62	0.914543	-0.00302507
1.625	0.742565	-0.0169537
1.63	0.635464	-0.00809698
1.635	0.602997	-0.00513789
1.64	0.553606	-0.00425118
1.645	0.577254	-0.00326611
1.65	0.559153	-0.00349228
1.655	0.552579	-0.00252058
1.66	0.547461	-0.00639694
1.665	0.553707	-0.00119829
1.67	0.58706	-0.00317599
1.675	0.578511	0.0235114
1.68	0.579408	0.0112869
1.685	0.593665	0.00771317
1.69	0.598806	0.000900781
1.695	0.602221	0.00228691
1.7	0.576603	0.000547692
1.705	0.593266	-0.00073877
1.71	0.607566	-0.00267874
1.715	0.631855	-0.000298465
1.72	0.783589	-0.0010991
1.725	0.718678	-0.00141309
1.73	0.682857	-0.00216605
1.735	0.66081	-0.00578682
1.74	0.472339	-0.00142687
1.745	0.556932	-0.00268519
1.75	0.599185	-0.00279412
1.755	0.625355	-0.00237659
1.76	0.646838	-0.00708573
1.765	0.595627	-0.00130003
1.77	0.627525	-0.000191868
1.775	0.627929	0.000389157
1.78	0.653659	-0.000965277
1.785	0.6734	0.000715222
1.79	0.674815	0.000560219
1.795	0.673025	0.00161539
1.8	0.682942	0.00864609
1.805	0.678399	0.00371183
1.81	0.67738	0.0017031
1.815	0.702201	0.000471285
1.82	0.79004	0.000715138
1.825	0.977296	-0.00433655
1.83	0.83278	-0.00194513
1.835	1.06128	-0.00270104
1.84	0.895244	0.00257763
1.845	0.788528	-0.00087849
1.85	0.735024	-2.30512e-05
1.855	0.705806	-0.000966582
1.86	0.690996	-0.00192252
1.865	1.09353	-0.0202822
1.87	0.928392	-0.0103737
1.875	0.813399	-0.00410767
1.88	0.78299	-0.00320802
1.885	0.762194	-0.00359833
1.89	0.728143	-0.00268861
1.895	0.714401	-0.0031514
1.9	0.712058	-0.0024803
1.905	0.713887	-0.00200718
1.91	0.716938	-0.00683669
1.915	0.718187	-0.00356344
1.92	0.730618	-0.000627794
1.925	0.742468	-0.00247269
1.93	0.770383	0.0277013
1.935	0.762121	0.0136667
1.94	0.765155	0.00600423
1.945	0.775578	0.00274508
1.95	0.779276	0.000541092
1.955	0.78159	-0.000932818
1.96	0.783051	-0.00102964
1.965	0.787806	-0.000795075
1.97	0.759479	-0.00116144
1.975	0.779557	-0.00208429
1.98	0.794909	-0.000994478
1.985	0.812754	-0.00156783
1.99	0.821046	-0.00107721
1.995	0.990543	-0.0013673
2	0.915187	-0.00184275
2.005	0.875623	-0.00215121
2.01	0.856474	-0.0019942
2.015	0.844281	-0.00320118
2.02	0.622084	-0.00188317
2.025	0.727307	-0.00212286
2.03	0.778361	-0.00201777
2.035	0.808456	-0.00259108
2.04	0.827461	-0.00218309
2.045	0.841683	0.00185841
2.05	0.855003	-0.00844929
2.055	0.773353	-0.00246608
2.06	0.813291	-0.000974598
2.065	0.83526	-0.000341287
2.07	0.830799	0.000180061
2.075	0.825875	-5.5351e-05
2.08	0.839919	-0.00180585
2.085	0.863867	-2.17738e-05
2.09	0.865231	-0.000251097
2.095	0.869263	-0.000416225
2.1	0.869797	0.000565336
2.105	0.87717	0.000247909
2.11	0.888165	0.00323098
2.115	0.883929	0.00939862
2.12	0.881807	0.00329907
2.125	0.8813	0.00140141
2.13	0.884343	0.000584237
2.135	0.88678	0.000229796
2.14	0.920812	-0.000359097
2.145	1.02713	0.000194182
2.15	0.983586	-0.000120238
2.155	1.20866	-0.00561845
2.16	1.06046	-0.00247497
2.165	0.981009	-0.00172591
2.17	1.30996	-0.00304159
2.175	1.14288	-0.000105579
2.18	1.02469	0.00299111
2.185	0.968981	-0.00169759
2.19	0.93989	-0.00220518
2.195	0.926003	-0.00195865
2.2	0.919449	-0.000763511
2.205	0.917865	-0.00099296
2.21	0.914902	-0.00173099
2.215	0.914396	-0.0021184
2.22	0.913168	-0.000329155
2.225	1.41022	-0.00222309
2.23	1.22067	-0.0234919
2.235	1.08278	-0.0139776
2.24	1.01339	-0.00851963
2.245	0.978034	-0.00422563
2.25	0.961174	-0.000409288
2.255	0.951565	-0.00169518
2.26	0.948469	-0.00198477
2.265	0.990055	-0.00189296
2.27	0.987481	-0.00292899
2.275	0.963388	-0.00232406
2.28	0.900142	-0.00177104
2.285	0.923396	-0.00175529
2.29	1.00196	-0.00213032
2.295	0.991036	-0.00179764
2.3	0.984053	-0.00147681
2.305	0.981871	-0.00261985
2.31	0.983403	-0.00228774
2.315	0.986033	-0.00201122
2.32	0.98931	-0.00182949
2.325	0.992917	-0.00172066
2.33	0.996678	-0.00166304
2.335	1.00465	-0.00156245
2.34	1.00724	-0.00430008
2.345	1.00547	-0.00761866
2.35	1.00352	-0.00354635
2.355	1.00981	-0.00308045
2.36	1.01585	-0.00265528
2.365	1.02106	-0.00235473
2.37	1.03258	0.00109609
2.375	1.03128	-0.00154652
2.38	1.03467	-0.00191833
2.385	1.03803	-0.00201101
2.39	1.04171	-0.0019138
2.395	1.04476	-0.00196434
2.4	1.04833	-0.00198091
2.405	1.0643	-0.00196087
2.41	1.0627	-0.00195826
2.415	1.0905	-0.00208588
2.42	1.08131	0.0385402
2.425	1.07749	0.0204509
2.43	1.07573	0.0105917
2.435	1.07624	0.00518374
2.44	1.07803	0.00221089
2.445	1.08047	0.000568587
2.45	1.08322	-0.000352458
2.455	1.08591	-0.000887057
2.46	1.08894	-0.00120186
2.465	1.09201	-0.00139038
2.47	1.09508	-0.00149271
2.475	1.09812	-0.00153538
2.48	1.10113	-0.00153861
2.485	1.10421	-0.0012252
2.49	1.1071	-0.00130456
2.495	1.10999	-0.00212303
2.5	1.11287	-0.00190366
2.505	1.11534	-0.00168937
2.51	1.11573	-0.00154988
2.515	1.1225	-0.0015141
2.52	1.12365	-0.00144867
2.525	1.12618	-0.00140969
2.53	1.12867	-0.000620898
2.535	1.13133	-0.000828161
2.54	1.13401	-0.00132109
2.545	1.1368	-0.00131297
2.55	1.13934	-0.00129029
2.555	1.14185	-0.00125956
2.56	1.14435	-0.00122744
2.565	1.14682	-0.00119715
2.57	1.14939	-0.00116743
2.575	1.15181	-0.00114355
2.58	1.15419	-0.00111761
2.585	1.15656	-0.00109098
2.59	1.15892	-0.001063
2.595	1.16126	-0.00103335
2.6	1.16358	-0.00100233
2.605	1.16456	-0.0463208
2.61	1.1425	-0.0260434
2.615	1.15312	-0.01509
2.62	1.14579	-0.00919594
2.625	1.1571	-0.00589447
2.63	1.16502	-0.00399463
2.635	1.17019	-0.00304193
2.64	1.17464	-0.00229082
2.645	1.17767	-0.00183504
2.65	1.18034	-0.00155231
2.655	1.17075	-0.0053726
2.66	1.17944	-0.00207803
2.665	1.18448	-0.00163339
2.67	1.18826	-0.00151855
2.675	1.1923	-0.00158521
2.68	1.19827	0.000664706
2.685	1.2035	0.00376463
2.69	1.20008	0.00158877
2.695	1.20275	4.00175e-05
2.7	1.20539	-0.000797735
2.705	1.20791	-0.0012169
2.71	1.21036	-0.00141225
2.715	1.21278	-0.00149862
2.72	1.21587	-4.8809e-05
2.725	1.21794	-0.000464314
2.73	1.22039	-0.000807825
2.735	1.14431	-0.000528403
2.74	1.17604	-0.00113202
2.745	1.27384	-0.00167309
2.75	1.26589	-0.00171674
2.755	1.24755	-0.00159895
2.76	1.13506	-0.00175245
2.765	1.17684	-0.000291156
2.77	1.20431	-0.00095646
2.775	1.21855	-0.00521805
2.78	1.22724	-0.00603313
2.785	1.23529	-0.00434089
2.79	1.24384	-0.00351894
2.795	1.24536	0.0279944
2.8	0.501579	0.0173583
2.805	0.863066	0.00709453
2.81	1.04692	-0.00220335
2.815	1.15631	-0.00043784
2.82	1.21172	-0.000773795
2.825	1.24699	-0.00229641
2.83	1.2684	-0.00231645
2.835	1.2825	-0.00170923
2.84	1.29228	0.00050928
2.845	1.29854	-0.00387424
2.85	1.30044	-0.00295124
2.855	0.694073	9.71591e-05
2.86	1.00026	-0.00344767
2.865	1.1466	-0.00303789
2.87	0.821179	0.00590666
2.875	1.0351	0.00128124
2.88	0.986039	-0.000331423
2.885	1.0664	-0.000186669
2.89	1.17096	-0.000924223
2.895	1.22818	-0.00124359
2.9	1.26122	-0.00115224
2.905	1.28187	-0.000998706
2.91	1.29305	-0.0125552
2.915	1.28874	-0.012045
2.92	1.29385	-0.00765102
2.925	1.30249	-0.0066435
2.93	1.29712	-0.00472328
2.935	1.29548	-0.00401202
2.94	1.27425	-0.00317365
2.945	1.29853	-0.00454544
2.95	1.32388	-0.00227187
2.955	1.33726	-0.00160597
2.96	1.32655	-0.00147784
2.965	1.32273	-0.00169815
2.97	1.40008	-0.00238158
2.975	1.35239	0.0132037
2.98	1.35066	-0.000926146
2.985	1.34466	-0.00237823
2.99	1.34128	-0.00174061
2.995	1.34	-0.000999612
3	1.3354	-0.00120452
3.005	1.60694	-0.0021098
3.01	1.50086	0.0036594
3.015	1.41914	0.00240527
3.02	1.38064	0.00240977
3.025	1.36855	0.00167068
3.03	1.05999	0.00171765
3.035	1.17853	0.00169851
3.04	1.2435	0.00157988
3.045	1.28152	0.000628834
3.05	1.30475	0.000841633
3.055	1.37181	0.000265203
3.06	1.35151	0.00194139
3.065	1.34558	0.000882357
3.07	1.34123	0.0014038
3.075	1.32969	0.0015221
3.08	1.31341	0.000504875
3.085	1.32171	0.00125391
3.09	1.33079	0.00116771
3.095	1.29713	-0.0531441
3.1	1.29072	-0.029208
3.105	1.29623	-0.0210468
3.11	1.31688	-0.00993745
3.115	1.32831	0.00133593
3.12	1.34011	0.000632627
3.125	1.3432	-4.21807e-05
3.13	1.34681	0.000992824
3.135	1.34171	0.000603452
3.14	1.33738	-0.000227281
3.145	1.21579	-0.00124862
3.15	1.27204	-0.00429977
3.155	1.30979	-0.0061958
3.16	0.502045	0.0328532
3.165	0.912206	0.0115475
3.17	1.13721	0.00661653
3.175	1.25033	0.00199501
3.18	1.32313	0.00212485
3.185	1.36554	-0.00343744
3.19	0.704823	-0.000654854
3.195	1.05771	-0.00435925
3.2	0.750975	0.00576301
3.205	0.865546	0.000385272
3.21	1.02687	-0.000331457
3.215	1.18464	-0.00126087
3.22	1.2727	-0.00149927
3.225	1.30784	-0.0232302
3.23	1.33558	-0.0128737
3.235	1.33838	-0.00883167
3.24	1.31647	-0.00553733
3.245	1.33619	-0.00652245
3.25	1.36774	-0.00355822
3.255	1.36206	-0.00243927
3.26	1.42502	-0.00294424
3.265	1.38435	0.00849922
3.27	1.39248	0.00173566
3.275	1.39187	0.000270403
3.28	1.38749	0.000219827
3.285	1.64535	-0.00322019
3.29	1.53909	0.00613049
3.295	1.45518	0.00443295
3.3	1.42037	0.00299576
3.305	1.07535	0.00103912
3.31	1.19265	0.00389604
3.315	1.26915	4.93983e-05
3.32	1.30853	0.00348494
3.325	1.38281	0.00323606
3.33	1.37211	0.00231225
3.335	1.35362	0.000400467
3.34	1.33373	0.000741072
3.345	1.34278	0.00209222
3.35	1.34586	-0.0555509
3.355	1.2925	-0.0301057
3.36	1.29962	-0.021538
3.365	1.33102	-0.00178483
3.37	1.34893	-0.00094581
3.375	1.35574	0.000986242
3.38	1.2634	0.00109923
3.385	1.3716	-2.16223e-05
3.39	1.23756	-0.000819875
3.395	1.28634	-0.00757172
3.4	1.32143	0.0314979
3.405	0.482871	0.0150949
3.41	0.92376	0.00758076
3.415	1.14167	0.00189625
3.42	1.27245	-0.00264847
3.425	0.63032	-0.000125703
3.43	1.01806	-0.00409475
3.435	0.711952	0.00645288
3.44	0.80402	0.000664551
3.445	1.0297	-0.000754314
3.45	1.18313	-0.00146872
3.455	1.25792	-0.0232685
3.46	1.29498	-0.0124036
3.465	1.32125	-0.00967881
3.47	1.29333	-0.00621809
3.475	1.33692	-0.00680017
3.48	1.31576	-0.00343201
3.485	1.36952	-0.00316357
3.49	1.34458	0.0088241
3.495	1.36335	0.0026937
3.5	1.3704	0.000869093
3.505	1.36218	-0.000268162
3.51	1.61389	0.00553793
3.515	1.49893	0.00443509
3.52	1.42977	0.00328537
3.525	1.06273	0.00334752
3.53	1.17243	0.00367152
3.535	1.24066	0.00257344
3.54	1.33378	0.00228251
3.545	1.32919	0.00150406
3.55	1.32769	0.00343505
3.555	1.28707	-0.000843481
3.56	1.30158	0.00152809
3.565	1.30724	-0.0566806
3.57	1.25331	-0.030489
3.575	1.26137	-0.021827
3.58	1.2953	-0.00154739
3.585	1.31211	-0.00090372
3.59	1.31901	0.00113502
3.595	1.3135	0.00112
3.6	1.14693	2.68327e-05
3.605	1.21772	-0.00340886
3.61	1.26966	0.0317025
3.615	0.415468	0.0146005
3.62	0.868588	0.00745398
3.625	1.09756	0.00253067
3.63	1.2241	-0.00312764
3.635	0.575799	-0.000159982
3.64	0.968652	-0.00414446
3.645	0.457503	0.0059889
3.65	0.797382	0.000847423
3.655	1.03557	-0.00112138
3.66	1.16381	-0.0159942
3.665	1.20849	-0.0155127
3.67	1.24647	-0.0114611
3.675	1.22305	-0.00718933
3.68	1.26312	-0.00734275
3.685	1.23521	-0.00380703
3.69	1.28033	-0.00313767
3.695	1.26784	0.00850891
3.7	1.29574	0.00264154
3.705	1.29949	0.00090229
3.71	1.52348	-0.00139292
3.715	1.42781	0.00822926
3.72	1.35161	0.00580188
3.725	0.989784	0.000737522
3.73	1.09813	0.00190103
3.735	1.16648	0.00585225
3.74	1.20363	0.0044476
3.745	1.27766	0.00448002
3.75	1.26523	0.00288751
3.755	1.21848	-0.00215308
3.76	1.22681	0.00114424
3.765	1.23095	0.00190449
3.77	1.17527	-0.0575008
3.775	1.18074	-0.0357456
3.78	1.21384	-0.0090454
3.785	1.22948	-0.00470822
3.79	1.23512	-0.000739943
3.795	1.22907	0.00018175
3.8	1.05531	-0.000204053
3.805	1.12515	-0.006938
3.81	1.18304	0.0328591
3.815	0.335917	0.015768
3.82	0.783844	0.00822303
3.825	1.00936	0.00308569
3.83	1.12917	-0.00288599
3.835	0.490343	-0.000115656
3.84	0.414553	0.00677264
3.845	0.593614	0.000200551
3.85	0.812549	-0.0013881
3.855	0.995422	-0.0021151
3.86	1.09155	-0.0228828
3.865	1.12802	-0.0127264
3.87	1.15574	-0.00984032
3.875	1.12778	-0.00610944
3.88	1.12055	-0.00604571
3.885	1.13858	-0.0037136
3.89	1.16452	-0.00312515
3.895	1.15741	0.00850019
3.9	1.187	0.00267867
3.905	1.1906	0.000915886
3.91	1.38772	-0.00130219
3.915	1.30285	0.00855115
3.92	1.23187	0.00605604
3.925	0.877518	0.00499718
3.93	0.982906	-0.000495964
3.935	1.05121	0.000219745
3.94	1.08796	0.00640415
3.945	1.16035	0.00534297
3.95	1.14659	-0.00192025
3.955	1.0973	0.0061095
3.96	1.10201	-0.00143069
3.965	1.11024	0.000873787
3.97	1.05541	-0.0564022
3.975	1.0587	-0.0351201
3.98	1.08708	-0.0133124
3.985	1.10556	-0.00250029
3.99	1.10674	0.000274583
3.995	1.01334	0.0012957
4	1.09007	0.000533904
4.005	0.970375	-0.000247017
4.01	1.02147	-0.00709529
4.015	0.224592	0.0343271
4.02	0.643459	0.0148164
4.025	0.870007	0.00711468
4.03	0.985292	0.00382126
4.035	1.05378	-0.00230232
4.04	0.403833	0.000187823
4.045	0.315844	0.00661593
4.05	0.48576	0.000336071
4.055	0.696013	-0.00120987
4.06	0.868237	-0.00202015
4.065	0.961867	-0.0155188
4.07	0.987944	-0.0146952
4.075	1.01476	-0.0105897
4.08	0.992991	-0.00630141
4.085	0.980878	-0.00679246
4.09	0.979325	-0.00338981
4.095	1.00042	-0.00278635
4.1	1.0049	-0.00256819
4.105	1.00503	0.00828987
4.11	1.03354	0.00255632
4.115	1.03221	0.00105651
4.12	1.20193	-0.00116989
4.125	1.12856	0.0084723
4.13	1.06453	0.00151915
4.135	1.0276	0.00601403
4.14	0.713189	0.00493002
4.145	0.812716	0.00422206
4.15	0.879697	0.00297585
4.155	0.973951	0.00303188
4.16	0.970653	0.00381999
4.165	0.966221	0.00173776
4.17	0.920365	0.00305279
4.175	0.928848	-0.00415905
4.18	0.937835	-0.000839099
4.185	0.906832	-0.0543515
4.19	0.896459	-0.029306
4.195	0.896378	-0.0207451
4.2	0.921594	-0.00174871
4.205	0.930086	-0.000626818
4.21	0.929211	0.00118577
4.215	0.841263	0.00136487
4.22	0.903117	0.00057992
4.225	0.792852	-0.000218215
4.23	0.840389	-0.00611161
4.235	0.881488	0.0314647
4.24	0.101407	0.017605
4.245	0.497861	0.00657331
4.25	0.702751	0.00285541
4.255	0.80776	0.00126397
4.26	0.863083	-0.00372996
4.265	0.24677	-0.000421318
4.27	0.590062	-0.00385598
4.275	0.304587	0.00572305
4.28	0.418029	0.000512458
4.285	0.576728	-0.000448193
4.29	0.710762	-0.00137959
4.295	0.789689	-0.0137329
4.3	0.806477	-0.0126574
4.305	0.829985	-0.00854592
4.31	0.830142	-0.00663898
4.315	0.802717	-0.00396682
4.32	0.787044	-0.00519413
4.325	0.775293	-0.00206628
4.33	0.799038	-0.00166181
4.335	0.787682	-0.0015547
4.34	0.793215	0.0129266
4.345	0.819278	-0.00060822
4.35	0.8219	-0.00124298
4.355	0.819852	-0.000732484
4.36	0.816589	-0.00186206
4.365	0.949026	0.00690666
4.37	0.881621	0.00453388
4.375	0.834851	0.00373503
4.38	0.807143	0.00232336
4.385	0.502375	-0.00182181
4.39	0.600958	-0.000322618
4.395	0.667234	0.00590411
4.4	0.701174	0.0042146
4.405	0.719382	-0.00289784
4.41	0.778974	0.00543635
4.415	0.759252	-0.00154993
4.42	0.743568	0.00433492
4.425	0.724121	0.00410369
4.43	0.686255	-0.00433168
4.435	0.692662	-0.000753015
4.44	0.695078	0.000282274
4.445	0.673131	-0.0499237
4.45	0.663524	-0.0267797
4.455	0.660814	-0.0185825
4.46	0.672319	-0.00825678
4.465	0.680191	0.00219514
4.47	0.688753	0.00136322
4.475	0.68188	0.000701605
4.48	0.675906	0.001354
4.485	0.597741	0.00115949
4.49	0.702031	0.000178871
4.495	0.629445	-0.000110714
4.5	0.536409	-0.000481091
4.505	0.581828	-0.00264075
4.51	0.608554	-0.00412816
4.515	0.633669	0.0285968
4.52	-0.0676908	0.0169528
4.525	0.280675	0.00575248
4.53	0.463229	0.00387324
4.535	0.548994	0.00101292
4.54	0.595851	-1.73662e-05
4.545	0.621153	-0.00158839
4.55	0.63245	-0.00327572
4.555	0.0655402	-0.000857517
4.56	0.354969	-0.00386295
4.565	0.485896	-0.00315604
4.57	0.176042	0.00559547
4.575	0.384123	0.0013915
4.58	0.337637	0.000160919
4.585	0.413978	-0.000364449
4.59	0.50015	-0.000715817
4.595	0.542107	-0.000671767
4.6	0.566158	-0.000971412
4.605	0.577243	-0.0112302
4.61	0.565602	-0.00805415
4.615	0.56811	-0.0065328
4.62	0.572313	-0.00497083
4.625	0.564281	-0.00405105
4.63	0.55712	-0.00287979
4.635	0.550405	-0.00181648
4.64	0.526549	-0.00261436
4.645	0.495785	-0.00270698
4.65	0.535067	-0.00119433
4.655	0.476836	0.000113385
4.66	0.504092	-0.000469523
4.665	0.515162	-0.0006646
4.67	0.475236	-0.000753689
4.675	0.489622	-0.00100363
4.68	0.492709	0.0105128
4.685	0.513994	-0.001092
4.69	0.512976	-0.00195385
4.695	0.508106	-0.00193839
4.7	0.503209	-0.00118917
4.705	0.49794	-0.0010301
4.71	0.493061	0.000173169
4.715	0.488867	-0.000732069
4.72	0.483499	-0.000723743
4.725	0.551877	-0.000322718
4.73	0.524259	0.00211419
4.735	0.492627	0.00698119
4.74	0.474269	0.00452067
4.745	0.462213	0.00259202
4.75	0.452994	0.00183666
4.755	0.446394	0.00140647
4.76	0.440455	0.00101097
4.765	0.429772	0.000221886
4.77	0.424761	0.000931466
4.775	0.182696	0.00157371
4.78	0.302515	-0.00545826
4.785	0.351797	0.00358115
4.79	0.340028	0.00266722
4.795	0.363297	-0.00472279
4.8	0.376735	0.00396509
4.805	0.381174	-0.00433847
4.81	0.383095	-0.00227256
4.815	0.382016	0.00543592
4.82	0.378994	-0.00319663
4.825	0.376183	0.00496087
4.83	0.371963	0.00308803
4.835	0.403699	-0.00463457
4.84	0.385947	0.00434423
4.845	0.375028	-0.00336752
4.85	0.36656	0.00411898
4.855	0.356575	0.00273247
4.86	0.349292	0.00171735
4.865	0.34343	0.0011048
4.87	0.33617	-0.0006733
4.875	0.332995	0.000292771
4.88	0.328912	0.000388908
4.885	0.324952	0.000406624
4.89	0.321484	0.000373706
4.895	0.316703	0.000400113
4.9	0.313348	0.000374978
4.905	0.303327	0.000244716
4.91	0.302073	0.000363193
4.915	0.268298	0.000105582
4.92	0.27888	-0.00883388
4.925	0.28268	-0.00490734
4.93	0.283177	-0.00270105
4.935	0.281719	-0.00151719
4.94	0.279193	-0.000902289
4.945	0.276114	-0.00061583
4.95	0.272798	-0.000441307
4.955	0.264972	-0.000418962
4.96	0.262472	-0.000636022
4.965	0.260151	-0.000581997
4.97	0.257396	-0.000522237
4.975	0.254325	-0.000507085
4.98	0.251089	-0.000523993
4.985	0.247287	-0.000126963
4.99	0.244659	-0.00045186
4.995	0.241662	-0.000554688
5	0.238346	-0.000649006
5.005	0.23513	-0.000735502
5.01	0.231916	-0.000799065
5.015	0.228737	-0.000848817
5.02	0.225604	-0.000889969
5.025	0.222516	-0.000925015
5.03	0.219385	-0.000967575
5.035	0.21646	-0.000993408
5.04	0.213552	-0.00139307
5.045	0.210047	-0.00116415
5.05	0.207056	-0.00113757
5.055	0.204258	-0.00112866
5.06	0.201521	-0.00112813
5.065	0.198809	-0.00113366
5.07	0.199585	-0.00123456
5.075	0.196336	-0.000809865
5.08	0.192671	-0.000869323
5.085	0.18936	-0.000922812
5.09	0.186361	-0.000955174
5.095	0.183571	-0.000980374
5.1	0.180927	-0.000993871
5.105	0.177999	0.00864347
5.11	0.204146	0.00449674
5.115	0.190636	0.00221194
5.12	0.187777	0.00117341
5.125	0.179996	0.000203583
5.13	0.174706	2.26591e-06
5.135	0.1698	-0.00733776
5.14	0.168148	0.00225546
5.145	0.164501	0.00123995
5.15	0.162034	0.000462781
5.155	0.162448	0.00171876
5.16	0.158363	-3.29254e-05
5.165	0.156171	-0.000342581
5.17	0.154076	-0.000451591
5.175	0.153015	-0.00749532
5.18	0.146692	0.00330391
5.185	0.146958	0.00154114
5.19	0.112543	0.000357623
5.195	0.128726	7.45222e-06
5.2	0.13463	-0.000178976
5.205	0.137157	-0.00757111
5.21	0.138347	0.00287185
5.215	0.137348	0.00147073
5.22	0.136724	-0.00640908
5.225	0.136074	-0.00370427
5.23	0.134623	-0.00221886
5.235	0.172947	0.00563532
5.24	0.15879	0.00276905
5.245	0.135872	0.00150026
5.25	0.298455	0.000341896
5.255	0.230369	-0.000818952
5.26	0.188298	-0.00682208
5.265	0.157438	-0.00494166
5.27	0.139757	0.00392796
5.275	0.129687	0.00165162
5.28	0.12371	0.00108714
5.285	0.119952	0.000325114
5.29	0.117025	-0.000150788
5.295	0.11284	-0.00750389
5.3	0.109856	-0.00555368
5.305	0.109459	-0.00338977
5.31	0.104735	-0.0015993
5.315	0.107614	-0.00179306
5.32	0.107361	-0.00121633
5.325	0.105426	-0.00123704
5.33	0.104202	-0.00110132
5.335	0.102166	-0.00117045
5.34	0.101883	0.00188461
5.345	0.103724	-0.00564304
5.35	0.0941063	-0.00148645
5.355	0.161398	-6.77388e-05
5.36	0.131037	0.000646566
5.365	0.115578	0.000759679
5.37	0.182227	-3.52859e-05
5.375	0.129137	0.000294321
5.38	0.171259	-0.00112487
5.385	0.160613	0.000410914
5.39	0.132273	0.000202145
5.395	0.120357	0.000380292
5.4	0.110624	0.000393242
5.405	0.104386	0.000682717
5.41	0.104458	0.00405753
5.415	0.114833	0.000363421
5.42	0.103106	0.00664104
5.425	0.0987416	0.00269681
5.43	0.0960108	0.00131318
5.435	0.0923245	0.00059978
5.44	0.106832	0.000381709
5.445	0.180492	0.00123449
5.45	0.140389	0.000319362
5.455	0.314338	-0.00421542
5.46	0.193962	-0.00186656
5.465	0.127488	-0.00127364
5.47	0.36582	-0.00221795
5.475	0.23166	0.000200762
5.48	0.138031	0.00224794
5.485	0.0904317	0.00106804
5.49	0.0646998	0.000924376
5.495	0.0498828	1.29931e-05
5.5	0.0400221	-0.00389819
5.505	0.356059	-0.00217091
5.51	0.210322	-0.0176561
5.515	0.123349	-0.00955185
5.52	0.0750506	-0.00429711
5.525	0.0713042	-0.0029213
5.53	0.130135	-0.00307946
5.535	0.0390649	-0.00189475
5.54	0.0617613	-0.00158831
5.545	0.0468417	-0.00172455
5.55	0.0348218	-0.00136938
5.555	0.0235611	-0.00113857
5.56	0.018472	-0.00517016
5.565	0.0196777	-0.00238799
5.57	0.0249133	-0.000162728
5.575	0.0321878	-0.00182843
5.58	0.0463134	0.0224853
5.585	0.0371963	0.0111953
5.59	0.0337319	0.0047307
5.595	0.0618889	0.0127964
5.6	0.0535084	0.00649399
5.605	0.0487992	0.00501116
5.61	0.0479752	0.00127469
5.615	0.0166245	0.00076073
5.62	0.0286427	-0.000313627
5.625	0.0356481	-0.00863188
5.63	0.0418943	0.00283083
5.635	0.0786255	0.00107746
5.64	0.205802	-0.000465096
5.645	0.147417	0.000334562
5.65	0.103335	-0.000966124
5.655	0.0805131	-0.000529735
5.66	0.0806984	-0.00828464
5.665	0.0654563	-0.00448147
5.67	0.0617118	-0.00326741
5.675	0.0579082	-0.00205214
5.68	0.0555427	0.000676074
5.685	0.0567541	-0.00458719
5.69	0.113276	-0.00162673
5.695	0.0871564	0.000185483
5.7	0.137847	0.00019271
5.705	0.169883	-0.000201244
5.71	0.140422	0.00104134
5.715	0.113686	0.00114738
5.72	0.0964335	0.00119703
5.725	0.101922	0.00238894
5.73	0.0864922	0.00555309
5.735	0.0823631	0.00211435
5.74	0.0894118	0.000719856
5.745	0.149221	0.00172022
5.75	0.287266	-0.00275324
5.755	0.175675	-0.00126431
5.76	0.337341	-0.00195113
5.765	0.208761	0.00238592
5.77	0.122957	0.000991617
5.775	0.0808251	0.00127513
5.78	0.0546008	-0.00328767
5.785	0.307246	-0.0011469
5.79	0.181169	-0.0148304
5.795	0.111126	-0.0074009
5.8	0.0902466	-0.004498
5.805	0.112281	-0.00356334
5.81	0.100876	-0.00260271
5.815	0.073355	-0.0022302
5.82	0.0560524	-0.00164224
5.825	0.0387638	-0.00455457
5.83	0.0443392	-0.000377807
5.835	0.0461878	-0.00217649
5.84	0.0631068	0.0187928
5.845	0.0551937	0.00864344
5.85	0.0546971	0.0151564
5.855	0.0898001	0.00754696
5.86	0.079402	-0.00273163
5.865	0.0704625	0.00630142
5.87	0.0515237	0.00252206
5.875	0.0600401	0.000996432
5.88	0.114236	-0.00840018
5.885	0.213537	-0.00523704
5.89	0.164293	0.00524673
5.895	0.127347	0.00201032
5.9	0.108429	-0.00673783
5.905	0.105409	-0.00353881
5.91	0.0990858	-0.00296557
5.915	0.0948609	-0.00172588
5.92	0.0924801	-0.00427412
5.925	0.139117	-0.00117013
5.93	0.119546	0.000523933
5.935	0.172308	0.000442412
5.94	0.21432	9.42679e-05
5.945	0.175422	0.0012989
5.95	0.151289	0.001751
5.955	0.151202	0.0021478
5.96	0.135217	0.00474357
5.965	0.126399	0.00190192
5.97	0.132368	0.000371244
5.975	0.188587	0.00167846
5.98	0.310559	-0.00251091
5.985	0.409605	-0.0021043
5.99	0.269982	0.00207211
5.995	0.18003	0.000769543
6	0.135106	0.00113704
6.005	0.108491	-0.00297556
6.01	0.326554	-0.0142463
6.015	0.227053	-0.00683986
6.02	0.175262	-0.00408495
6.025	0.185334	-0.00319862
6.03	0.16998	-0.00250738
6.035	0.135528	-0.00220016
6.04	0.115068	-0.00247283
6.045	0.103458	-0.0040169
6.05	0.108969	-0.000553141
6.055	0.128651	0.0176356
6.06	0.11938	0.00782018
6.065	0.118953	0.0143578
6.07	0.155084	0.00712055
6.075	0.145002	0.00551092
6.08	0.117364	-0.0060094
6.085	0.127724	0.00412504
6.09	0.134316	-0.0041516
6.095	0.177576	0.0032056
6.1	0.288789	0.000984194
6.105	0.231009	-0.000154592
6.11	0.191906	-0.00768363
6.115	0.174384	-0.00368585
6.12	0.169113	-0.00268386
6.125	0.165245	-0.00215352
6.13	0.165818	-0.00416423
6.135	0.201622	-0.00116737
6.14	0.184693	0.000553208
6.145	0.301151	-0.000162314
6.15	0.255615	0.00131174
6.155	0.227257	0.00175599
6.16	0.217539	0.00504146
6.165	0.215333	0.00277802
6.17	0.203297	0.00125
6.175	0.208194	7.76309e-06
6.18	0.262725	0.00158426
6.185	0.379627	-0.00236168
6.19	0.475128	-0.00195883
6.195	0.341089	0.00187455
6.2	0.256403	0.00166656
6.205	0.213682	0.000488008
6.21	0.422921	-0.00314439
6.215	0.302945	-0.0129297
6.22	0.241254	-0.00662591
6.225	0.299127	-0.00419103
6.23	0.243606	-0.00341145
6.235	0.214162	-0.00265913
6.24	0.199727	-0.00189751
6.245	0.186578	-0.004298
6.25	0.193391	-0.000643321
6.255	0.216065	0.0174149
6.26	0.208377	0.00816376
6.265	0.207823	0.00283862
6.27	0.243038	0.0108672
6.275	0.234388	0.00755377
6.28	0.207739	-0.00415474
6.285	0.218981	0.00455832
6.29	0.226737	0.00210183
6.295	0.269693	0.00046448
6.3	0.378033	-0.000320671
6.305	0.322527	-0.00072681
6.31	0.285864	-0.00758661
6.315	0.248358	-0.00353074
6.32	0.253756	-0.00269175
6.325	0.255767	-0.0020032
6.33	0.259884	-0.00416136
6.335	0.278246	-0.000937887
6.34	0.327195	0.000356837
6.345	0.350926	0.000256112
6.35	0.326522	0.00147762
6.355	0.310031	0.00181144
6.36	0.312301	0.00181204
6.365	0.303148	0.00476005
6.37	0.295414	0.00170995
6.375	0.303085	0.000237436
6.38	0.515115	-0.00124126
6.385	0.406703	-0.000537615
6.39	0.540505	-0.00141088
6.395	0.423261	0.00171546
6.4	0.349092	0.00163339
6.405	0.311623	0.000465925
6.41	0.532162	-0.00265076
6.415	0.411191	-0.0126888
6.42	0.348321	-0.00618698
6.425	0.39791	-0.00415977
6.43	0.347309	-0.00336137
6.435	0.319412	-0.00264427
6.44	0.306665	-0.00180004
6.445	0.295684	-0.00425789
6.45	0.302814	-0.000405185
6.455	0.327699	-0.00216075
6.46	0.319662	0.0176444
6.465	0.319875	0.00836502
6.47	0.352343	0.012254
6.475	0.348992	0.00816452
6.48	0.336715	-0.00274007
6.485	0.323378	0.00464495
6.49	0.333504	0.0021745
6.495	0.381722	0.000444837
6.5	0.485247	-0.000439062
6.505	0.434683	-0.000433332
6.51	0.403614	-0.00108297
6.515	0.336876	-0.00614262
6.52	0.351074	-0.00326982
6.525	0.362925	-0.00221995
6.53	0.37009	-0.00184007
6.535	0.377764	-0.00412338
6.54	0.374161	-0.000675106
6.545	0.424222	0.000648368
6.55	0.444623	0.000350498
6.555	0.428041	0.00164867
6.56	0.417559	0.00183165
6.565	0.415327	0.00429836
6.57	0.422249	0.00385802
6.575	0.41237	0.00182365
6.58	0.413251	0.000444334
6.585	0.489157	0.00147724
6.59	0.61973	-0.00238081
6.595	0.515044	-0.000850958
6.6	0.670797	-0.00149003
6.605	0.552683	0.000956371
6.61	0.477193	0.00162691
6.615	0.4389	0.000536123
6.62	0.680909	-0.00221347
6.625	0.554963	-0.0130137
6.63	0.483954	-0.00624102
6.635	0.467742	-0.00382399
6.64	0.462328	-0.00308347
6.645	0.474741	-0.0023248
6.65	0.450231	-0.00202491
6.655	0.439804	-0.0013067
6.66	0.429408	-0.00441061
6.665	0.436945	-0.000131903
6.67	0.465038	-0.00192816
6.675	0.456083	0.0198491
6.68	0.455906	0.0097911
6.685	0.481554	0.0106311
6.69	0.476295	0.00040309
6.695	0.480687	0.0012056
6.7	0.451982	0.00557865
6.705	0.466149	-0.00189979
6.71	0.478137	0.00307333
6.715	0.522078	0.00116336
6.72	0.634801	0.000214285
6.725	0.57677	-0.000278595
6.73	0.544437	-0.000875312
6.735	0.52345	-0.00572092
6.74	0.437084	-0.0016171
6.745	0.476057	-0.00139172
6.75	0.495561	-0.00150437
6.755	0.508557	-0.00100762
6.76	0.519709	-0.00440623
6.765	0.491503	-0.000348306
6.77	0.51016	0.000825512
6.775	0.529013	0.00148391
6.78	0.566516	0.000372374
6.785	0.557456	0.00173576
6.79	0.554198	0.00155196
6.795	0.55003	0.00351928
6.8	0.561392	0.00544873
6.805	0.553396	0.0024453
6.81	0.551323	0.00141906
6.815	0.566781	0.000414869
6.82	0.640575	0.00163461
6.825	0.792823	-0.00261555
6.83	0.676377	-0.000748506
6.835	0.858335	-0.00145646
6.84	0.728497	0.00246878
6.845	0.639696	-0.000459025
6.85	0.597358	0.000690927
6.855	0.575496	4.98915e-05
6.86	0.561094	-0.000897084
6.865	0.859367	-0.0156484
6.87	0.738345	-0.00769004
6.875	0.654576	-0.00278331
6.88	0.638273	-0.00193501
6.885	0.6466	-0.00213786
6.89	0.608162	-0.00141718
6.895	0.594262	-0.00144063
6.9	0.589205	-0.000992708
6.905	0.589137	-0.000701087
6.91	0.588513	-0.00446804
6.915	0.590727	-0.00190118
6.92	0.602899	0.000448855
6.925	0.611132	-0.00118
6.93	0.636859	0.0242844
6.935	0.627476	0.0125622
6.94	0.629981	0.00613275
6.945	0.648499	0.00528105
6.95	0.643717	0.00265162
6.955	0.647078	0.0022061
6.96	0.646488	0.000454816
6.965	0.645208	-0.000941059
6.97	0.627629	0.0010857
6.975	0.641975	0.000184994
6.98	0.654919	0.000200186
6.985	0.686765	-0.00160488
6.99	0.687467	0.000606785
6.995	0.82628	0.000239206
7	0.759582	-0.00161631
7.005	0.724968	-9.41413e-05
7.01	0.709781	-0.00108642
7.015	0.697424	-0.00183491
7.02	0.568044	-0.000822628
7.025	0.63132	-0.000621845
7.03	0.662116	-0.000632375
7.035	0.681486	-0.000631396
7.04	0.693809	-0.000493951
7.045	0.705235	0.00261771
7.05	0.712871	-0.00511198
7.055	0.645842	-0.000632996
7.06	0.681354	0.000537956
7.065	0.699998	0.00109691
7.07	0.698907	0.00155015
7.075	0.695972	0.00139703
7.08	0.721143	-0.000319675
7.085	0.724881	0.00161207
7.09	0.726693	0.0012666
7.095	0.729711	0.00100283
7.1	0.730321	0.00177724
7.105	0.736425	0.0019998
7.11	0.748872	0.00201266
7.115	0.746575	0.00827765
7.12	0.742861	0.00339658
7.125	0.741631	0.00214837
7.13	0.744101	0.00148279
7.135	0.747501	0.00104939
7.14	0.774883	0.000656444
7.145	0.86684	0.00156655
7.15	0.826126	0.00128457
7.155	1.02258	-0.00350557
7.16	0.896811	-0.000800217
7.165	0.829088	-0.000172032
7.17	1.10701	-0.00137206
7.175	0.96642	0.00116957
7.18	0.865175	0.00330919
7.185	0.819822	-0.00121791
7.19	0.795415	-0.00132214
7.195	0.784321	-0.000797866
7.2	0.780321	0.00058801
7.205	0.778704	0.000423312
7.21	0.77754	-0.000164104
7.215	0.774535	2.36913e-05
7.22	0.776103	0.00143303
7.225	1.17648	-0.000364451
7.23	1.02188	-0.0189235
7.235	0.914104	-0.0106374
7.24	0.859144	-0.00592967
7.245	0.831529	-0.00223973
7.25	0.81847	0.000880812
7.255	0.81145	-7.38167e-05
7.26	0.809522	-0.000281073
7.265	0.84461	-0.00030305
7.27	0.844254	-0.00107334
7.275	0.826438	-0.000580401
7.28	0.766954	-0.000173116
7.285	0.789508	-4.75882e-05
7.29	0.857391	-0.000511728
7.295	0.849377	-0.00010579
7.3	0.842753	0.000148586
7.305	0.840665	-0.000514854
7.31	0.841853	-0.000291471
7.315	0.844139	-0.000118972
7.32	0.847053	-9.00553e-06
7.325	0.85029	5.50819e-05
7.33	0.853686	8.76866e-05
7.335	0.862154	0.00019157
7.34	0.863968	-0.00196653
7.345	0.85936	-0.00496388
7.35	0.860029	-0.00135994
7.355	0.865859	-0.00105297
7.36	0.871403	-0.000714043
7.365	0.876152	-0.000464873
7.37	0.883982	0.00250656
7.375	0.885479	0.000239736
7.38	0.888587	-0.000101913
7.385	0.891691	-0.000190175
7.39	0.895118	-0.000131109
7.395	0.897941	-0.000164683
7.4	0.901256	-0.000171237
7.405	0.915433	-0.000147527
7.41	0.91421	-0.000142718
7.415	0.940019	-0.000240275
7.42	0.932216	0.036037
7.425	0.928412	0.019916
7.43	0.926958	0.0111402
7.435	0.927552	0.00633685
7.44	0.929305	0.00370012
7.445	0.931647	0.0022447
7.45	0.934276	0.00142889
7.455	0.936378	0.000950622
7.46	0.939455	0.000672746
7.465	0.942498	0.000505003
7.47	0.945488	0.000415607
7.475	0.948432	0.000379203
7.48	0.95133	0.00037686
7.485	0.954305	0.000712619
7.49	0.957024	0.000610579
7.495	0.959894	-0.000110419
7.5	0.962538	8.38269e-05
7.505	0.964958	0.000259264
7.51	0.965448	0.000373579
7.515	0.97183	0.000398121
7.52	0.973028	0.000455042
7.525	0.9755	0.000488725
7.53	0.978059	0.00118479
7.535	0.980621	0.000984194
7.54	0.983286	0.000500169
7.545	0.985904	0.000543578
7.55	0.988359	0.000581691
7.555	0.990793	0.000619944
7.56	0.993217	0.000655668
7.565	0.995629	0.000687677
7.57	0.998561	0.000725736
7.575	1.00078	0.000748614
7.58	1.003	0.000776171
7.585	1.00526	0.000802405
7.59	1.00754	0.00082958
7.595	1.00983	0.000859268
7.6	1.01212	0.000891297
7.605	1.01428	-0.0401734
7.61	0.993939	-0.0218608
7.615	1.0034	-0.0119405
7.62	0.997229	-0.00659207
7.625	1.00733	-0.00361575
7.63	1.01455	-0.00189547
7.635	1.01936	-0.00100242
7.64	1.0235	-0.000335164
7.645	1.02641	7.50198e-05
7.65	1.029	0.000333205
7.655	1.01752	-0.00329169
7.66	1.02863	-0.000145849
7.665	1.0334	0.00026734
7.67	1.03701	0.000377991
7.675	1.04101	0.000330627
7.68	1.04403	0.00198826
7.685	1.05165	0.00475971
7.69	1.04784	0.0029339
7.695	1.0507	0.00169951
7.7	1.05353	0.0010074
7.705	1.05617	0.000668253
7.71	1.0587	0.000521201
7.715	1.06117	0.000466353
7.72	1.06406	0.00151055
7.725	1.06623	0.00122964
7.73	1.06868	0.000993397
7.735	0.995031	0.00122649
7.74	1.02775	0.000791913
7.745	1.11466	0.00017679
7.75	1.12533	0.00023269
7.755	1.10337	0.000374632
7.76	0.993962	0.000149173
7.765	1.0333	0.00161947
7.77	1.05735	0.00102308
7.775	1.06927	-0.00269182
7.78	1.07926	-0.00335388
7.785	1.08812	-0.00188245
7.79	1.09406	-0.00114967
7.795	1.09047	0.0278544
7.8	0.434668	0.0179837
7.805	0.755879	0.00864389
7.81	0.916277	-0.00115047
7.815	1.01145	0.000874759
7.82	1.06252	0.000839933
7.825	1.09343	-0.000259993
7.83	1.11216	-0.000279108
7.835	1.12487	0.000290727
7.84	1.13339	0.00298053
7.845	1.13702	-0.000641568
7.85	1.1411	-0.000128468
7.855	0.584729	0.00228174
7.86	0.866679	-0.00103773
7.865	1.00013	-0.000797124
7.87	0.694151	0.00710605
7.875	0.898977	0.00299655
7.88	0.844606	0.00135123
7.885	0.924683	0.00185444
7.89	1.02007	0.00136864
7.895	1.07241	0.00107288
7.9	1.10184	0.000805558
7.905	1.12059	0.00103754
7.91	1.12904	-0.00992145
7.915	1.12661	-0.00973602
7.92	1.13277	-0.00485487
7.925	1.14154	-0.00429581
7.93	1.13725	-0.00257164
7.935	1.13638	-0.00193577
7.94	1.12095	-0.00160134
7.945	1.15408	-0.0029383
7.95	1.1715	-0.000709311
7.955	1.19582	9.69108e-06
7.96	1.1775	0.000302466
7.965	1.16858	0.000184891
7.97	1.2293	-0.000438282
7.975	1.18778	0.0133372
7.98	1.18945	0.000396624
7.985	1.18441	-0.000715414
7.99	1.18177	-3.31864e-05
7.995	1.18053	0.000671287
8	1.17587	0.000576181
8.005	1.38456	3.16793e-05
8.01	1.30476	0.0026778
8.015	1.24278	0.0025252
8.02	1.21375	0.00300088
8.025	1.20623	0.00274479
8.03	0.918497	0.00264507
8.035	1.03055	0.00305049
8.04	1.09862	0.00291101
8.045	1.13237	0.00214541
8.05	1.15266	0.0023701
8.055	1.21181	0.00255987
8.06	1.19417	0.003126
8.065	1.18884	0.00304571
8.07	1.18589	0.0030506
8.075	1.17847	0.00299884
8.08	1.16824	0.00487476
8.085	1.17069	0.00414998
8.09	1.1789	0.00352262
8.095	1.14793	-0.0478735
8.1	1.1426	-0.025404
8.105	1.14426	-0.0179605
8.11	1.16478	-0.00766631
8.115	1.17611	0.00226623
8.12	1.18641	0.00190294
8.125	1.19008	0.0015341
8.13	1.19579	0.00236577
8.135	1.18988	0.00201901
8.14	1.20126	0.00126973
8.145	1.07862	0.000287605
8.15	1.12684	-0.00225852
8.155	1.15952	-0.00401834
8.16	0.420407	0.0330199
8.165	0.795402	0.012201
8.17	0.996503	0.00790608
8.175	1.1049	0.00383014
8.18	1.17053	0.0040538
8.185	1.20814	-0.000554918
8.19	0.591022	0.00140904
8.195	0.917071	-0.00210726
8.2	0.632501	0.00704053
8.205	0.734496	0.00217502
8.21	0.890676	0.00208263
8.215	1.03652	0.000917384
8.22	1.11757	0.000431806
8.225	1.14844	-0.0210925
8.23	1.17716	-0.0104392
8.235	1.18093	-0.00685294
8.24	1.1645	-0.00413399
8.245	1.19547	-0.00510938
8.25	1.22699	-0.00222331
8.255	1.21693	-0.00110835
8.26	1.26215	-0.00135512
8.265	1.22528	0.00862403
8.27	1.23494	0.00261931
8.275	1.23326	0.00149195
8.28	1.23119	0.00158958
8.285	1.43927	-0.00136357
8.29	1.35466	0.00472564
8.295	1.28565	0.00413603
8.3	1.25892	0.00380471
8.305	0.93583	0.0034823
8.31	1.05704	0.0040372
8.315	1.12351	0.00256386
8.32	1.16121	0.00352414
8.325	1.23141	0.00348893
8.33	1.22035	0.00339716
8.335	1.20522	0.00433321
8.34	1.18924	0.00325309
8.345	1.19511	0.00371195
8.35	1.19646	-0.0510481
8.355	1.14581	-0.0271193
8.36	1.15163	-0.0191128
8.365	1.18151	-0.001037
8.37	1.19839	4.73378e-05
8.375	1.20477	0.00182172
8.38	1.11609	0.00201858
8.385	1.23273	0.00112232
8.39	1.09966	0.000387576
8.395	1.14298	-0.00576458
8.4	1.17248	0.0317167
8.405	0.39583	0.0155688
8.41	0.804191	0.0085366
8.415	1.00631	0.00347766
8.42	1.12422	-0.000354533
8.425	0.522127	0.00149322
8.43	0.886075	-0.0024909
8.435	0.595502	0.0072061
8.44	0.677845	0.00203528
8.445	0.887435	0.00132429
8.45	1.03722	0.000348286
8.455	1.10659	-0.0216038
8.46	1.14437	-0.0106492
8.465	1.16787	-0.00823173
8.47	1.14898	-0.0053035
8.475	1.19977	-0.00587064
8.48	1.17971	-0.00254443
8.485	1.2163	-0.00156801
8.49	1.19397	0.00814851
8.495	1.21343	0.00226057
8.5	1.21939	0.00223774
8.505	1.21088	0.000672366
8.51	1.42104	0.00508013
8.515	1.32599	0.00436863
8.52	1.27047	0.0035262
8.525	0.923802	0.00415734
8.53	1.03481	0.00381832
8.535	1.10245	0.00298452
8.54	1.18959	0.00285456
8.545	1.18402	0.00476062
8.55	1.18266	0.00372641
8.555	1.15153	0.000913703
8.56	1.16198	0.00257712
8.565	1.16564	-0.0530048
8.57	1.11398	-0.0281743
8.575	1.12076	-0.0200026
8.58	1.15322	-0.00122688
8.585	1.16935	-0.000326539
8.59	1.17575	0.00157006
8.595	1.16984	0.00166421
8.6	1.02078	0.000856524
8.605	1.08353	-0.00226433
8.61	1.12965	0.0317341
8.615	0.330952	0.0148013
8.62	0.754566	0.00794628
8.625	0.96335	0.00359267
8.63	1.08373	-0.00164549
8.635	0.470968	0.000886811
8.64	0.842563	-0.00303854
8.645	0.354285	0.00656275
8.65	0.677605	0.00215612
8.655	0.903176	0.000167461
8.66	1.0227	-0.0142394
8.665	1.06712	-0.0145771
8.67	1.10455	-0.0107348
8.675	1.08618	-0.00673861
8.68	1.13216	-0.00690319
8.685	1.10411	-0.00334155
8.69	1.13562	-0.00275213
8.695	1.12633	0.00827432
8.7	1.15439	0.00241583
8.705	1.15876	0.00147475
8.71	1.34386	-0.00105582
8.715	1.26614	0.00443862
8.72	1.20251	0.00671233
8.725	0.860493	0.00535841
8.73	0.973197	0.000991485
8.735	1.03746	0.0012444
8.74	1.07226	0.00571023
8.745	1.14121	0.005425
8.75	1.12995	0.00392843
8.755	1.09217	-0.000734089
8.76	1.09714	0.00186754
8.765	1.09919	0.002355
8.77	1.04593	-0.0545331
8.775	1.05033	-0.0338393
8.78	1.08222	-0.00877337
8.785	1.09732	-0.0043745
8.79	1.10237	-0.000660881
8.795	1.09604	0.000309839
8.8	0.935626	9.73076e-06
8.805	0.999856	-0.00625142
8.81	1.05259	0.0323316
8.815	0.25652	0.0157368
8.82	0.677902	0.00846468
8.825	0.884244	0.00377256
8.83	1.00209	-0.00213881
8.835	0.392702	0.000316604
8.84	0.316469	0.00671175
8.845	0.487882	0.000608879
8.85	0.699301	-0.000407791
8.855	0.872088	-0.00150581
8.86	0.961697	-0.0222986
8.865	0.995606	-0.012256
8.87	1.02297	-0.00957177
8.875	1.00278	-0.00620997
8.88	1.00102	-0.0060585
8.885	1.01491	-0.00367088
8.89	1.03045	-0.00299074
8.895	1.02734	0.00756047
8.9	1.05765	0.00221479
8.905	1.0592	0.000750547
8.91	1.22611	-0.0011247
8.915	1.15718	0.00782217
8.92	1.09744	0.00541342
8.925	0.760068	0.00457149
8.93	0.864633	0.00396613
8.935	0.92942	0.00277688
8.94	0.96832	0.00271991
8.945	1.0368	0.0038079
8.95	1.02433	0.00238848
8.955	0.982648	-0.00124485
8.96	0.985302	-0.000879918
8.965	0.991117	0.00102901
8.97	0.938358	-0.0540503
8.975	0.940871	-0.0337469
8.98	0.968035	-0.0130701
8.985	0.986204	-0.00281786
8.99	0.987197	-0.000160077
8.995	0.897269	0.000865056
9	0.972395	0.000233503
9.005	0.85715	-0.000438588
9.01	0.905836	-0.00684035
9.015	0.153337	0.0332678
9.02	0.549829	0.0145146
9.025	0.763191	0.00713049
9.03	0.872089	0.00384023
9.035	0.936754	-0.00229215
9.04	0.315534	1.08632e-05
9.045	0.228591	0.00601578
9.05	0.391726	0.00015092
9.055	0.594344	-0.000914059
9.06	0.757295	-0.00203143
9.065	0.84643	-0.0150273
9.07	0.8688	-0.0149903
9.075	0.897982	-0.0109346
9.08	0.879796	-0.00680749
9.085	0.871756	-0.00705147
9.09	0.86571	-0.00381061
9.095	0.886568	-0.00315671
9.1	0.883749	-0.00284884
9.105	0.888091	0.00704697
9.11	0.914672	0.00119905
9.115	0.918333	0.000693648
9.12	1.05768	-0.0013778
9.125	0.999062	0.00769376
9.13	0.944965	0.000291382
9.135	0.919047	0.00504428
9.14	0.610397	0.00499725
9.145	0.707514	0.0034448
9.15	0.775202	0.00233608
9.155	0.86524	0.00236395
9.16	0.862132	0.0033346
9.165	0.855842	0.0015308
9.17	0.82021	0.00254098
9.175	0.822613	-0.00458001
9.18	0.832815	-0.00156416
9.185	0.802801	-0.0528636
9.19	0.793148	-0.0287761
9.195	0.792481	-0.0205968
9.2	0.817189	-0.00261154
9.205	0.825341	-0.00137591
9.21	0.82142	0.000313167
9.215	0.73925	0.000588154
9.22	0.79785	-0.000129177
9.225	0.692974	-0.000854795
9.23	0.739063	-0.00637305
9.235	0.777582	0.0299286
9.24	0.0411305	0.0166446
9.245	0.4166	0.00614254
9.25	0.605146	0.00255666
9.255	0.704765	0.0011776
9.26	0.76115	-0.00411938
9.265	0.173561	-0.00129131
9.27	0.495668	-0.00463597
9.275	0.223483	0.00454075
9.28	0.331917	-0.000181957
9.285	0.484507	-0.00096694
9.29	0.6133	-0.00180138
9.295	0.68931	-0.0138157
9.3	0.705512	-0.0135525
9.305	0.728867	-0.00947255
9.31	0.729869	-0.00745845
9.315	0.705445	-0.0048799
9.32	0.692142	-0.00592275
9.325	0.674957	-0.00290123
9.33	0.699615	-0.002463
9.335	0.68192	-0.00213977
9.34	0.691878	0.0110398
9.345	0.719889	-0.00165082
9.35	0.72392	-0.0022659
9.355	0.722957	-0.00165587
9.36	0.720114	-0.00218053
9.365	0.82632	0.00595679
9.37	0.771517	0.00359124
9.375	0.732654	0.00259344
9.38	0.709168	0.00119206
9.385	0.416938	0.00266684
9.39	0.517864	0.00171705
9.395	0.580473	-0.00499708
9.4	0.613144	0.00352816
9.405	0.629901	-0.00376731
9.41	0.686133	0.00475537
9.415	0.667633	0.00347484
9.42	0.652496	0.00150749
9.425	0.635067	0.00180103
9.43	0.602595	-0.00654162
9.435	0.606586	-0.00249506
9.44	0.60756	-0.00114232
9.445	0.586131	-0.049172
9.45	0.576991	-0.0268665
9.455	0.573955	-0.0189968
9.46	0.585177	-0.00905029
9.465	0.59255	0.000771314
9.47	0.601607	0.000148857
9.475	0.59483	-0.000417636
9.48	0.588911	0.000141789
9.485	0.513475	2.74022e-07
9.49	0.61384	-0.000948319
9.495	0.541225	-0.00117164
9.5	0.453751	-0.00150203
9.505	0.498254	-0.00348051
9.51	0.524273	-0.00494375
9.515	0.547851	0.026645
9.52	-0.113865	0.0153663
9.525	0.215999	0.00500209
9.53	0.383041	0.00294308
9.535	0.466425	0.000202219
9.54	0.511633	-0.0008691
9.545	0.535986	-0.00304278
9.55	0.54696	-0.00428404
9.555	0.00587914	-0.0019618
9.56	0.28261	-0.00484136
9.565	0.407587	-0.00418631
9.57	0.109115	0.00411955
9.575	0.310905	0.000115418
9.58	0.264758	-0.00107049
9.585	0.338658	-0.00152622
9.59	0.42102	-0.00186732
9.595	0.460996	-0.00184594
9.6	0.483957	-0.00214727
9.605	0.494624	-0.0120176
9.61	0.483255	-0.00965193
9.615	0.486299	-0.00803882
9.62	0.490702	-0.00630107
9.625	0.483557	-0.00527931
9.63	0.477033	-0.00410357
9.635	0.470879	-0.00309237
9.64	0.449432	-0.00378083
9.645	0.420188	-0.0038547
9.65	0.456755	-0.00237041
9.655	0.395064	-0.00108088
9.66	0.424204	-0.00172129
9.665	0.436541	-0.00192923
9.67	0.390504	-0.00199867
9.675	0.408634	-0.00227085
9.68	0.414547	0.00846862
9.685	0.436453	-0.00242579
9.69	0.436149	-0.00337341
9.695	0.43204	-0.00326753
9.7	0.427671	-0.00252463
9.705	0.422794	-0.002396
9.71	0.418433	-0.00152281
9.715	0.41471	-0.00177775
9.72	0.409758	-0.00194381
9.725	0.452368	-0.00215655
9.73	0.435247	0.000946847
9.735	0.411322	0.00599754
9.74	0.397131	0.00329627
9.745	0.387576	0.00130073
9.75	0.380105	0.00056399
9.755	0.374275	-7.23451e-05
9.76	0.368989	-0.000474954
9.765	0.358562	-0.00138668
9.77	0.351459	-0.00660992
9.775	0.122247	0.00289913
9.78	0.238447	0.000794812
9.785	0.285171	-0.00642213
9.79	0.27765	0.00294039
9.795	0.298076	0.0012199
9.8	0.309641	-0.00655559
9.805	0.314453	0.00242857
9.81	0.315099	0.000989781
9.815	0.314125	0.000183221
9.82	0.311596	-0.00721454
9.825	0.308933	-0.00447433
9.83	0.305256	0.00225876
9.835	0.334995	0.00265159
9.84	0.317399	-0.00589573
9.845	0.307899	0.00351409
9.85	0.299272	0.00152005
9.855	0.290571	0.000306391
9.86	0.283768	-0.000332863
9.865	0.27823	-0.00069613
9.87	0.271621	-0.00207925
9.875	0.268518	-0.00121985
9.88	0.264665	-0.00113074
9.885	0.260928	-0.00111521
9.89	0.257609	-0.00114737
9.895	0.252759	-0.0079685
9.9	0.250375	0.00134831
9.905	0.240484	0.000431062
9.91	0.239314	-0.0001433
9.915	0.211136	-0.000835288
9.92	0.219431	-0.0104238
9.925	0.222026	-0.00643953
9.93	0.222013	-0.00423182
9.935	0.220401	-0.00306337
9.94	0.217901	-0.00248657
9.945	0.214979	-0.00216294
9.95	0.211845	-0.00199902
9.955	0.204461	-0.00195771
9.96	0.20211	-0.00220237
9.965	0.199966	-0.002148
9.97	0.197417	-0.00208563
9.975	0.194571	-0.0020614
9.98	0.191568	-0.00207549
9.985	0.188061	-0.00175934
9.99	0.185592	-0.00205279
9.995	0.182801	-0.00212051
10	0.179711	-0.00221553
