-14.3186
-13.6696
-13.0515
-12.4628
-11.9022
-11.3683
-10.8598
-10.3755
-9.91424
-9.47498
-9.05663
-8.65821
-8.27875
-7.91737
-7.57319
-7.24541
-6.93323
-6.63592
-6.35277
-6.0831
-5.82627
-5.58167
-5.34872
-5.12686
-4.91557
-4.71433
-4.52268
-4.34016
-4.16633
-4.00077
-3.8431
-3.69294
-3.54993
-3.41373
-3.28401
-3.16047
-3.04282
-2.93076
-2.82405
-2.72241
-2.62561
-2.53343
-2.44563
-2.36201
-2.28238
-2.20654
-2.13431
-2.06552
-2
-1.9375
-1.875
-1.8125
-1.75
-1.6875
-1.625
-1.5625
-1.5
-1.4375
-1.375
-1.3125
-1.25
-1.1875
-1.125
-1.0625
-1
-0.9375
-0.875
-0.8125
-0.75
-0.6875
-0.625
-0.5625
-0.5
-0.4375
-0.375
-0.3125
-0.25
-0.1875
-0.125
-0.0625
0
0.0625
0.125
0.1875
0.25
0.3125
0.375
0.4375
0.5
0.5625
0.625
0.6875
0.75
0.8125
0.875
0.9375
1
1.0625
1.125
1.1875
1.25
1.3125
1.375
1.4375
1.5
1.5625
1.625
1.6875
1.75
1.8125
1.875
1.9375
2
2.06552
2.13431
2.20654
2.28238
2.36201
2.44563
2.53343
2.62561
2.72241
2.82405
2.93076
3.04282
3.16047
3.28401
3.41373
3.54993
3.69294
3.8431
4.00077
4.16633
4.34016
4.52268
4.71433
4.91557
5.12686
5.34872
5.58167
5.82627
6.0831
6.35277
6.63592
6.93323
7.24541
7.57319
7.91737
8.27875
8.65821
9.05663
9.47498
9.91424
10.3755
10.8598
11.3683
11.9022
12.4628
13.0515
13.6696
14.3186
