-14.6593
-13.9941
-13.3605
-12.7571
-12.1825
-11.6352
-11.114
-10.6176
-10.1449
-9.69461
-9.26581
-8.85742
-8.46848
-8.09806
-7.74528
-7.4093
-7.08932
-6.78458
-6.49434
-6.21793
-5.95468
-5.70397
-5.46519
-5.23779
-5.02121
-4.81495
-4.61851
-4.43142
-4.25324
-4.08355
-3.92194
-3.76802
-3.62144
-3.48183
-3.34887
-3.22224
-3.10164
-2.98679
-2.8774
-2.77323
-2.67401
-2.57952
-2.48953
-2.40382
-2.3222
-2.24446
-2.17042
-2.09991
-2.03276
-1.96875
-1.90625
-1.84375
-1.78125
-1.71875
-1.65625
-1.59375
-1.53125
-1.46875
-1.40625
-1.34375
-1.28125
-1.21875
-1.15625
-1.09375
-1.03125
-0.96875
-0.90625
-0.84375
-0.78125
-0.71875
-0.65625
-0.59375
-0.53125
-0.46875
-0.40625
-0.34375
-0.28125
-0.21875
-0.15625
-0.09375
-0.03125
0.03125
0.09375
0.15625
0.21875
0.28125
0.34375
0.40625
0.46875
0.53125
0.59375
0.65625
0.71875
0.78125
0.84375
0.90625
0.96875
1.03125
1.09375
1.15625
1.21875
1.28125
1.34375
1.40625
1.46875
1.53125
1.59375
1.65625
1.71875
1.78125
1.84375
1.90625
1.96875
2.03276
2.09991
2.17042
2.24446
2.3222
2.40382
2.48953
2.57952
2.67401
2.77323
2.8774
2.98679
3.10164
3.22224
3.34887
3.48183
3.62144
3.76802
3.92194
4.08355
4.25324
4.43142
4.61851
4.81495
5.02121
5.23779
5.46519
5.70397
5.95468
6.21793
6.49434
6.78458
7.08932
7.4093
7.74528
8.09806
8.46848
8.85742
9.26581
9.69461
10.1449
10.6176
11.114
11.6352
12.1825
12.7571
13.3605
13.9941
14.6593
