timestep	Fx	Fy
0.005	69.4085	-0.388312
0.01	46.9202	0.0521684
0.015	30.8657	0.0350572
0.02	20.5541	0.064006
0.025	13.8216	0.0605037
0.03	9.40565	0.0490481
0.035	6.55099	0.0372348
0.04	4.67242	0.0255942
0.045	3.4258	0.0153153
0.05	2.58907	0.0153417
0.055	2.02267	0.00825126
0.06	1.63627	0.00999336
0.065	1.36818	0.00596515
0.07	1.21913	-0.050803
0.075	1.07379	-0.0407365
0.08	0.959299	-0.0260715
0.085	0.881621	-0.014831
0.09	0.817616	-0.00826254
0.095	0.766078	-0.00424142
0.1	0.727729	0.00235689
0.105	0.735633	-0.0206614
0.11	0.69895	-0.0112193
0.115	0.66366	-0.00314757
0.12	0.637136	0.00104955
0.125	0.608953	0.00310361
0.13	0.584119	0.000853526
0.135	0.567407	0.00314195
0.14	0.552888	0.00710628
0.145	0.535716	0.00539736
0.15	0.521231	0.00407367
0.155	0.502168	0.00131306
0.16	0.492468	0.00150565
0.165	0.483126	0.00343883
0.17	0.471435	0.00257634
0.175	0.454879	0.00213724
0.18	0.452331	0.00858946
0.185	0.44796	0.00267925
0.19	0.464746	-0.0387792
0.195	0.45572	-0.0283721
0.2	0.443837	-0.018556
0.205	0.433467	-0.0127835
0.21	0.428502	-0.00363669
0.215	0.420901	0.000242673
0.22	0.416182	-0.00786194
0.225	0.40911	-0.00228721
0.23	0.403306	0.00148507
0.235	0.420131	-0.00147393
0.24	0.404963	0.000841739
0.245	0.383467	0.00425258
0.25	0.323087	0.0364276
0.255	0.34255	0.0255478
0.26	0.3442	0.0193657
0.265	0.340073	0.0136057
0.27	0.337861	0.0105514
0.275	0.346388	0.00738975
0.28	0.339059	0.00516729
0.285	0.335251	0.00297821
0.29	0.328564	0.00425539
0.295	0.321512	-0.0148619
0.3	0.327503	-0.00188607
0.305	0.320275	0.0010556
0.31	0.314737	0.00178041
0.315	0.324787	0.0102866
0.32	0.314741	0.00765072
0.325	0.300484	-0.00228556
0.33	0.296757	-0.00111519
0.335	0.285247	0.00189357
0.34	0.299091	0.0344847
0.345	0.310026	0.0411485
0.35	0.30918	0.0252876
0.355	0.309654	0.0195804
0.36	0.304425	0.0128345
0.365	0.299565	0.00730306
0.37	0.307183	-2.42803e-05
0.375	0.304259	-0.0108756
0.38	0.294575	-0.0150937
0.385	0.282635	-0.00982214
0.39	0.295384	-0.0256865
0.395	0.278307	-0.0187534
0.4	0.263792	-0.0119551
0.405	0.259109	-0.0277184
0.41	0.272026	-0.0222239
0.415	0.247895	-0.0105355
0.42	0.248187	0.00260404
0.425	0.226247	0.0115332
0.43	0.224558	0.0115094
0.435	0.221678	0.0119134
0.44	0.210647	0.0144379
0.445	0.16334	0.0292109
0.45	0.174792	0.0326858
0.455	0.174178	0.0181941
0.46	0.190858	0.0140651
0.465	0.196516	0.0104914
0.47	0.179056	0.00913931
0.475	0.18703	0.00927826
0.48	0.199881	-0.00457767
0.485	0.212167	-0.0028648
0.49	0.218073	0.00257575
0.495	0.206854	0.00243119
0.5	0.21044	-0.00115706
0.505	0.200907	-0.0214826
0.51	0.218839	-0.0284337
0.515	0.218074	-0.0157972
0.52	0.21473	0.00219217
0.525	0.189902	-0.000198823
0.53	0.207971	-0.00279381
0.535	0.20638	-0.00477798
0.54	0.168166	0.00477106
0.545	0.178824	-0.00545566
0.55	0.187303	-0.00350418
0.555	0.17519	0.00798355
0.56	0.177995	-0.00442834
0.565	0.187775	-0.00461239
0.57	0.226533	-0.00853802
0.575	0.221241	-0.00751564
0.58	0.195555	0.0389875
0.585	0.186815	0.0260189
0.59	0.198841	-0.0132545
0.595	0.207742	-0.00636723
0.6	0.202311	-0.00410899
0.605	0.204216	-0.00374442
0.61	0.198261	-0.00204019
0.615	0.221067	-0.028444
0.62	0.226611	-0.0245545
0.625	0.232079	-0.0138466
0.63	0.240098	-0.00979267
0.635	0.238885	-0.00361715
0.64	0.204166	0.0188984
0.645	0.217292	0.014819
0.65	0.225819	0.011501
0.655	0.230396	0.00887149
0.66	0.236871	-0.00608985
0.665	0.23481	-0.00361182
0.67	0.248031	0.00451437
0.675	0.236308	-0.00146861
0.68	0.236211	0.0259983
0.685	0.250563	0.0318952
0.69	0.252246	0.0188414
0.695	0.250758	0.00943633
0.7	0.262864	-0.00617278
0.705	0.240459	-0.00498041
0.71	0.248823	-0.0179204
0.715	0.237136	-0.0135394
0.72	0.230618	-0.0247124
0.725	0.226341	-0.014581
0.73	0.218832	-0.0002404
0.735	0.209408	0.00193969
0.74	0.206788	0.00387743
0.745	0.165212	0.0196337
0.75	0.159245	0.0172756
0.755	0.1816	0.0140793
0.76	0.171694	0.0109748
0.765	0.186121	0.0110442
0.77	0.197296	0.00571572
0.775	0.212941	0.00892428
0.78	0.209691	0.00712646
0.785	0.214408	-0.0141664
0.79	0.224038	-0.0224112
0.795	0.225059	-0.00217445
0.8	0.210006	-0.00321551
0.805	0.220566	-0.00140348
0.81	0.192692	0.00490077
0.815	0.202434	-0.00380988
0.82	0.212502	-0.00203389
0.825	0.200424	-0.00479624
0.83	0.238641	-0.00740047
0.835	0.235581	-0.00739492
0.84	0.213354	0.028673
0.845	0.201284	0.0183411
0.85	0.226497	-0.00662656
0.855	0.22765	-0.00764425
0.86	0.232689	-0.00584581
0.865	0.228065	-0.00501929
0.87	0.258106	-0.0259203
0.875	0.271757	-0.0208377
0.88	0.272534	-0.0116428
0.885	0.239777	0.0116605
0.89	0.260753	0.00954913
0.895	0.271315	0.00753728
0.9	0.284969	-0.00629915
0.905	0.281206	-0.003731
0.91	0.295199	0.00331748
0.915	0.286553	-0.00146442
0.92	0.295118	0.0363379
0.925	0.300733	0.02173
0.93	0.303388	0.012939
0.935	0.310808	-0.00704306
0.94	0.287913	-0.00291764
0.945	0.297164	-0.0148605
0.95	0.290788	-0.0269888
0.955	0.284262	-0.0149291
0.96	0.283059	0.000556847
0.965	0.267255	0.000584474
0.97	0.268571	7.65873e-06
0.975	0.222304	0.0213707
0.98	0.227015	0.0140309
0.985	0.226347	0.011203
0.99	0.240765	0.0117112
0.995	0.255512	0.00836993
1	0.261542	0.0106545
1.005	0.275196	0.00701823
1.01	0.280369	-0.0219627
1.015	0.292064	-0.00296488
1.02	0.273903	-0.00503926
1.025	0.283286	-0.00328526
1.03	0.259804	0.00325284
1.035	0.270879	-0.00446161
1.04	0.27892	-0.00466351
1.045	0.272123	-0.00646296
1.05	0.310973	-0.00720015
1.055	0.287114	0.025292
1.06	0.273385	0.0123161
1.065	0.296629	-0.0109218
1.07	0.295536	-0.00816567
1.075	0.302612	-0.0049051
1.08	0.318409	-0.0242475
1.085	0.330906	-0.0196229
1.09	0.342741	-0.0140118
1.095	0.341793	-0.00510341
1.1	0.323978	0.0138658
1.105	0.339422	0.0110055
1.11	0.35488	-0.00169304
1.115	0.362165	-0.00128361
1.12	0.373538	0.00507367
1.125	0.360904	-0.00306901
1.13	0.378935	0.0346288
1.135	0.381616	0.0183882
1.14	0.384913	0.0105531
1.145	0.374898	-0.00240841
1.15	0.382765	-0.0153571
1.155	0.37671	-0.0281021
1.16	0.375186	-0.0147987
1.165	0.367741	0.00038465
1.17	0.34914	0.00215259
1.175	0.354586	-0.000690709
1.18	0.31199	0.0216381
1.185	0.317746	0.0132058
1.19	0.31606	0.00942194
1.195	0.326791	0.0115398
1.2	0.344426	0.0109323
1.205	0.352743	0.0108414
1.21	0.353977	-0.0110406
1.215	0.374647	-0.018977
1.22	0.377779	-0.00065876
1.225	0.367087	0.000728966
1.23	0.348072	0.00399021
1.235	0.362523	-0.0043631
1.24	0.37247	-0.00271535
1.245	0.366983	-0.00693697
1.25	0.401839	-0.00773654
1.255	0.381596	0.0242251
1.26	0.376553	0.0108377
1.265	0.384079	-0.0161996
1.27	0.386545	-0.00729738
1.275	0.397452	-0.00558091
1.28	0.40788	-0.0241615
1.285	0.422465	-0.0177664
1.29	0.435963	-0.0121823
1.295	0.435357	-0.00419146
1.3	0.417103	0.0131448
1.305	0.436354	0.0104361
1.31	0.454546	0.000509576
1.315	0.461434	-0.00160064
1.32	0.472295	0.00444353
1.325	0.46055	-0.00146312
1.33	0.479572	0.0311205
1.335	0.481933	0.0186456
1.34	0.486863	0.00711551
1.345	0.474502	-0.00251907
1.35	0.48397	-0.014911
1.355	0.478482	-0.0273705
1.36	0.472013	-0.0150427
1.365	0.471945	0.000266987
1.37	0.454683	0.00292579
1.375	0.457241	0.00197313
1.38	0.409432	0.0174325
1.385	0.430931	0.0156514
1.39	0.424901	0.011232
1.395	0.434557	0.00883466
1.4	0.452085	0.0123149
1.405	0.462217	0.00895261
1.41	0.459928	-0.0106522
1.415	0.48164	-0.0165228
1.42	0.484133	-0.00149451
1.425	0.472601	-0.00185269
1.43	0.457791	0.00315877
1.435	0.472697	-0.00449965
1.44	0.482222	-0.00301705
1.445	0.479846	-0.00694303
1.45	0.515417	-0.00766046
1.455	0.502627	-0.00521966
1.46	0.492664	0.022245
1.465	0.495148	-0.00880147
1.47	0.496915	-0.00543579
1.475	0.508717	-0.00253629
1.48	0.504317	-0.00215458
1.485	0.53125	-0.0207666
1.49	0.547447	-0.019332
1.495	0.545701	-0.00870945
1.5	0.527648	0.0143441
1.505	0.548264	0.00915795
1.51	0.562165	0.00564877
1.515	0.579355	-0.00377387
1.52	0.579961	-0.00235575
1.525	0.583374	-0.00197914
1.53	0.579307	-0.00107999
1.535	0.600745	0.0335262
1.54	0.603142	0.019269
1.545	0.605929	0.0065308
1.55	0.593997	-0.00210794
1.555	0.605826	-0.0164289
1.56	0.600185	-0.0303484
1.565	0.599488	-0.015034
1.57	0.594394	-0.00108328
1.575	0.580587	0.00116719
1.58	0.579825	0.00184503
1.585	0.546462	0.0202858
1.59	0.544928	0.0160846
1.595	0.565373	0.0145323
1.6	0.557976	0.0125307
1.605	0.562188	0.00318866
1.61	0.584071	0.0106791
1.615	0.589825	0.00678421
1.62	0.576662	-0.00467476
1.625	0.612285	-0.0198608
1.63	0.611512	-0.00242919
1.635	0.60056	-0.00510801
1.64	0.610778	-0.00497394
1.645	0.5918	0.00308047
1.65	0.604029	-0.0057853
1.655	0.609795	0.00334157
1.66	0.615264	-0.00858677
1.665	0.653568	-0.0107249
1.67	0.63945	-0.00567329
1.675	0.630247	0.0263245
1.68	0.633815	-0.00687175
1.685	0.633314	-0.00676503
1.69	0.633822	-0.0054261
1.695	0.646348	-0.00370985
1.7	0.658683	-0.022877
1.705	0.67183	-0.0202602
1.71	0.684429	-0.0139675
1.715	0.683467	-0.00459853
1.72	0.661593	0.0146007
1.725	0.682075	0.0124981
1.73	0.696967	0.00803665
1.735	0.706436	-0.00170718
1.74	0.723942	-0.000663663
1.745	0.732633	0.00514275
1.75	0.719726	-0.00358404
1.755	0.71417	-0.00213095
1.76	0.740278	0.0364964
1.765	0.741722	0.0210689
1.77	0.74524	0.0106261
1.775	0.749943	-0.00371604
1.78	0.732568	-0.0053615
1.785	0.747781	-0.0185459
1.79	0.741196	-0.0150087
1.795	0.737522	-0.0247333
1.8	0.739789	-0.00658584
1.805	0.728788	-0.000278728
1.81	0.72638	0.00300057
1.815	0.725132	0.00421847
1.82	0.69097	0.0199476
1.825	0.693241	0.0178497
1.83	0.715155	0.0151324
1.835	0.705931	0.0128257
1.84	0.726561	0.0122081
1.845	0.720976	-0.000578741
1.85	0.741631	0.0062757
1.855	0.74525	0.00509364
1.86	0.751088	0.0042295
1.865	0.750914	-0.0253182
1.87	0.765815	-0.0169812
1.875	0.767962	-2.48934e-05
1.88	0.751684	-0.00301524
1.885	0.768186	-0.00444505
1.89	0.742503	0.000893643
1.895	0.759681	-0.00529122
1.9	0.769376	-0.0041191
1.905	0.77716	-0.00319588
1.91	0.778044	-0.0071687
1.915	0.787107	-0.00628942
1.92	0.823734	-0.0076675
1.925	0.81786	-0.00812438
1.93	0.800461	0.0347495
1.935	0.785751	0.0254427
1.94	0.810068	-0.0125494
1.945	0.807871	-0.013848
1.95	0.807955	-0.00999532
1.955	0.8194	-0.0064342
1.96	0.819774	-0.00462101
1.965	0.815923	-0.00140847
1.97	0.843666	-0.0256406
1.975	0.85407	-0.0203624
1.98	0.863535	-0.0160122
1.985	0.858624	-0.00870383
1.99	0.867775	-0.00414747
1.995	0.841171	0.0217777
2	0.856775	0.012178
2.005	0.87079	0.011317
2.01	0.879	0.00512229
2.015	0.8952	-0.00547771
2.02	0.899511	-0.00170735
2.025	0.897702	-0.000603894
2.03	0.908228	0.00691181
2.035	0.895008	-0.00464147
2.04	0.894106	-0.00285168
2.045	0.908303	0.0278652
2.05	0.918339	0.0326358
2.055	0.919986	0.0180839
2.06	0.92418	0.0108662
2.065	0.926771	0.00551067
2.07	0.924785	-0.00126137
2.075	0.931417	-0.00997964
2.08	0.915367	-0.0115448
2.085	0.936324	-0.0251772
2.09	0.929181	-0.0201044
2.095	0.922463	-0.0136702
2.1	0.92496	-0.0271298
2.105	0.92705	-0.0195209
2.11	0.918437	-0.0113889
2.115	0.934257	0.00491504
2.12	0.922083	0.00621954
2.125	0.922859	0.00770918
2.13	0.922876	0.00794697
2.135	0.922905	0.00769893
2.14	0.92301	0.00949293
2.145	0.889895	0.0249496
2.15	0.905399	0.0278507
2.155	0.909211	0.0156789
2.16	0.931522	0.010675
2.165	0.937149	0.00902116
2.17	0.921519	0.00859993
2.175	0.94346	0.00743824
2.18	0.947797	0.00645603
2.185	0.945129	-0.0053582
2.19	0.947781	-0.00521976
2.195	0.961131	-0.00298095
2.2	0.970273	0.00641094
2.205	0.977723	0.00470144
2.21	0.971699	0.00178699
2.215	0.97325	0.00103856
2.22	0.978582	0.00250904
2.225	0.955298	-0.0120348
2.23	0.99292	-0.0317946
2.235	0.993369	-0.0222246
2.24	0.993974	-0.015439
2.245	0.993689	-0.00748341
2.25	0.998312	0.0108566
2.255	0.99515	0.0065047
2.26	0.995975	0.00308337
2.265	0.987772	-0.00161798
2.27	1.00616	-0.00263698
2.275	1.0103	-0.00447029
2.28	1.00798	-0.0050606
2.285	1.01377	-0.00628731
2.29	0.988168	0.00543837
2.295	1.00409	0.00579623
2.3	1.01534	0.00505773
2.305	1.02242	-0.00900171
2.31	1.02903	-0.00612357
2.315	1.03462	-0.00398872
2.32	1.03924	-0.00261076
2.325	1.0433	-0.00180387
2.33	1.04701	-0.00143619
2.335	1.04261	0.00819794
2.34	1.05749	-0.00871644
2.345	1.05282	-0.0107174
2.35	1.05735	-0.00752745
2.355	1.0619	-0.00601465
2.36	1.06917	-0.00330549
2.365	1.07101	-0.00286058
2.37	1.11632	-0.00701295
2.375	1.10455	-0.00747679
2.38	1.0991	-0.00501149
2.385	1.09684	-0.00311644
2.39	1.09553	-0.00242906
2.395	1.09561	-0.00199668
2.4	1.09684	-0.00165667
2.405	1.09812	-0.00158094
2.41	1.10039	-0.0014337
2.415	1.09649	0.00258685
2.42	1.09096	0.0512581
2.425	1.0964	0.0405135
2.43	1.10304	0.026324
2.435	1.1087	0.0155822
2.44	1.11146	0.00946556
2.445	1.11546	0.00570309
2.45	1.12198	0.00509052
2.455	1.12131	0.00393887
2.46	1.12554	0.00283013
2.465	1.12914	0.00170215
2.47	1.13273	0.000869719
2.475	1.13593	0.000351557
2.48	1.13897	1.48567e-05
2.485	1.14156	1.65802e-06
2.49	1.14477	-0.000616317
2.495	1.15018	-0.000314358
2.5	1.1527	-0.000150902
2.505	1.15352	-0.00075561
2.51	1.14154	-0.00307752
2.515	1.16554	-0.0002127
2.52	1.16446	-0.000375222
2.525	1.16621	-0.000517593
2.53	1.16521	-0.00169564
2.535	1.16785	-0.0012539
2.54	1.17111	-0.000927861
2.545	1.17402	-0.000373435
2.55	1.17664	-0.000204726
2.555	1.1792	-9.53364e-05
2.56	1.18169	-1.03709e-06
2.565	1.18413	4.33523e-05
2.57	1.18815	-0.00232293
2.575	1.18993	-0.00184778
2.58	1.19179	-0.00123599
2.585	1.19377	-0.000748688
2.59	1.19581	-0.000517142
2.595	1.1978	-0.000362584
2.6	1.19864	-0.00154344
2.605	1.20751	-0.0566288
2.61	1.22616	-0.0473583
2.615	1.2163	-0.0318891
2.62	1.21229	-0.0217729
2.625	1.20973	-0.0146534
2.63	1.20972	-0.00953141
2.635	1.20942	-0.00604562
2.64	1.20974	-0.00422031
2.645	1.21084	-0.0029601
2.65	1.21177	-0.00180128
2.655	1.15605	0.00571139
2.66	1.17855	0.00549185
2.665	1.19194	0.00254789
2.67	1.20215	0.000839541
2.675	1.21035	-0.00149768
2.68	1.21759	0.0030253
2.685	1.21296	0.0184019
2.69	1.22753	0.00779656
2.695	1.22656	0.00352922
2.7	1.22606	0.00126145
2.705	1.22689	0.000734177
2.71	1.22668	-0.0017997
2.715	1.23097	0.00207419
2.72	1.23114	0.0117757
2.725	1.23352	0.00803506
2.73	1.23598	0.00473706
2.735	1.274	-0.00857304
2.74	1.26299	-0.00741235
2.745	1.25506	-0.00150876
2.75	1.25102	-0.000727353
2.755	1.24412	0.00452772
2.76	1.23	0.00738797
2.765	1.24252	0.00563838
2.77	1.2491	0.00419417
2.775	1.24995	-0.018889
2.78	1.25456	-0.0165874
2.785	1.25309	-0.011336
2.79	1.25674	-0.00560313
2.795	1.22621	0.0249906
2.8	1.25782	0.0400318
2.805	1.26486	0.0248465
2.81	1.26734	0.0208331
2.815	1.28411	0.0123238
2.82	1.27936	0.00696392
2.825	1.27659	-0.00491645
2.83	1.28044	-0.00406176
2.835	1.29577	-0.000356404
2.84	1.3058	0.00983034
2.845	1.30647	0.00423079
2.85	1.31786	0.000384337
2.855	1.30942	-0.00332996
2.86	1.32359	-0.00601679
2.865	1.33171	-0.00640668
2.87	1.30978	0.00873536
2.875	1.33855	-0.00577983
2.88	1.3924	-0.0392389
2.885	1.38701	-0.0336993
2.89	1.38208	-0.0269853
2.895	1.37556	-0.0224057
2.9	1.37321	-0.0190758
2.905	1.38007	-0.0191941
2.91	1.35217	-0.0331775
2.915	1.37332	-0.0234375
2.92	1.37109	-0.0186909
2.925	1.37474	0.0140876
2.93	1.36793	0.0105971
2.935	1.36437	0.00634477
2.94	1.31965	0.0354753
2.945	1.34526	0.0277616
2.95	1.33967	0.0283623
2.955	1.34228	0.0302347
2.96	1.33496	0.024326
2.965	1.33079	0.0186105
2.97	1.32531	0.0136084
2.975	1.32116	-0.0159815
2.98	1.31801	-0.0478704
2.985	1.31725	-0.031928
2.99	1.33983	-0.0120163
2.995	1.33665	-0.0212943
3	1.34179	-0.0133256
3.005	1.32872	-0.0135969
3.01	1.30536	0.0194171
3.015	1.30171	0.00976449
3.02	1.30712	0.0077727
3.025	1.31501	0.00382122
3.03	1.34772	-0.0344387
3.035	1.34092	-0.0257485
3.04	1.34539	-0.0207149
3.045	1.33866	-0.00709006
3.05	1.33108	-0.00660017
3.055	1.31939	0.0357924
3.06	1.3485	0.0292024
3.065	1.36129	0.0192421
3.07	1.36012	0.0129247
3.075	1.36416	0.00727011
3.08	1.37287	0.00223761
3.085	1.34853	0.0531033
3.09	1.36603	0.0426725
3.095	1.38601	-0.0446447
3.1	1.37015	-0.0355937
3.105	1.28101	-0.0164108
3.11	1.29951	-0.00772335
3.115	1.31699	0.0101375
3.12	1.31552	0.00826853
3.125	1.31252	0.00505531
3.13	1.31276	0.0160918
3.135	1.36731	-0.0002389
3.14	1.33864	-0.000232399
3.145	1.317	0.00842644
3.15	1.31839	-0.0169236
3.155	1.31222	-0.0176486
3.16	1.28649	0.042006
3.165	1.30209	0.0365781
3.17	1.30923	0.0199921
3.175	1.31153	0.00553431
3.18	1.34257	0.0142408
3.185	1.34986	0.00321598
3.19	1.35464	-0.00217095
3.195	1.36704	-0.0114801
3.2	1.37817	2.4093e-05
3.205	1.45657	-0.0443331
3.21	1.46399	-0.0406151
3.215	1.45946	-0.0354966
3.22	1.4698	-0.0335071
3.225	1.45933	-0.0471263
3.23	1.46111	-0.00314326
3.235	1.4545	-0.00197953
3.24	1.41177	0.0275966
3.245	1.42862	0.0243184
3.25	1.40673	0.0355084
3.255	1.39005	0.0300421
3.26	1.37792	0.0245759
3.265	1.35397	-0.0508445
3.27	1.35665	-0.027107
3.275	1.37777	-0.0134462
3.28	1.36282	-0.020118
3.285	1.32876	-0.018321
3.29	1.32964	0.0148728
3.295	1.32077	0.00956086
3.3	1.32469	0.00783456
3.305	1.36174	-0.0349227
3.31	1.35713	-0.02742
3.315	1.34261	-0.0125242
3.32	1.34007	-0.0120522
3.325	1.35299	0.0365624
3.33	1.36604	0.0305645
3.335	1.37678	0.0209227
3.34	1.39044	0.0100119
3.345	1.37362	0.056829
3.35	1.37665	-0.0235117
3.355	1.39616	-0.02666
3.36	1.28793	-0.00909515
3.365	1.30353	0.0218297
3.37	1.31363	0.00965203
3.375	1.31032	0.0218036
3.38	1.35646	-0.00162104
3.385	1.33983	0.000740189
3.39	1.30506	0.00679478
3.395	1.30186	-0.0237336
3.4	1.26049	0.0189439
3.405	1.29626	0.0393068
3.41	1.29389	0.0243239
3.415	1.29215	0.0124563
3.42	1.32399	0.00857624
3.425	1.31564	-0.00168032
3.43	1.33957	-0.00731688
3.435	1.34748	0.000892793
3.44	1.44754	-0.0456865
3.445	1.45352	-0.0433471
3.45	1.46426	-0.0394612
3.455	1.45752	-0.0532716
3.46	1.45165	-0.0454765
3.465	1.46055	0.000546026
3.47	1.41036	0.0326411
3.475	1.41154	0.0419049
3.48	1.39375	0.0396757
3.485	1.37029	0.0317506
3.49	1.33376	-0.0480018
3.495	1.33363	-0.027712
3.5	1.33863	-0.0240082
3.505	1.34008	-0.0169895
3.51	1.29725	0.0205819
3.515	1.27844	0.00814524
3.52	1.28112	0.00557638
3.525	1.31763	-0.0326717
3.53	1.31623	-0.0300794
3.535	1.29756	-0.013652
3.54	1.28071	0.0351537
3.545	1.32773	0.0284248
3.55	1.33135	0.0172585
3.555	1.34833	0.00622559
3.56	1.33713	0.0563416
3.565	1.34085	-0.0227108
3.57	1.35149	-0.0278575
3.575	1.24761	-0.00962003
3.58	1.26994	0.0190806
3.585	1.26568	0.0153998
3.59	1.25663	0.0195629
3.595	1.31151	0.00481266
3.6	1.26428	0.00583087
3.605	1.26318	-0.0176092
3.61	1.24429	0.00414366
3.615	1.2231	0.0390817
3.62	1.23321	0.03009
3.625	1.24508	0.0153992
3.63	1.26448	0.00620864
3.635	1.26346	-0.0029632
3.64	1.29071	-0.0079703
3.645	1.36124	-0.036162
3.65	1.38261	-0.0376951
3.655	1.40061	-0.0377323
3.66	1.38259	-0.0540273
3.665	1.3993	-0.0458219
3.67	1.40849	-0.00239278
3.675	1.35701	0.0318338
3.68	1.35691	0.0387184
3.685	1.33426	0.0370725
3.69	1.30607	0.030325
3.695	1.27062	-0.0498259
3.7	1.28319	-0.01377
3.705	1.26769	-0.0274773
3.71	1.25245	-0.0229769
3.715	1.20973	0.0148548
3.72	1.20376	0.0135585
3.725	1.23019	-0.0345506
3.73	1.23325	-0.0252506
3.735	1.21817	-0.0110721
3.74	1.21389	-0.0120766
3.745	1.22993	0.0376119
3.75	1.24376	0.0292148
3.755	1.26138	0.0131138
3.76	1.26103	0.0636002
3.765	1.25351	0.0495989
3.77	1.27333	-0.0418194
3.775	1.172	-0.0249877
3.78	1.18998	0.00707834
3.785	1.1886	0.0102223
3.79	1.17761	0.0172724
3.795	1.22747	0.00245296
3.8	1.18323	0.00332418
3.805	1.17672	-0.0247879
3.81	1.1544	0.00116546
3.815	1.14121	0.0419579
3.82	1.14578	0.0297742
3.825	1.15719	0.0121401
3.83	1.17879	0.00804971
3.835	1.17771	-0.000807302
3.84	1.16582	0.0114696
3.845	1.27682	-0.0436922
3.85	1.29112	-0.0434942
3.855	1.31029	-0.0396786
3.86	1.30393	-0.0523036
3.865	1.29781	-0.0488856
3.87	1.30918	-0.000154486
3.875	1.25162	0.0321559
3.88	1.24972	0.0417719
3.885	1.22435	0.0334112
3.89	1.20123	0.0315541
3.895	1.1639	-0.0539255
3.9	1.17722	-0.0159395
3.905	1.15994	-0.0272681
3.91	1.14018	-0.0246973
3.915	1.10202	0.0181011
3.92	1.09087	0.00962413
3.925	1.12297	-0.0281827
3.93	1.12047	-0.0304489
3.935	1.10557	-0.0110967
3.94	1.10134	-0.010702
3.945	1.11173	0.0368293
3.95	1.12724	0.0284095
3.955	1.14225	0.0195336
3.96	1.12381	0.0592606
3.965	1.14409	0.0475698
3.97	1.16188	-0.0409095
3.975	1.06387	-0.0241604
3.98	1.0848	-0.00459201
3.985	1.07611	0.0112662
3.99	1.06442	0.0214068
3.995	1.10968	-0.00164993
4	1.08826	-0.000479548
4.005	1.05912	0.00819426
4.01	1.04664	-0.0241028
4.015	1.01587	0.0421724
4.02	1.02224	0.0309338
4.025	1.02856	0.0139869
4.03	1.04224	0.00932537
4.035	1.05737	0.000232345
4.04	1.05729	-0.00292947
4.045	1.04602	0.0106521
4.05	1.14915	-0.0436637
4.055	1.15997	-0.0405067
4.06	1.1718	-0.0341262
4.065	1.1442	-0.0503783
4.07	1.15967	-0.0437863
4.075	1.16862	-0.000356814
4.08	1.11803	0.0312195
4.085	1.12475	0.022846
4.09	1.089	0.0304368
4.095	1.0653	0.0293294
4.1	1.0403	0.0246951
4.105	1.02081	-0.0540639
4.11	1.02527	-0.0214662
4.115	1.00728	-0.0298023
4.12	0.996311	-0.0241689
4.125	0.953263	0.0148159
4.13	0.946101	0.00894559
4.135	0.943006	0.00742368
4.14	0.978668	-0.0335866
4.145	0.978369	-0.0304272
4.15	0.959731	-0.0132139
4.155	0.932987	0.0331822
4.16	0.975873	0.025619
4.165	0.981266	0.014727
4.17	0.990057	0.0113311
4.175	0.967339	0.0498851
4.18	0.986631	0.0436047
4.185	1.00731	-0.0394776
4.19	0.988864	-0.0315063
4.195	0.894082	-0.0114046
4.2	0.910366	0.0168864
4.205	0.90796	0.0131994
4.21	0.902357	0.0192295
4.215	0.949601	-0.00263138
4.22	0.928905	-0.00152316
4.225	0.896772	0.00458441
4.23	0.891786	-0.0219189
4.235	0.879929	0.00292473
4.24	0.8561	0.0399362
4.245	0.872276	0.0265434
4.25	0.865855	0.0154193
4.255	0.88058	0.00930887
4.26	0.895853	-0.00250407
4.265	0.889551	-0.00341982
4.27	0.904249	-0.0065484
4.275	0.907928	0.00157284
4.28	0.988038	-0.0414124
4.285	0.980165	-0.0322173
4.29	0.97904	-0.0291181
4.295	0.95928	-0.0400183
4.3	0.968036	-0.034921
4.305	0.968772	0.00240493
4.31	0.952981	-0.00313033
4.315	0.905583	0.0300427
4.32	0.915318	0.0213192
4.325	0.887766	0.0286441
4.33	0.866554	0.0238148
4.335	0.850557	0.0231971
4.34	0.829984	-0.0131167
4.345	0.823755	-0.0427552
4.35	0.82944	-0.0199178
4.355	0.811666	-0.026487
4.36	0.810202	-0.0186647
4.365	0.769496	0.0122454
4.37	0.767573	0.00893253
4.375	0.75861	0.00411684
4.38	0.755437	0.00429393
4.385	0.788268	-0.0312385
4.39	0.791419	-0.0285533
4.395	0.770201	-0.0130261
4.4	0.764393	-0.00696259
4.405	0.756994	-0.00915879
4.41	0.740573	0.0325061
4.415	0.771179	0.0255288
4.42	0.77137	0.0173501
4.425	0.774162	0.0110612
4.43	0.780223	-0.000601554
4.435	0.764938	0.0475329
4.44	0.758311	0.0428071
4.445	0.783927	-0.0361396
4.45	0.768749	-0.0274162
4.455	0.68408	-0.00764952
4.46	0.692812	-0.00268934
4.465	0.700148	0.016875
4.47	0.701441	0.0126363
4.475	0.695338	0.00815132
4.48	0.689828	0.0135067
4.485	0.7362	-0.00254833
4.49	0.715845	0.000392252
4.495	0.69528	-0.00265209
4.5	0.675323	0.00166395
4.505	0.675022	-0.0159613
4.51	0.671275	-0.0140037
4.515	0.654931	0.00505352
4.52	0.643004	0.0391679
4.525	0.650477	0.0287177
4.53	0.653356	0.0160799
4.535	0.652574	0.007516
4.54	0.653405	0.00388644
4.545	0.674359	-0.00156561
4.55	0.680003	-0.00353938
4.555	0.667221	-0.00563394
4.56	0.673793	-0.00691769
4.565	0.677824	-0.00653619
4.57	0.665485	0.00763621
4.575	0.683825	-0.00202899
4.58	0.740466	-0.0350096
4.585	0.721026	-0.0273289
4.59	0.708332	-0.0203174
4.595	0.705545	-0.0198461
4.6	0.700817	-0.00910717
4.605	0.671487	-0.0247227
4.61	0.678674	-0.0176954
4.615	0.667906	-0.0193218
4.62	0.663669	0.0113
4.625	0.654499	0.00857567
4.63	0.645515	0.00527663
4.635	0.599397	0.0289292
4.64	0.603435	0.0198967
4.645	0.614279	0.0106745
4.65	0.599537	0.0169396
4.655	0.588086	0.0172466
4.66	0.57601	0.0137782
4.665	0.568472	0.0112596
4.67	0.559288	0.00834862
4.675	0.552676	0.00684433
4.68	0.541789	-0.0196747
4.685	0.537847	-0.0434649
4.69	0.539219	-0.0285579
4.695	0.541623	-0.0198859
4.7	0.549689	-0.00823397
4.705	0.543962	-0.0076184
4.71	0.52213	-0.0132192
4.715	0.519866	-0.00986247
4.72	0.517606	-0.00703729
4.725	0.508967	-0.00481322
4.73	0.484487	0.0188016
4.735	0.484161	0.0126301
4.74	0.484629	0.00850447
4.745	0.483439	0.00546323
4.75	0.481095	0.0022547
4.755	0.478506	0.00152672
4.76	0.475326	0.000842254
4.765	0.469902	0.000943531
4.77	0.463137	0.00137369
4.775	0.498172	-0.0282463
4.78	0.486641	-0.0214279
4.785	0.477725	-0.0149158
4.79	0.480129	-0.0145648
4.795	0.468922	-0.0117417
4.8	0.459925	-0.00919946
4.805	0.447405	0.000567319
4.81	0.442973	0.000175616
4.815	0.438806	-0.000291734
4.82	0.434705	-0.000597522
4.825	0.430738	-0.000706392
4.83	0.426884	-0.000729993
4.835	0.405241	0.0350326
4.84	0.410618	0.0254108
4.845	0.417572	0.0167208
4.85	0.425974	0.01061
4.855	0.421816	0.0069065
4.86	0.416634	0.00228892
4.865	0.414652	0.00473977
4.87	0.402738	-0.00255017
4.875	0.402026	-7.61696e-05
4.88	0.399842	0.000130549
4.885	0.397062	0.000264171
4.89	0.393655	0.000502583
4.895	0.390684	0.000625847
4.9	0.386862	0.000614869
4.905	0.382318	-0.000282317
4.91	0.378688	-0.000358465
4.915	0.374671	-0.000682388
4.92	0.376762	-0.00912066
4.925	0.373694	-0.00357307
4.93	0.367569	-0.00431528
4.935	0.363011	-0.00307086
4.94	0.358624	-0.00215576
4.945	0.354401	-0.00142786
4.95	0.350469	-0.000864428
4.955	0.321378	0.036196
4.96	0.326267	0.0287524
4.965	0.32787	0.0177783
4.97	0.328524	0.0118396
4.975	0.3276	0.00745174
4.98	0.325679	0.00478698
4.985	0.324128	0.00298842
4.99	0.321295	0.00176259
4.995	0.316248	-0.000753582
5	0.312216	-0.0013783
5.005	0.312383	0.000151
5.01	0.309482	-3.20738e-05
5.015	0.305943	-0.000583265
5.02	0.300662	-0.00240281
5.025	0.29883	-0.00156933
5.03	0.297094	-0.00136691
5.035	0.294073	-0.00134837
5.04	0.291572	-0.000403757
5.045	0.285723	-0.00193073
5.05	0.285145	-0.000632147
5.055	0.282358	-0.000623454
5.06	0.278281	-0.00144582
5.065	0.275618	-0.00139286
5.07	0.295924	-0.0368069
5.075	0.285845	-0.0280892
5.08	0.276418	-0.018638
5.085	0.26965	-0.0129709
5.09	0.265484	-0.00922628
5.095	0.26094	-0.00661478
5.1	0.256804	-0.00461527
5.105	0.247571	0.00555877
5.11	0.248294	0.00317206
5.115	0.246854	0.0023813
5.12	0.246	0.00181912
5.125	0.24541	0.000947783
5.13	0.244545	0.000115756
5.135	0.244198	0.00184523
5.14	0.242005	0.00164227
5.145	0.238663	-0.000934042
5.15	0.236876	-0.00108459
5.155	0.247787	0.00291601
5.16	0.242061	0.00170305
5.165	0.237513	0.000105673
5.17	0.232279	0.000340598
5.175	0.226724	0.00265219
5.18	0.220286	0.00185511
5.185	0.219969	0.00126429
5.19	0.239531	-0.0247872
5.195	0.237209	-0.0198718
5.2	0.234785	-0.012267
5.205	0.232529	-0.00767629
5.21	0.230551	-0.0044837
5.215	0.228722	-0.00255461
5.22	0.229719	-0.00656871
5.225	0.226877	-0.00391016
5.23	0.224112	-0.00167195
5.235	0.209066	0.00392754
5.24	0.213574	0.00420174
5.245	0.215477	0.00330286
5.25	0.180939	0.0230778
5.255	0.195119	0.0173602
5.26	0.206831	0.0115835
5.265	0.210221	0.00792203
5.27	0.211953	0.00558835
5.275	0.211599	0.00480046
5.28	0.212042	0.00361665
5.285	0.212285	0.00187415
5.29	0.211585	0.00198879
5.295	0.227232	-0.0118599
5.3	0.219907	-0.00971458
5.305	0.213985	-0.00659762
5.31	0.209377	-0.00463316
5.315	0.216632	0.00168431
5.32	0.209992	0.00172301
5.325	0.197466	-0.0012921
5.33	0.19529	7.30227e-05
5.335	0.189322	-0.000960704
5.34	0.191444	0.020751
5.345	0.202339	0.0298409
5.35	0.197137	0.0164613
5.355	0.200095	0.0104948
5.36	0.199733	0.00763687
5.365	0.195784	0.0032453
5.37	0.197042	-0.000611061
5.375	0.196921	-0.00774945
5.38	0.177818	-0.00214975
5.385	0.176129	-0.00132744
5.39	0.192985	-0.0150852
5.395	0.186449	-0.0124326
5.4	0.178319	-0.00780412
5.405	0.177707	-0.0203631
5.41	0.179488	-0.00676242
5.415	0.168976	-0.00381343
5.42	0.171504	0.00742098
5.425	0.157721	0.00135292
5.43	0.158491	-0.000454982
5.435	0.149633	0.00554357
5.44	0.164693	-0.00556744
5.445	0.111528	0.0144932
5.45	0.118854	0.0137817
5.455	0.114893	0.00356698
5.46	0.125294	0.00242058
5.465	0.130565	0.0016702
5.47	0.12159	0.000505602
5.475	0.111167	0.0058171
5.48	0.101161	0.00354651
5.485	0.113144	0.00269726
5.49	0.12199	0.00578377
5.495	0.124921	0.0053606
5.5	0.12694	0.00376782
5.505	0.126665	-0.0146657
5.51	0.129604	-0.0198549
5.515	0.125145	-0.0125068
5.52	0.122957	-0.000333531
5.525	0.110357	-0.0017681
5.53	0.11597	0.00255867
5.535	0.115934	0.000100828
5.54	0.0850151	0.00575065
5.545	0.0872983	0.00167617
5.55	0.0932198	0.000933581
5.555	0.0971259	-0.00231968
5.56	0.0916469	-0.00902871
5.565	0.0907396	-0.00776038
5.57	0.121319	-0.00824741
5.575	0.11186	-0.00816463
5.58	0.0872744	0.0219608
5.585	0.0786303	0.00603881
5.59	0.085657	-0.0205593
5.595	0.0835628	-0.00731248
5.6	0.0869887	-0.00453019
5.605	0.108839	-0.00166074
5.61	0.105903	-0.00181987
5.615	0.119485	-0.0182316
5.62	0.123858	-0.0156935
5.625	0.128945	-0.00924536
5.63	0.135247	-0.00667756
5.635	0.123119	0.000897123
5.64	0.106896	0.0157306
5.645	0.128142	0.0120692
5.65	0.138953	0.00909674
5.655	0.147154	0.00744549
5.66	0.170311	-0.00784968
5.665	0.164272	-0.00587135
5.67	0.167229	0.00018702
5.675	0.157799	0.000457182
5.68	0.15165	0.0167034
5.685	0.163452	0.0224822
5.69	0.164334	0.0111251
5.695	0.163458	0.00688832
5.7	0.168425	-0.00228895
5.705	0.148194	0.00307106
5.71	0.15674	-0.0108452
5.715	0.151387	-0.00706617
5.72	0.148324	-0.0173918
5.725	0.143212	-0.00391997
5.73	0.144366	-0.00149895
5.735	0.132837	0.000464509
5.74	0.14136	-0.00556562
5.745	0.0939592	0.0121407
5.75	0.0877468	0.00580417
5.755	0.100303	0.00387256
5.76	0.099246	0.00171813
5.765	0.0767197	0.00616138
5.77	0.0849556	0.00154826
5.775	0.0996562	0.00678072
5.78	0.110123	0.00586863
5.785	0.127244	-0.0089505
5.79	0.117219	-0.0151947
5.795	0.112159	-0.0031801
5.8	0.108047	-0.00388166
5.805	0.113012	0.000274941
5.81	0.088552	0.00424704
5.815	0.0902851	0.0020107
5.82	0.095948	0.00136663
5.825	0.0941918	-0.00850652
5.83	0.117526	-0.00952849
5.835	0.109785	-0.00887512
5.84	0.0894701	0.0164468
5.845	0.0760071	0.00408151
5.85	0.0859654	-0.00986719
5.855	0.0986395	-0.00859037
5.86	0.120545	-0.00432402
5.865	0.116245	-0.00202697
5.87	0.137377	-0.015989
5.875	0.150527	-0.0177258
5.88	0.139571	-0.00506773
5.885	0.128389	0.012611
5.89	0.154022	0.00897745
5.895	0.164701	0.00553707
5.9	0.194963	-0.0058212
5.905	0.190439	-0.00446483
5.91	0.194066	0.000361214
5.915	0.18695	0.000152485
5.92	0.19173	0.0254713
5.925	0.194581	0.0135924
5.93	0.197078	0.00862068
5.935	0.201096	-0.00295759
5.94	0.180618	0.00354232
5.945	0.190393	-0.00775466
5.95	0.185161	-0.0182734
5.955	0.179163	-0.00559538
5.96	0.180369	0.0040317
5.965	0.165727	-0.00107616
5.97	0.174569	-0.00729446
5.975	0.132282	0.0103582
5.98	0.129764	0.00400481
5.985	0.130935	0.00179126
5.99	0.108925	0.00267539
5.995	0.119629	0.00109415
6	0.136391	0.00809312
6.005	0.149343	0.00513728
6.01	0.161208	-0.0151405
6.015	0.158303	-0.0046733
6.02	0.15358	-0.00490682
6.025	0.157806	-0.00243248
6.03	0.138135	0.00474398
6.035	0.138443	6.73194e-05
6.04	0.145511	-0.00537315
6.045	0.142739	-0.00727106
6.05	0.165507	-0.00768379
6.055	0.144429	0.0151355
6.06	0.129213	0.000409755
6.065	0.138996	-0.0113246
6.07	0.154018	-0.00857351
6.075	0.17406	-0.00381938
6.08	0.185343	-0.0151035
6.085	0.194891	-0.0139706
6.09	0.209006	-0.0089289
6.095	0.198714	-0.0006704
6.1	0.200005	0.0129617
6.105	0.216516	0.00765602
6.11	0.235157	0.00148464
6.115	0.255928	-0.00296157
6.12	0.256097	0.00126679
6.125	0.250142	-0.00245585
6.13	0.256506	0.0229994
6.135	0.259179	0.0137095
6.14	0.260346	0.00581388
6.145	0.248699	0.00317475
6.15	0.257364	-0.00812359
6.155	0.250961	-0.0188094
6.16	0.248764	-0.00628679
6.165	0.245951	0.00366112
6.17	0.230028	-0.00158723
6.175	0.237679	-0.00755192
6.18	0.199118	0.0116218
6.185	0.198918	0.00469581
6.19	0.199322	0.0018032
6.195	0.175274	0.00166144
6.2	0.19704	0.00695426
6.205	0.204615	0.0047889
6.21	0.215771	-0.00849424
6.215	0.230837	-0.0133712
6.22	0.228561	-0.00251245
6.225	0.228403	0.000291896
6.23	0.210469	0.00277216
6.235	0.214865	-0.000847375
6.24	0.221171	-0.000434943
6.245	0.221307	-0.00749524
6.25	0.241957	-0.00920361
6.255	0.22481	0.0153625
6.26	0.216691	0.00052815
6.265	0.221292	-0.0190133
6.27	0.227251	-0.0072043
6.275	0.254499	-0.00177041
6.28	0.260353	-0.0147606
6.285	0.272642	-0.0110724
6.29	0.287574	-0.00912959
6.295	0.280895	-0.00037654
6.3	0.280059	0.0123505
6.305	0.298746	0.00811895
6.31	0.31999	0.00169535
6.315	0.340443	-0.00308787
6.32	0.33988	0.0014304
6.325	0.33373	-0.00195909
6.33	0.343302	0.022824
6.335	0.343448	0.0119206
6.34	0.34818	0.00382525
6.345	0.334071	0.00199252
6.35	0.343326	-0.009071
6.355	0.337313	-0.0195675
6.36	0.331221	-0.00752377
6.365	0.332901	0.00250215
6.37	0.314088	0.00202312
6.375	0.32548	-0.00579562
6.38	0.27819	0.00733652
6.385	0.289837	0.00689133
6.39	0.293404	0.00434293
6.395	0.267491	-0.000326595
6.4	0.284985	0.00681432
6.405	0.299798	0.00449658
6.41	0.309369	-0.00839135
6.415	0.324696	-0.0126628
6.42	0.323048	-0.00311118
6.425	0.322167	-0.00151563
6.43	0.307086	0.00255779
6.435	0.312844	-0.00129369
6.44	0.319033	-0.00244338
6.445	0.321149	-0.00729437
6.45	0.344022	-0.0083942
6.455	0.33465	-0.00635227
6.46	0.32213	0.0111293
6.465	0.323546	-0.0127142
6.47	0.326789	-0.00514105
6.475	0.353297	-0.00176414
6.48	0.350739	-0.0004051
6.485	0.370704	-0.0134718
6.49	0.387977	-0.0135833
6.495	0.377086	-0.00390712
6.5	0.376598	0.0116711
6.505	0.397956	0.00857134
6.51	0.413881	0.00469402
6.515	0.443361	-0.00433621
6.52	0.439672	-0.00326578
6.525	0.437332	-0.00144773
6.53	0.432846	-0.00137474
6.535	0.451373	0.0245626
6.54	0.451207	0.013653
6.545	0.452397	0.00373972
6.55	0.440216	0.000963627
6.555	0.451291	-0.0111163
6.56	0.445073	-0.0226949
6.565	0.442504	-0.0108655
6.57	0.442831	0.00189108
6.575	0.42856	-0.000245339
6.58	0.430854	-0.00242457
6.585	0.399032	0.0123249
6.59	0.397756	0.00866796
6.595	0.411469	0.00684063
6.6	0.411524	0.00455944
6.605	0.384752	-0.00522758
6.61	0.406559	0.00604114
6.615	0.419194	0.00339069
6.62	0.416576	-0.00472193
6.625	0.444642	-0.015669
6.63	0.444116	-0.003007
6.635	0.43905	-0.00559637
6.64	0.443131	-0.00471017
6.645	0.429854	0.00126438
6.65	0.434287	-0.00272092
6.655	0.442148	0.000403434
6.66	0.445617	-0.00748581
6.665	0.473764	-0.00821631
6.67	0.462998	-0.00629513
6.675	0.451687	0.0152199
6.68	0.454657	-0.0103257
6.685	0.453963	-0.00679414
6.69	0.459733	-0.00535352
6.695	0.486175	-0.00235238
6.7	0.491798	-0.016879
6.705	0.504723	-0.0134939
6.71	0.516977	-0.0102983
6.715	0.50604	-0.00245559
6.72	0.499594	0.0148473
6.725	0.52198	0.0105374
6.73	0.536684	0.00510646
6.735	0.548398	-0.000623293
6.74	0.573771	-0.00219424
6.745	0.575505	0.00256086
6.75	0.561585	-0.0027501
6.755	0.55706	-0.00218551
6.76	0.57727	0.0285788
6.765	0.577716	0.0148885
6.77	0.582316	0.00820732
6.775	0.580757	-0.00443779
6.78	0.56733	-0.00259773
6.785	0.581655	-0.0141789
6.79	0.575909	-0.0122105
6.795	0.571351	-0.0184467
6.8	0.57688	-0.00311458
6.805	0.567217	-0.0026104
6.81	0.561422	0.000610365
6.815	0.565079	-0.000977229
6.82	0.5335	0.015957
6.825	0.536434	0.011463
6.83	0.551899	0.00848361
6.835	0.547793	0.00695135
6.84	0.552884	0.00675079
6.845	0.541261	-0.00987516
6.85	0.559072	0.00273255
6.855	0.570091	0.0032359
6.86	0.578175	0.00166718
6.865	0.582989	-0.0202063
6.87	0.589757	-0.0154873
6.875	0.591249	-0.00163487
6.88	0.584155	-0.00417643
6.885	0.595477	-0.00485595
6.89	0.575589	-0.000242566
6.895	0.585454	-0.00410167
6.9	0.593783	-0.00341369
6.905	0.600301	-0.00308635
6.91	0.605659	-0.0059167
6.915	0.608603	-0.00616428
6.92	0.638516	-0.00906916
6.925	0.635712	-0.00687059
6.93	0.620297	0.0259421
6.935	0.604691	0.0179685
6.94	0.62724	-0.0138135
6.945	0.620787	-0.0136173
6.95	0.628072	-0.00994601
6.955	0.648428	-0.00533271
6.96	0.649247	-0.00384289
6.965	0.643943	-0.00221396
6.97	0.666086	-0.0191066
6.975	0.676985	-0.0156023
6.98	0.684754	-0.014621
6.985	0.672559	-0.00544837
6.99	0.68736	-0.00225245
6.995	0.66918	0.0166565
7	0.6855	0.0121556
7.005	0.699663	0.00624033
7.01	0.707928	0.00460974
7.015	0.721052	-0.00310974
7.02	0.734447	-0.00221704
7.025	0.72889	-0.000981706
7.03	0.735303	0.00461498
7.035	0.722677	-0.00340717
7.04	0.721864	-0.00252335
7.045	0.731401	0.0210607
7.05	0.743103	0.0264709
7.055	0.744473	0.0153139
7.06	0.746879	0.00662832
7.065	0.751648	0.00521743
7.07	0.74762	-0.00152262
7.075	0.753671	-0.00859881
7.08	0.739646	-0.00929742
7.085	0.759061	-0.0214448
7.09	0.753114	-0.0175764
7.095	0.749057	-0.0122719
7.1	0.750228	-0.024904
7.105	0.75192	-0.0162394
7.11	0.748092	-0.00851215
7.115	0.75866	0.00184826
7.12	0.752007	0.00585575
7.125	0.750153	0.00618875
7.13	0.749334	0.00606816
7.135	0.751659	0.00473246
7.14	0.750286	0.0047449
7.145	0.723945	0.0221908
7.15	0.734524	0.021147
7.155	0.741633	0.0101018
7.16	0.754802	0.00674567
7.165	0.762957	0.00591741
7.17	0.75321	0.0047863
7.175	0.77014	0.00574414
7.18	0.76998	0.00177247
7.185	0.762757	-0.0101545
7.19	0.76676	-0.00890148
7.195	0.777845	-0.00844193
7.2	0.790267	0.00357491
7.205	0.798323	0.00306799
7.21	0.796552	0.00165862
7.215	0.797739	0.00115651
7.22	0.801164	0.00100676
7.225	0.785232	-0.0123482
7.23	0.8139	-0.0260343
7.235	0.814317	-0.0192954
7.24	0.815441	-0.0133879
7.245	0.816691	-0.00688962
7.25	0.818669	0.00787954
7.255	0.817314	0.00335158
7.26	0.819933	0.000545991
7.265	0.813568	-0.00266504
7.27	0.828082	-0.00359409
7.275	0.833203	-0.00592501
7.28	0.831587	-0.00695668
7.285	0.836993	-0.00562298
7.29	0.813421	0.0057261
7.295	0.827415	0.00238546
7.3	0.836397	0.000722358
7.305	0.843965	-0.00534371
7.31	0.849462	-0.00393585
7.315	0.854081	-0.00303596
7.32	0.858171	-0.00249881
7.325	0.862273	-0.00369039
7.33	0.864227	-0.00269612
7.335	0.863924	0.00498828
7.34	0.874452	-0.00611641
7.345	0.87299	-0.00900166
7.35	0.877329	-0.00704903
7.355	0.881192	-0.00588572
7.36	0.885203	-0.00493378
7.365	0.888962	-0.00420849
7.37	0.930998	-0.00451866
7.375	0.919491	-0.0078205
7.38	0.914473	-0.00522709
7.385	0.91303	-0.00374843
7.39	0.912087	-0.00314741
7.395	0.911713	-0.00313821
7.4	0.912863	-0.00305729
7.405	0.914749	-0.00281318
7.41	0.917203	-0.00266659
7.415	0.913874	0.00122663
7.42	0.909832	0.0446978
7.425	0.914161	0.0332488
7.43	0.920734	0.0219479
7.435	0.92457	0.012102
7.44	0.929458	0.00773425
7.445	0.93379	0.00482804
7.45	0.937513	0.00290719
7.455	0.937729	0.00529184
7.46	0.94168	0.00355028
7.465	0.945705	0.00185485
7.47	0.949217	0.000661106
7.475	0.952453	-0.000141192
7.48	0.955485	-0.000655569
7.485	0.958382	-0.000810218
7.49	0.961257	-0.00123295
7.495	0.964874	-0.0020743
7.5	0.967394	-0.0022555
7.505	0.972082	0.000199593
7.51	0.959842	-0.00203817
7.515	0.981068	-0.00115243
7.52	0.980492	-0.00101428
7.525	0.982758	-0.0008333
7.53	0.982907	-0.00141983
7.535	0.985465	-0.00103924
7.54	0.988455	-0.000883169
7.545	0.990946	-0.00109972
7.55	0.993315	-0.00105301
7.555	0.995853	-0.000917295
7.56	0.997523	-0.00184246
7.565	0.999855	-0.00187777
7.57	1.00708	-0.00437889
7.575	1.008	-0.00369509
7.58	1.00927	-0.00292392
7.585	1.01094	-0.00226912
7.59	1.01287	-0.00178252
7.595	1.015	-0.00140415
7.6	1.01725	-0.00105082
7.605	1.02817	-0.0509486
7.61	1.04021	-0.042557
7.615	1.03343	-0.0293508
7.62	1.02967	-0.0202178
7.625	1.02731	-0.0137756
7.63	1.02687	-0.00904153
7.635	1.02738	-0.00647476
7.64	1.0281	-0.00439776
7.645	1.0291	-0.00305288
7.65	1.03029	-0.00214589
7.655	0.978678	0.00239519
7.66	0.99855	0.00318189
7.665	1.01355	0.00180958
7.67	1.02307	0.000645306
7.675	1.02963	-0.000840145
7.68	1.03872	0.00253352
7.685	1.03288	0.0132287
7.69	1.04396	0.00436276
7.695	1.04629	0.0030353
7.7	1.04322	-0.00169583
7.705	1.04857	0.000957444
7.71	1.04976	0.000425853
7.715	1.05059	-0.000447272
7.72	1.05136	0.00719113
7.725	1.0548	0.00512204
7.73	1.05625	0.00331424
7.735	1.09061	-0.0118532
7.74	1.07973	-0.00759403
7.745	1.07844	-0.00301602
7.75	1.06736	0.00290826
7.755	1.06253	0.00303023
7.76	1.05047	0.00591029
7.765	1.06036	0.00548512
7.77	1.06717	0.00434586
7.775	1.06947	-0.0156603
7.78	1.07408	-0.0142445
7.785	1.07168	-0.0105851
7.79	1.07341	-0.00664649
7.795	1.04951	0.0206522
7.8	1.07931	0.0353441
7.805	1.08327	0.0228854
7.81	1.0858	0.0157986
7.815	1.09911	0.012081
7.82	1.09398	0.00681027
7.825	1.09049	-0.00228923
7.83	1.0918	-0.00355086
7.835	1.10585	-0.00121654
7.84	1.11601	0.0089536
7.845	1.11972	0.00599424
7.85	1.12488	-0.00030817
7.855	1.12344	-0.00176225
7.86	1.13281	-0.00474885
7.865	1.14013	-0.00548171
7.87	1.12501	0.00781832
7.875	1.14496	-0.00574109
7.88	1.19648	-0.0318785
7.885	1.18959	-0.0295682
7.89	1.18476	-0.0264544
7.895	1.17825	-0.0222583
7.9	1.17435	-0.0205568
7.905	1.18374	-0.0183761
7.91	1.15946	-0.0317745
7.915	1.17642	-0.023168
7.92	1.17617	-0.0184346
7.925	1.18009	0.0125908
7.93	1.17576	0.00949072
7.935	1.17343	0.00586437
7.94	1.13318	0.0295859
7.945	1.1546	0.0262002
7.95	1.15379	0.0296842
7.955	1.15249	0.0254045
7.96	1.1474	0.0195172
7.965	1.14417	0.0150802
7.97	1.14311	0.0118313
7.975	1.13925	-0.0156433
7.98	1.13924	-0.0468801
7.985	1.14422	-0.0290637
7.99	1.16631	-0.0136377
7.995	1.15299	-0.0206267
8	1.15864	-0.0134768
8.005	1.15278	-0.0126279
8.01	1.1326	0.0119096
8.015	1.13745	0.00782434
8.02	1.13635	0.00444501
8.025	1.14305	0.00242225
8.03	1.16959	-0.0334907
8.035	1.16764	-0.0223578
8.04	1.17002	-0.0194013
8.045	1.163	-0.00843936
8.05	1.16024	-0.00500421
8.055	1.1402	0.0327918
8.06	1.16889	0.0268028
8.065	1.18046	0.0146954
8.07	1.18473	0.0133943
8.075	1.19053	0.00855226
8.08	1.19989	0.00471249
8.085	1.17315	0.0498856
8.09	1.18864	0.0355932
8.095	1.21061	-0.0409223
8.1	1.19612	-0.0336055
8.105	1.11397	-0.0136492
8.11	1.12722	-0.00733017
8.115	1.14363	0.00818484
8.12	1.14321	0.00686047
8.125	1.14094	0.00426165
8.13	1.14072	0.0127951
8.135	1.18967	-0.00315033
8.14	1.1632	-0.000179904
8.145	1.1404	0.0050466
8.15	1.14502	-0.0169348
8.155	1.13538	-0.0138663
8.16	1.11665	0.0414032
8.165	1.12646	0.031381
8.17	1.13307	0.0202549
8.175	1.1339	0.00969391
8.18	1.15637	0.0113603
8.185	1.16604	0.00318603
8.19	1.17011	-0.00254138
8.195	1.18701	-0.00675041
8.2	1.19108	-0.001474
8.205	1.26624	-0.0386562
8.21	1.27016	-0.0381056
8.215	1.26813	-0.032433
8.22	1.27329	-0.0338085
8.225	1.26882	-0.042299
8.23	1.2666	-0.00407301
8.235	1.26636	-0.00201041
8.24	1.22934	0.029521
8.245	1.24187	0.0245
8.25	1.22281	0.0324818
8.255	1.20971	0.0270783
8.26	1.20028	0.0220152
8.265	1.17964	-0.0496232
8.27	1.18404	-0.0296064
8.275	1.20933	-0.0112582
8.28	1.19415	-0.0198103
8.285	1.16545	-0.0187411
8.29	1.16752	0.0102677
8.295	1.16441	0.0109841
8.3	1.16367	0.00029196
8.305	1.19784	-0.0298501
8.31	1.19284	-0.0265088
8.315	1.18147	-0.0140128
8.32	1.17884	-0.0120156
8.325	1.18886	0.0346312
8.33	1.20354	0.0294956
8.335	1.21256	0.0194844
8.34	1.22356	0.0105772
8.345	1.20976	0.0551752
8.35	1.21397	-0.0211638
8.355	1.22752	-0.02573
8.36	1.12497	-0.00801437
8.365	1.14272	0.0194027
8.37	1.14984	0.00928378
8.375	1.14426	0.0170857
8.38	1.18505	-0.00541615
8.385	1.17174	0.00191183
8.39	1.13778	0.00645869
8.395	1.1343	-0.021529
8.4	1.09425	0.0171606
8.405	1.12774	0.03725
8.41	1.12314	0.0231722
8.415	1.12009	0.0141535
8.42	1.14689	0.00909549
8.425	1.1413	8.00345e-05
8.43	1.16466	-0.00581444
8.435	1.17153	0.00122564
8.44	1.26413	-0.0400877
8.445	1.26708	-0.0405717
8.45	1.28114	-0.0377431
8.455	1.2748	-0.0497928
8.46	1.26859	-0.0406193
8.465	1.28074	-0.000239423
8.47	1.23495	0.0314523
8.475	1.23272	0.0390355
8.48	1.22066	0.0384894
8.485	1.20262	0.03105
8.49	1.17125	-0.0453887
8.495	1.17242	-0.0277746
8.5	1.17832	-0.0241677
8.505	1.18134	-0.0172563
8.51	1.14571	0.014972
8.515	1.13115	0.00810514
8.52	1.1333	0.00488385
8.525	1.16624	-0.0357659
8.53	1.15821	-0.0263031
8.535	1.15034	-0.0139946
8.54	1.13238	0.0345321
8.545	1.17316	0.0304022
8.55	1.18216	0.0157701
8.555	1.19129	0.00848809
8.56	1.18147	0.0540383
8.565	1.18559	-0.0230613
8.57	1.19573	-0.0250199
8.575	1.09501	-0.00944713
8.58	1.11501	0.0183633
8.585	1.11005	0.0133532
8.59	1.10103	0.0158272
8.595	1.15126	0.00304743
8.6	1.10604	0.00511546
8.605	1.10345	-0.017009
8.61	1.08505	0.00311162
8.615	1.06637	0.0405546
8.62	1.07082	0.0279375
8.625	1.08078	0.0152137
8.63	1.09952	0.00773528
8.635	1.10159	0.000708353
8.64	1.1217	-0.00890416
8.645	1.19303	-0.0332386
8.65	1.21182	-0.0350515
8.655	1.22895	-0.03521
8.66	1.21005	-0.0500693
8.665	1.22924	-0.0415997
8.67	1.23953	-0.00103851
8.675	1.19697	0.0311567
8.68	1.19243	0.0376596
8.685	1.17324	0.0349602
8.69	1.1499	0.0293751
8.695	1.12356	-0.0462671
8.7	1.13011	-0.017053
8.705	1.11927	-0.0278076
8.71	1.10962	-0.0218958
8.715	1.07595	0.0171542
8.72	1.06323	0.00796066
8.725	1.09421	-0.0330756
8.73	1.09096	-0.0239811
8.735	1.07848	-0.0120612
8.74	1.0758	-0.010888
8.745	1.08873	0.037378
8.75	1.10474	0.0289924
8.755	1.11959	0.013916
8.76	1.11785	0.0618702
8.765	1.11171	0.0492628
8.77	1.12532	-0.0408656
8.775	1.03191	-0.0221953
8.78	1.04869	0.00787685
8.785	1.04188	0.00770728
8.79	1.0312	0.0135661
8.795	1.07805	-6.28866e-06
8.8	1.04014	0.00386914
8.805	1.02877	-0.0233653
8.81	1.0071	0.0014803
8.815	0.994318	0.0405609
8.82	0.995532	0.0288382
8.825	1.0081	0.0158548
8.83	1.02481	0.00460732
8.835	1.02342	-0.00192934
8.84	1.01595	0.0104995
8.845	1.1231	-0.0375587
8.85	1.13445	-0.0396556
8.855	1.15042	-0.0358004
8.86	1.14608	-0.0490913
8.865	1.14485	-0.0434368
8.87	1.15113	-0.00320777
8.875	1.10511	0.0356096
8.88	1.10514	0.0413509
8.885	1.07986	0.0304988
8.89	1.05761	0.0292627
8.895	1.03053	-0.0478086
8.9	1.04038	-0.0194991
8.905	1.02469	-0.0285725
8.91	1.01206	-0.0204664
8.915	0.976052	0.0158582
8.92	0.966205	0.00827902
8.925	0.99548	-0.0302901
8.93	0.995471	-0.0270032
8.935	0.981201	-0.0102078
8.94	0.975452	-0.00892145
8.945	0.984162	0.0350386
8.95	1.00001	0.0285921
8.955	1.01107	0.0181816
8.96	0.996528	0.0588438
8.965	1.01429	0.0470965
8.97	1.03144	-0.0367835
8.975	0.93172	-0.0253457
8.98	0.956002	-0.00274436
8.985	0.946527	0.011325
8.99	0.933538	0.0194098
8.995	0.974512	-0.00410412
9	0.956359	0.00294733
9.005	0.927156	0.00642832
9.01	0.913629	-0.0225458
9.015	0.882372	0.0399124
9.02	0.887155	0.0293798
9.025	0.894839	0.0143063
9.03	0.907199	0.0111992
9.035	0.919736	0.000851258
9.04	0.917492	-0.00384284
9.045	0.910448	0.00893591
9.05	1.01165	-0.0383739
9.055	1.01744	-0.0355472
9.06	1.0301	-0.0333095
9.065	1.007	-0.0456475
9.07	1.0182	-0.0385106
9.075	1.02863	-0.00092329
9.08	0.985804	0.0306
9.085	0.9936	0.0236776
9.09	0.963102	0.031498
9.095	0.937839	0.0269689
9.1	0.915887	0.0225046
9.105	0.90215	-0.0512835
9.11	0.906151	-0.0205785
9.115	0.889475	-0.027707
9.12	0.880296	-0.0219115
9.125	0.843141	0.0129419
9.13	0.833008	0.00635871
9.135	0.832186	0.00549514
9.14	0.870517	-0.0311597
9.145	0.863346	-0.0271142
9.15	0.84787	-0.0127761
9.155	0.82173	0.0308798
9.16	0.861568	0.0241442
9.165	0.866915	0.0182237
9.17	0.873165	0.00982059
9.175	0.855543	0.0514226
9.18	0.870748	0.043158
9.185	0.889575	-0.0373211
9.19	0.871397	-0.0306268
9.195	0.782141	-0.00930295
9.2	0.794758	0.0147941
9.205	0.791971	0.0117259
9.21	0.788121	0.0209765
9.215	0.830451	-0.0049866
9.22	0.81102	-0.00229955
9.225	0.781516	0.00662004
9.23	0.775973	-0.0192848
9.235	0.760649	0.00150665
9.24	0.73987	0.037763
9.245	0.751413	0.0264753
9.25	0.748784	0.013759
9.255	0.76292	0.0105781
9.26	0.775905	-0.000654644
9.265	0.770414	-0.00393557
9.27	0.783281	-0.00672583
9.275	0.787218	0.0016048
9.28	0.868681	-0.0368169
9.285	0.858622	-0.0314972
9.29	0.857457	-0.0289504
9.295	0.837599	-0.0350997
9.3	0.847122	-0.0305381
9.305	0.849261	0.00351642
9.31	0.836215	0.000865979
9.315	0.795126	0.0304419
9.32	0.801798	0.0198919
9.325	0.77639	0.0267241
9.33	0.760148	0.0268855
9.335	0.741795	0.0194038
9.34	0.725786	-0.0127342
9.345	0.72149	-0.0411352
9.35	0.726979	-0.0200591
9.355	0.710223	-0.0249333
9.36	0.709556	-0.0174685
9.365	0.673057	0.0121548
9.37	0.66756	0.0075123
9.375	0.664172	0.00360399
9.38	0.662585	0.00265561
9.385	0.691816	-0.0262451
9.39	0.69331	-0.0247018
9.395	0.673397	-0.0114057
9.4	0.666576	-0.0101542
9.405	0.659537	-0.00886504
9.41	0.645802	0.034535
9.415	0.67331	0.0265339
9.42	0.674381	0.0176238
9.425	0.675055	0.00882781
9.43	0.685425	0.0011522
9.435	0.668101	0.0462938
9.44	0.661248	0.0396727
9.445	0.689787	-0.0304225
9.45	0.671809	-0.0248472
9.455	0.587184	-0.00933088
9.46	0.59836	-0.00038831
9.465	0.605029	0.0164579
9.47	0.60454	0.0128103
9.475	0.598072	0.00915043
9.48	0.591749	0.0120427
9.485	0.634335	-0.00396779
9.49	0.616887	-0.00121918
9.495	0.59614	-0.00213714
9.5	0.577574	0.0018607
9.505	0.576963	-0.0140412
9.51	0.575032	-0.0119083
9.515	0.558531	0.00534657
9.52	0.543366	0.0363479
9.525	0.55195	0.0281737
9.53	0.557702	0.0165876
9.535	0.554291	0.00935134
9.54	0.556296	0.00444516
9.545	0.577591	0.000582296
9.55	0.577565	-0.00620967
9.555	0.569172	-0.00462597
9.56	0.575356	-0.00566309
9.565	0.578723	-0.00567349
9.57	0.566223	0.00558122
9.575	0.584071	-0.00202244
9.58	0.646364	-0.0307022
9.585	0.620667	-0.0250097
9.59	0.607367	-0.0179812
9.595	0.607148	-0.0170017
9.6	0.600431	-0.0097614
9.605	0.576862	-0.0200766
9.61	0.58237	-0.0145789
9.615	0.57328	-0.0193121
9.62	0.568538	0.0111701
9.625	0.56105	0.00855435
9.63	0.553375	0.00583969
9.635	0.511283	0.0289569
9.64	0.51639	0.020829
9.645	0.527928	0.0115032
9.65	0.511836	0.0159472
9.655	0.501438	0.0162032
9.66	0.491851	0.0130683
9.665	0.483776	0.0103142
9.67	0.474686	0.00787809
9.675	0.467778	0.00683513
9.68	0.460492	-0.017255
9.685	0.458501	-0.0397091
9.69	0.459183	-0.0255894
9.695	0.45916	-0.019124
9.7	0.46775	-0.00818656
9.705	0.46168	-0.00755242
9.71	0.441146	-0.012629
9.715	0.439552	-0.00845966
9.72	0.437642	-0.00588251
9.725	0.429836	-0.00420062
9.73	0.408091	0.0180293
9.735	0.407912	0.0130523
9.74	0.407726	0.00878651
9.745	0.406398	0.00539349
9.75	0.404209	0.00205351
9.755	0.401742	0.00139441
9.76	0.398795	0.00097159
9.765	0.392248	0.00216239
9.77	0.388793	0.00144571
9.775	0.421375	-0.0263611
9.78	0.410157	-0.0196899
9.785	0.40202	-0.0147862
9.79	0.402675	-0.0129115
9.795	0.391905	-0.0103219
9.8	0.383396	-0.00797844
9.805	0.372552	0.00133113
9.81	0.368319	0.00307686
9.815	0.364707	0.000850228
9.82	0.360839	0.000393155
9.825	0.356454	0.000234204
9.83	0.352938	-0.00107255
9.835	0.330689	0.031083
9.84	0.337041	0.0258319
9.845	0.342332	0.0181415
9.85	0.350469	0.00928051
9.855	0.347038	0.00672836
9.86	0.343969	0.00503479
9.865	0.34064	0.00412533
9.87	0.331365	-0.0010166
9.875	0.329562	-0.000210469
9.88	0.329419	0.0027795
9.885	0.325764	0.00135809
9.89	0.321963	0.000528199
9.895	0.319015	0.000305539
9.9	0.315408	0.000265829
9.905	0.311778	0.000482896
9.91	0.308149	0.000801612
9.915	0.303974	0.000438509
9.92	0.306976	-0.0092419
9.925	0.30227	-0.00502793
9.93	0.297567	-0.00287801
9.935	0.292642	-0.00107113
9.94	0.288851	-0.000377656
9.945	0.283808	-0.00163671
9.95	0.280257	-0.00132206
9.955	0.255586	0.0350118
9.96	0.257435	0.0271267
9.965	0.259302	0.0157733
9.97	0.260652	0.0144132
9.975	0.260266	0.00743176
9.98	0.258587	0.00504725
9.985	0.255015	0.00264804
9.99	0.252739	0.000856675
9.995	0.250053	0.000901445
10	0.247519	0.000475424
