-14.7056
-14.4169
-14.1339
-13.8565
-13.5844
-13.3178
-13.0563
-12.8
-12.5487
-12.3023
-12.0608
-11.824
-11.5918
-11.3642
-11.1411
-10.9223
-10.7078
-10.4976
-10.2914
-10.0893
-9.89116
-9.6969
-9.50645
-9.31973
-9.13668
-8.95721
-8.78127
-8.60877
-8.43965
-8.27385
-8.11131
-7.95195
-7.79571
-7.64254
-7.49237
-7.34514
-7.20081
-7.0593
-6.92056
-6.78455
-6.65121
-6.52047
-6.39231
-6.26665
-6.14346
-6.02268
-5.90428
-5.78819
-5.67438
-5.5628
-5.45341
-5.34617
-5.24103
-5.13795
-5.03689
-4.93781
-4.84067
-4.74544
-4.65208
-4.56055
-4.47081
-4.38283
-4.29658
-4.21201
-4.12911
-4.04783
-3.96815
-3.89002
-3.81343
-3.73834
-3.66473
-3.59256
-3.5218
-3.45243
-3.38442
-3.31774
-3.25237
-3.18828
-3.12545
-3.06385
-3.00346
-2.94426
-2.88621
-2.8293
-2.77351
-2.71881
-2.66519
-2.61261
-2.56107
-2.51054
-2.46099
-2.41242
-2.36481
-2.31812
-2.27235
-2.22748
-2.18349
-2.14036
-2.09808
-2.05662
-2.01598
-1.97614
-1.93707
-1.89878
-1.86123
-1.82442
-1.78833
-1.75295
-1.71826
-1.68426
-1.65092
-1.61823
-1.58618
-1.55477
-1.52397
-1.49377
-1.46416
-1.43514
-1.40668
-1.37879
-1.35143
-1.32462
-1.29833
-1.27256
-1.24729
-1.22252
-1.19823
-1.17442
-1.15108
-1.12819
-1.10576
-1.08376
-1.06219
-1.04105
-1.02032
-1
-0.98
-0.96
-0.94
-0.92
-0.9
-0.88
-0.86
-0.84
-0.82
-0.8
-0.78
-0.76
-0.74
-0.72
-0.7
-0.68
-0.66
-0.64
-0.62
-0.6
-0.58
-0.56
-0.54
-0.52
-0.5
-0.48
-0.46
-0.44
-0.42
-0.4
-0.38
-0.36
-0.34
-0.32
-0.3
-0.28
-0.26
-0.24
-0.22
-0.2
-0.18
-0.16
-0.14
-0.12
-0.1
-0.08
-0.06
-0.04
-0.02
7.5287e-16
0.02
0.04
0.06
0.08
0.1
0.12
0.14
0.16
0.18
0.2
0.22
0.24
0.26
0.28
0.3
0.32
0.34
0.36
0.38
0.4
0.42
0.44
0.46
0.48
0.5
0.52
0.54
0.56
0.58
0.6
0.62
0.64
0.66
0.68
0.7
0.72
0.74
0.76
0.78
0.8
0.82
0.84
0.86
0.88
0.9
0.92
0.94
0.96
0.98
1
1.02032
1.04105
1.06219
1.08376
1.10576
1.12819
1.15108
1.17442
1.19823
1.22252
1.24729
1.27256
1.29833
1.32462
1.35143
1.37879
1.40668
1.43514
1.46416
1.49377
1.52397
1.55477
1.58618
1.61823
1.65092
1.68426
1.71826
1.75295
1.78833
1.82442
1.86123
1.89878
1.93707
1.97614
2.01598
2.05662
2.09808
2.14036
2.18349
2.22748
2.27235
2.31812
2.36481
2.41242
2.46099
2.51054
2.56107
2.61261
2.66519
2.71881
2.77351
2.8293
2.88621
2.94426
3.00346
3.06385
3.12545
3.18828
3.25237
3.31774
3.38442
3.45243
3.5218
3.59256
3.66473
3.73834
3.81343
3.89002
3.96815
4.04783
4.12911
4.21201
4.29658
4.38283
4.47081
4.56055
4.65208
4.74544
4.84067
4.93781
5.03689
5.13795
5.24103
5.34617
5.45341
5.5628
5.67438
5.78819
5.90428
6.02268
6.14346
6.26665
6.39231
6.52047
6.65121
6.78455
6.92056
7.0593
7.20081
7.34514
7.49237
7.64254
7.79571
7.95195
8.11131
8.27385
8.43965
8.60877
8.78127
8.95721
9.13668
9.31973
9.50645
9.6969
9.89116
10.0893
10.2914
10.4976
10.7078
10.9223
11.1411
11.3642
11.5918
11.824
12.0608
12.3023
12.5487
12.8
13.0563
13.3178
13.5844
13.8565
14.1339
14.4169
14.7056
