-14.8528
-14.5612
-14.2754
-13.9952
-13.7205
-13.4511
-13.187
-12.9282
-12.6743
-12.4255
-12.1816
-11.9424
-11.7079
-11.478
-11.2527
-11.0317
-10.8151
-10.6027
-10.3945
-10.1904
-9.99023
-9.79403
-9.60168
-9.41309
-9.22821
-9.04695
-8.86924
-8.69502
-8.52421
-8.35675
-8.19258
-8.03163
-7.87383
-7.71912
-7.56745
-7.41876
-7.27297
-7.13005
-6.98993
-6.85256
-6.71788
-6.58584
-6.45639
-6.32948
-6.20506
-6.08307
-5.96348
-5.84623
-5.73129
-5.61859
-5.50811
-5.39979
-5.2936
-5.18949
-5.08742
-4.98735
-4.88924
-4.79306
-4.69876
-4.60631
-4.51568
-4.42682
-4.3397
-4.25429
-4.17056
-4.08847
-4.00799
-3.92909
-3.85173
-3.77589
-3.70154
-3.62864
-3.55718
-3.48711
-3.41842
-3.35108
-3.28506
-3.22033
-3.15687
-3.09465
-3.03366
-2.97386
-2.91523
-2.85776
-2.80141
-2.74616
-2.692
-2.6389
-2.58684
-2.5358
-2.48576
-2.43671
-2.38861
-2.34146
-2.29524
-2.24992
-2.20549
-2.16192
-2.11922
-2.07735
-2.0363
-1.99606
-1.9566
-1.91792
-1.88
-1.84282
-1.80637
-1.77064
-1.73561
-1.70126
-1.66759
-1.63457
-1.60221
-1.57047
-1.53937
-1.50887
-1.47897
-1.44965
-1.42091
-1.39273
-1.36511
-1.33803
-1.31148
-1.28545
-1.25992
-1.2349
-1.21038
-1.18633
-1.16275
-1.13964
-1.11697
-1.09476
-1.07298
-1.05162
-1.03069
-1.01016
-0.99
-0.97
-0.95
-0.93
-0.91
-0.89
-0.87
-0.85
-0.83
-0.81
-0.79
-0.77
-0.75
-0.73
-0.71
-0.69
-0.67
-0.65
-0.63
-0.61
-0.59
-0.57
-0.55
-0.53
-0.51
-0.49
-0.47
-0.45
-0.43
-0.41
-0.39
-0.37
-0.35
-0.33
-0.31
-0.29
-0.27
-0.25
-0.23
-0.21
-0.19
-0.17
-0.15
-0.13
-0.11
-0.09
-0.07
-0.05
-0.03
-0.01
0.01
0.03
0.05
0.07
0.09
0.11
0.13
0.15
0.17
0.19
0.21
0.23
0.25
0.27
0.29
0.31
0.33
0.35
0.37
0.39
0.41
0.43
0.45
0.47
0.49
0.51
0.53
0.55
0.57
0.59
0.61
0.63
0.65
0.67
0.69
0.71
0.73
0.75
0.77
0.79
0.81
0.83
0.85
0.87
0.89
0.91
0.93
0.95
0.97
0.99
1.01016
1.03069
1.05162
1.07298
1.09476
1.11697
1.13964
1.16275
1.18633
1.21038
1.2349
1.25992
1.28545
1.31148
1.33803
1.36511
1.39273
1.42091
1.44965
1.47897
1.50887
1.53937
1.57047
1.60221
1.63457
1.66759
1.70126
1.73561
1.77064
1.80637
1.84282
1.88
1.91792
1.9566
1.99606
2.0363
2.07735
2.11922
2.16192
2.20549
2.24992
2.29524
2.34146
2.38861
2.43671
2.48576
2.5358
2.58684
2.6389
2.692
2.74616
2.80141
2.85776
2.91523
2.97386
3.03366
3.09465
3.15687
3.22033
3.28506
3.35108
3.41842
3.48711
3.55718
3.62864
3.70154
3.77589
3.85173
3.92909
4.00799
4.08847
4.17056
4.25429
4.3397
4.42682
4.51568
4.60631
4.69876
4.79306
4.88924
4.98735
5.08742
5.18949
5.2936
5.39979
5.50811
5.61859
5.73129
5.84623
5.96348
6.08307
6.20506
6.32948
6.45639
6.58584
6.71788
6.85256
6.98993
7.13005
7.27297
7.41876
7.56745
7.71912
7.87383
8.03163
8.19258
8.35675
8.52421
8.69502
8.86924
9.04695
9.22821
9.41309
9.60168
9.79403
9.99023
10.1904
10.3945
10.6027
10.8151
11.0317
11.2527
11.478
11.7079
11.9424
12.1816
12.4255
12.6743
12.9282
13.187
13.4511
13.7205
13.9952
14.2754
14.5612
14.8528
