timestep	Fx	Fy
0.015	28.1724	-0.0171845
0.03	14.5657	-0.00296751
0.045	7.67763	-0.000626256
0.06	4.20512	-0.00139003
0.075	2.44316	0.00107513
0.09	1.52619	0.000896015
0.105	0.987481	0.000455995
0.12	0.778328	0.000156345
0.135	0.688101	-0.000706004
0.15	0.585133	-0.00100823
0.165	0.51552	-0.000714461
0.18	0.473307	0.00013773
0.195	0.431607	9.10786e-05
0.21	0.403956	-0.000212057
0.225	0.381202	6.86623e-05
0.24	0.331494	7.87375e-06
0.255	0.328056	0.000361306
0.27	0.325968	-0.000433474
0.285	0.310562	-7.3592e-05
0.3	0.277117	-7.59201e-05
0.315	0.281601	0.00101427
0.33	0.295484	4.31541e-06
0.345	0.328814	0.00024705
0.36	0.287969	4.86768e-05
0.375	0.264069	-0.000556245
0.39	0.288659	-0.00011063
0.405	0.277892	2.57005e-05
0.42	0.246198	0.00027896
0.435	0.290739	0.000184709
0.45	0.258257	-0.00117118
0.465	0.237204	0.00102788
0.48	0.200842	-0.00103371
0.495	0.19101	0.000362287
0.51	0.196709	-0.000369636
0.525	0.186116	-1.66646e-05
0.54	0.23101	0.000326611
0.555	0.222297	0.000212502
0.57	0.228282	-0.000291721
0.585	0.203475	-2.88213e-05
0.6	0.21007	7.67396e-05
0.615	0.263152	4.64134e-05
0.63	0.225559	-0.000210606
0.645	0.186326	-0.00075149
0.66	0.179886	0.0002211
0.675	0.175621	-0.000340627
0.69	0.216483	0.000160151
0.705	0.206827	-0.000174949
0.72	0.217025	-4.19328e-05
0.735	0.217661	-1.07669e-05
0.75	0.241772	0.00019283
0.765	0.236582	-0.000328712
0.78	0.195544	-0.000729177
0.795	0.19096	-0.000470202
0.81	0.188706	0.000648895
0.825	0.237809	0.000271564
0.84	0.23473	-0.000499098
0.855	0.228984	0.00018854
0.87	0.256339	-2.34879e-05
0.885	0.251011	-6.03867e-05
0.9	0.212988	-0.000496618
0.915	0.214421	-0.000695064
0.93	0.244501	1.15055e-05
0.945	0.236382	-0.000331233
0.96	0.245252	-8.19767e-05
0.975	0.295523	-1.14855e-05
0.99	0.284197	-0.000238979
1.005	0.241954	-0.000174823
1.02	0.238296	-0.000623269
1.035	0.250409	1.16342e-05
1.05	0.275348	-0.000254755
1.065	0.278532	-4.12497e-06
1.08	0.325763	8.45324e-05
1.095	0.314767	-0.000266717
1.11	0.274242	-0.000603108
1.125	0.274906	-0.000513242
1.14	0.304103	0.000454962
1.155	0.298035	-0.00046228
1.17	0.327738	-0.000175652
1.185	0.350254	-0.00017445
1.2	0.343243	0.000460216
1.215	0.312895	-0.000982741
1.23	0.311691	-0.000269434
1.245	0.35535	0.000204118
1.26	0.356288	-0.000310343
1.275	0.355145	1.37557e-05
1.29	0.399859	-0.000699698
1.305	0.368369	-0.000722134
1.32	0.357566	8.79746e-05
1.335	0.352983	-0.000159176
1.35	0.398675	-5.38775e-05
1.365	0.401102	3.90102e-06
1.38	0.44595	-0.00014152
1.395	0.43587	-0.000357568
1.41	0.398176	-0.000582789
1.425	0.399221	-0.00072656
1.44	0.432739	-4.48032e-06
1.455	0.429278	-0.00037413
1.47	0.462234	-0.000162826
1.485	0.484247	6.29753e-05
1.5	0.479797	-0.000302892
1.515	0.446205	-0.000290544
1.53	0.451731	-0.000577651
1.545	0.500291	-0.000134512
1.56	0.476045	-0.000461322
1.575	0.514781	-0.000286388
1.59	0.538286	-6.79405e-06
1.605	0.535311	-0.00038127
1.62	0.502144	-0.000893326
1.635	0.505309	-0.000576037
1.65	0.543002	-1.57594e-05
1.665	0.541234	-0.000145243
1.68	0.558528	-0.000271734
1.695	0.611522	-0.000175371
1.71	0.588596	-0.000771367
1.725	0.569692	-0.000373458
1.74	0.564863	-0.000662637
1.755	0.564086	-0.000231426
1.77	0.621881	5.27248e-05
1.785	0.599008	-0.000485437
1.8	0.624059	-0.000166586
1.815	0.676213	-0.00038196
1.83	0.661042	-0.000753132
1.845	0.645558	0.000348197
1.86	0.624378	-0.000484496
1.875	0.631356	-0.000793576
1.89	0.638855	-0.000209871
1.905	0.700854	0.00028681
1.92	0.704307	-0.000753229
1.935	0.690888	-0.000387141
1.95	0.73182	-0.000127937
1.965	0.749787	-0.000401249
1.98	0.73009	-0.000624527
1.995	0.703762	-0.000494259
2.01	0.71032	-0.00119092
2.025	0.709801	-0.000542305
2.04	0.721474	-5.53356e-05
2.055	0.789755	-9.09599e-05
2.07	0.765541	-0.000220237
2.085	0.789503	-0.000790148
2.1	0.782202	-0.000437481
2.115	0.802757	-0.00034359
2.13	0.844831	-0.000613078
2.145	0.834168	-0.00131544
2.16	0.824873	-0.000115333
2.175	0.810123	-0.000194975
2.19	0.800161	-0.000351369
2.205	0.807113	-0.00101279
2.22	0.827748	8.00128e-05
2.235	0.826531	-0.000826314
2.25	0.840398	-0.000310951
2.265	0.866303	-0.00016694
2.28	0.902085	-0.000246839
2.295	0.900728	-0.000370788
2.31	0.890772	-0.000442758
2.325	0.891329	-0.000736726
2.34	0.929198	-0.0010497
2.355	0.926214	-0.000919591
2.37	0.921038	-0.000507438
2.385	0.923271	-0.000696092
2.4	0.953347	-0.000836594
2.415	0.946823	-0.000514364
2.43	0.952863	-0.00022513
2.445	0.949587	-0.0007314
2.46	0.993745	-0.000860509
2.475	1.01179	-0.000631247
2.49	1.00261	-0.000197331
2.505	0.995286	-0.000646909
2.52	0.994837	-0.000608263
2.535	0.998802	-0.000545646
2.55	1.00493	-0.000581707
2.565	1.01183	-0.00051049
2.58	1.01513	-0.000416827
2.595	0.995819	-0.000995965
2.61	0.979661	-9.91686e-05
2.625	1.01789	-0.000696409
2.64	1.03929	-0.000846225
2.655	1.04701	-0.00120576
2.67	1.05985	-0.00102769
2.685	1.04211	-0.000858396
2.7	1.06385	-0.00128996
2.715	1.07345	-0.0011797
2.73	1.04993	-0.00122622
2.745	1.07695	-0.000537905
2.76	1.0971	-0.00100812
2.775	1.11124	-0.00114704
2.79	1.06022	-0.00060937
2.805	1.07392	-0.000926323
2.82	1.10175	-0.00108824
2.835	1.12185	-0.00115934
2.85	1.13897	-0.00105522
2.865	1.1392	0.000413384
2.88	1.16006	0.000745571
2.895	1.17087	-0.000390339
2.91	1.15844	-0.00145629
2.925	1.13755	-1.14753e-05
2.94	1.08799	-0.000572754
2.955	1.1385	-0.00124472
2.97	1.13803	-0.00140294
2.985	1.12375	-0.000862123
3	1.16735	-0.0011973
3.015	1.12931	-0.000963207
3.03	1.14285	-0.00125802
3.045	1.18446	-0.00143003
3.06	1.19401	-0.00082203
3.075	1.22628	0.000610401
3.09	1.2172	-0.0011539
3.105	1.19817	-0.000156803
3.12	1.13644	-0.000861586
3.135	1.15668	-0.00128687
3.15	1.15842	-0.00071272
3.165	1.14329	-0.000835193
3.18	1.16975	-0.00122336
3.195	1.21173	-0.00144935
3.21	1.23022	-0.000225913
3.225	1.26389	-2.39242e-05
3.24	1.23403	-6.00056e-05
3.255	1.14776	-0.00106324
3.27	1.16659	-0.00152402
3.285	1.18509	-0.00095311
3.3	1.14083	-0.000933289
3.315	1.19844	-0.00168497
3.33	1.22949	-0.00104431
3.345	1.26959	0.000139228
3.36	1.24406	-0.000397105
3.375	1.15714	-0.000802437
3.39	1.17613	-0.00143115
3.405	1.19216	-0.000949364
3.42	1.14418	-0.00148401
3.435	1.20154	-0.000760943
3.45	1.24282	-7.78365e-05
3.465	1.25188	-0.00179844
3.48	1.14351	7.93509e-05
3.495	1.17412	-0.00115457
3.51	1.18307	-0.000145358
3.525	1.13864	-0.00140543
3.54	1.19334	-0.0018203
3.555	1.23091	0.000154891
3.57	1.24113	-0.00165426
3.585	1.13471	0.000140236
3.6	1.14951	-0.00116901
3.615	1.17037	-0.000100682
3.63	1.12495	-0.0017908
3.645	1.17442	-0.00186183
3.66	1.21296	0.000844736
3.675	1.1858	-0.000375555
3.69	1.12378	-0.00117442
3.705	1.0962	-0.00173285
3.72	1.14349	-0.000950659
3.735	1.12053	-0.00210478
3.75	1.15385	-0.00114414
3.765	1.20198	4.87666e-06
3.78	1.15225	-0.000301996
3.795	1.05849	-0.000822641
3.81	1.08445	-0.000399903
3.825	1.05438	-0.00132303
3.84	1.11305	-0.00195675
3.855	1.13794	-0.00138554
3.87	1.14782	-0.000530751
3.885	1.03741	0.000116915
3.9	1.0623	-0.00119296
3.915	1.06834	-0.000767691
3.93	1.02119	-0.00130931
3.945	1.0625	-0.00172123
3.96	1.0986	0.000902021
3.975	1.06412	-0.000796114
3.99	0.997854	-0.000476005
4.005	1.01266	-0.00168806
4.02	1.02167	-0.00107455
4.035	0.964952	-0.00167863
4.05	0.997532	-0.000365984
4.065	1.0465	-7.53661e-05
4.08	1.00805	-0.00104595
4.095	0.937551	-0.000575872
4.11	0.95103	-0.00170451
4.125	0.958954	-0.000308295
4.14	0.906959	-0.00165178
4.155	0.942038	-0.00183613
4.17	0.96656	0.000111511
4.185	0.965907	-0.00108605
4.2	0.892713	-0.000319454
4.215	0.858673	-0.000689469
4.23	0.867214	-0.00122199
4.245	0.850901	-0.000795036
4.26	0.867796	-0.00140657
4.275	0.871568	-0.00136261
4.29	0.901934	0.000403305
4.305	0.8877	-0.000919843
4.32	0.841142	7.06958e-05
4.335	0.758327	-0.00049045
4.35	0.772137	-0.00120471
4.365	0.816309	-0.000748895
4.38	0.753585	-0.000780903
4.395	0.783592	-0.00143261
4.41	0.784672	-0.000960279
4.425	0.798602	0.000253404
4.44	0.784245	-0.000920116
4.455	0.742715	-8.02454e-05
4.47	0.6818	-0.000638982
4.485	0.691288	-0.00112178
4.5	0.682575	-0.00040268
4.515	0.710537	-0.000961527
4.53	0.643388	-0.000807327
4.545	0.667367	-0.00136592
4.56	0.671909	-0.000417944
4.575	0.673928	-0.000925048
4.59	0.674053	0.000236824
4.605	0.651085	-0.00080612
4.62	0.624926	-0.000172446
4.635	0.551548	-0.000554009
4.65	0.584861	-0.000556752
4.665	0.571442	-0.000651104
4.68	0.584518	-0.00108993
4.695	0.55769	-0.000451458
4.71	0.568599	-0.000581186
4.725	0.519271	-0.000693277
4.74	0.518855	4.66217e-05
4.755	0.528237	-0.00119334
4.77	0.524832	-0.00105801
4.785	0.511187	-0.000804239
4.8	0.500911	-8.72753e-06
4.815	0.501783	0.00016447
4.83	0.494235	-0.000364159
4.845	0.482722	3.71346e-06
4.86	0.472345	-0.000221508
4.875	0.463417	-0.000444652
4.89	0.432905	-0.000439564
4.905	0.431623	-0.000887767
4.92	0.423548	-0.00107753
4.935	0.392178	0.000528018
4.95	0.397749	-0.000215766
4.965	0.395593	4.53072e-06
4.98	0.373002	-0.000525753
4.995	0.369984	-0.00033009
5.01	0.366044	-0.00037179
5.025	0.359377	-0.000310499
5.04	0.351206	-0.000394846
5.055	0.342289	-0.000375949
5.07	0.333401	-0.0002279
5.085	0.336169	-0.000561374
5.1	0.326138	-0.000107518
5.115	0.311373	-7.67876e-05
5.13	0.320149	-0.0003427
5.145	0.302109	-0.00139475
5.16	0.285796	-0.000447245
5.175	0.292085	-1.64955e-05
5.19	0.272601	-0.000170127
5.205	0.259572	5.92379e-05
5.22	0.251921	-0.000345672
5.235	0.247113	-0.000873567
5.25	0.236728	-0.000489989
5.265	0.2338	-0.000425315
5.28	0.230346	-0.000281909
5.295	0.227448	0.000353371
5.31	0.222283	-0.000363626
5.325	0.215367	-9.57336e-05
5.34	0.242089	-0.000101791
5.355	0.234137	2.96226e-06
5.37	0.208296	-0.000171542
5.385	0.215025	-0.000754325
5.4	0.196401	-0.000388881
5.415	0.204061	-0.000226153
5.43	0.230224	-0.000462369
5.445	0.226076	-0.000503941
5.46	0.207721	-0.000276789
5.475	0.18043	-7.64532e-05
5.49	0.167516	0.000388178
5.505	0.160647	9.079e-05
5.52	0.169581	-0.000948484
5.535	0.171041	-0.000413812
5.55	0.186116	-0.000109249
5.565	0.164831	-0.000554012
5.58	0.168486	-0.000388464
5.595	0.17085	-0.0002891
5.61	0.200868	0.000225076
5.625	0.195496	-0.000399378
5.64	0.161011	-0.000252023
5.655	0.144126	-0.000262689
5.67	0.156655	-0.000136742
5.685	0.154801	-0.000259633
5.7	0.170996	6.84931e-05
5.715	0.162207	-0.000429564
5.73	0.16208	-0.000192458
5.745	0.187358	-0.000228152
5.76	0.187263	-0.000198589
5.775	0.158406	-0.000580881
5.79	0.143631	3.0909e-05
5.805	0.152008	-0.000232613
5.82	0.177208	-1.30732e-05
5.835	0.155292	-0.000301707
5.85	0.17503	-0.00017978
5.865	0.186485	-5.38223e-05
5.88	0.196752	-0.000256653
5.895	0.167516	-0.000513032
5.91	0.162909	-0.000305825
5.925	0.159691	3.05126e-05
5.94	0.188599	0.000290206
5.955	0.179669	-0.000270073
5.97	0.18153	-0.000246989
5.985	0.218957	-0.000477805
6	0.198897	-5.75009e-05
6.015	0.178548	-0.000102439
6.03	0.184311	-0.000183961
6.045	0.211102	3.82885e-05
6.06	0.201085	-0.00036963
6.075	0.203439	-0.000138184
6.09	0.239905	-0.000403397
6.105	0.221058	-0.000434531
6.12	0.21144	-0.000213703
6.135	0.205612	4.32054e-05
6.15	0.234025	-7.29401e-05
6.165	0.227534	-9.45662e-05
6.18	0.260823	-6.52609e-05
6.195	0.264444	-0.00018923
6.21	0.236047	-0.000109677
6.225	0.240999	-0.000117952
6.24	0.255129	-0.000283706
6.255	0.25217	-0.000353144
6.27	0.271358	-0.000206278
6.285	0.291971	3.21321e-05
6.3	0.288048	-0.000243597
6.315	0.27063	-0.000269261
6.33	0.274361	-0.000321056
6.345	0.300916	0.000178218
6.36	0.300626	-0.000419309
6.375	0.302601	-0.000147539
6.39	0.3397	-0.000431868
6.405	0.320234	-0.000150172
6.42	0.314435	-0.000379328
6.435	0.309615	-3.98492e-05
6.45	0.343827	9.57052e-05
6.465	0.341832	-0.000132256
6.48	0.378621	3.96772e-05
6.495	0.379197	-0.000275691
6.51	0.350606	-0.000543933
6.525	0.35228	-0.000315102
6.54	0.362942	-6.6738e-05
6.555	0.384561	-2.08473e-05
6.57	0.388628	-0.00011374
6.585	0.427457	0.000100259
6.6	0.427679	-0.000305987
6.615	0.398934	-0.000210064
6.63	0.401977	-0.000502292
6.645	0.400485	0.000212365
6.66	0.442202	9.69891e-05
6.675	0.444386	-0.000440596
6.69	0.44895	-0.000251792
6.705	0.486973	-0.000874088
6.72	0.467013	0.000126925
6.735	0.447701	-2.08888e-05
6.75	0.458173	-0.000330309
6.765	0.46911	-3.68597e-05
6.78	0.49723	5.12768e-05
6.795	0.504833	-0.000160758
6.81	0.510495	-0.000135868
6.825	0.535024	-0.000256158
6.84	0.538629	-0.000218302
6.855	0.51402	-0.000599552
6.87	0.520755	-0.000354589
6.885	0.518815	-4.1498e-05
6.9	0.567185	0.00031317
6.915	0.550101	-0.000224711
6.93	0.569928	-0.000195579
6.945	0.580554	-0.000366667
6.96	0.605983	5.02485e-05
6.975	0.612556	-0.00039007
6.99	0.589303	-0.00023942
7.005	0.578229	-0.000627852
7.02	0.591599	-0.000414829
7.035	0.593381	2.73101e-06
7.05	0.632968	0.000361859
7.065	0.638355	-0.000135834
7.08	0.629605	-0.000414932
7.095	0.65715	-0.000140173
7.11	0.666402	-0.000240596
7.125	0.701003	0.000110863
7.14	0.673937	-0.000102675
7.155	0.698543	-0.000517213
7.17	0.678448	-0.000295995
7.185	0.668666	-0.000770776
7.2	0.673963	-0.000342124
7.215	0.68925	0.000292562
7.23	0.688984	-0.00034255
7.245	0.697821	-0.000119823
7.26	0.708727	0.000131403
7.275	0.755977	-2.30245e-05
7.29	0.761128	-9.46449e-05
7.305	0.749716	-0.000157728
7.32	0.748727	-0.000310819
7.335	0.779141	-0.000592728
7.35	0.776609	-0.000494253
7.365	0.774452	-0.000144663
7.38	0.776559	-0.0002919
7.395	0.803175	-0.000487409
7.41	0.79777	-0.000153944
7.425	0.80336	-0.00035356
7.44	0.799949	-6.63483e-05
7.455	0.807349	-0.000232045
7.47	0.844351	-0.000237449
7.485	0.86605	-0.000206765
7.5	0.85175	-0.000228065
7.515	0.847628	-0.000202391
7.53	0.849176	-0.000185379
7.545	0.85366	-0.000197527
7.56	0.859588	-0.000116459
7.575	0.866488	-6.26306e-05
7.59	0.845252	-0.000146922
7.605	0.834755	-0.000229129
7.62	0.864157	-0.000278967
7.635	0.888478	-0.000333381
7.65	0.893865	-0.000458175
7.665	0.904635	-0.000765065
7.68	0.888814	-0.000458645
7.695	0.908968	-0.000454727
7.71	0.921452	-0.000845731
7.725	0.926417	-0.000720532
7.74	0.904459	-0.000320564
7.755	0.928248	-0.00044421
7.77	0.946861	-0.000580601
7.785	0.935257	-0.000485055
7.8	0.902086	-0.000408044
7.815	0.934828	-0.000715915
7.83	0.958597	-0.000705512
7.845	0.979827	0.000146794
7.86	0.975671	-6.55262e-05
7.875	0.989247	-0.000713223
7.89	1.00846	0.000504142
7.905	1.01637	-5.23018e-05
7.92	0.971369	0.000236993
7.935	0.999801	-0.000127096
7.95	0.944465	-0.000283954
7.965	0.960556	-0.000614206
7.98	0.956895	-0.000752255
7.995	0.999973	-0.000794413
8.01	1.00408	-0.000628681
8.025	0.972763	-0.000842235
8.04	1.01119	-0.00104982
8.055	1.02739	-0.000723061
8.07	1.05475	0.000701805
8.085	1.07016	-8.71338e-06
8.1	1.02514	0.000279574
8.115	0.984469	-0.000561039
8.13	0.997943	-0.000557318
8.145	0.997471	-0.00118143
8.16	1.04475	-1.35388e-05
8.175	0.98741	-0.00107926
8.19	1.03617	-0.00127095
8.205	1.05722	5.61835e-05
8.22	1.09056	0.000181338
8.235	1.0532	9.69365e-05
8.25	1.00867	-0.00038128
8.265	1.02115	-0.000882244
8.28	1.02116	-0.00127324
8.295	1.00854	-0.00055656
8.31	1.03266	-0.00121304
8.325	1.06151	-0.000304689
8.34	1.10135	0.000873661
8.355	1.10064	-0.00191489
8.37	1.00142	0.000172989
8.385	1.02479	-0.000932805
8.4	1.02936	-0.000469195
8.415	0.993399	-0.000522513
8.43	1.0502	-0.000523379
8.445	1.07714	-0.00124232
8.46	1.11393	4.20389e-05
8.475	1.06497	-2.33198e-05
8.49	0.981154	-0.000593367
8.505	1.00389	-0.00118797
8.52	1.0042	-0.000870262
8.535	1.02886	-0.00146386
8.55	1.0637	-0.000889057
8.565	1.10436	0.00022169
8.58	1.05608	2.58085e-05
8.595	0.971505	-0.000603205
8.61	0.994613	-0.000196281
8.625	0.969538	-0.000704649
8.64	1.0297	-0.00110708
8.655	1.05672	-0.00104495
8.67	1.07028	-0.00103087
8.685	0.969601	-0.000527133
8.7	0.996054	-0.00113792
8.715	1.00277	-0.000679445
8.73	0.960198	-0.00106902
8.745	1.00708	-0.00158499
8.76	1.04137	0.000259308
8.775	1.0148	-8.40621e-05
8.79	0.954245	-0.000919066
8.805	0.929695	-0.00150345
8.82	0.973613	-0.000817132
8.835	0.949766	-0.00109367
8.85	0.981998	-0.000775929
8.865	1.02482	-0.00063349
8.88	0.974753	-0.000683503
8.895	0.889237	-0.000987762
8.91	0.914007	-0.00147371
8.925	0.885683	-0.000802021
8.94	0.93814	-0.00170778
8.955	0.961016	-0.00130531
8.97	0.966652	-0.000518324
8.985	0.864743	-0.000380377
9	0.887113	-0.00109109
9.015	0.895592	-0.000123665
9.03	0.850655	-0.0012558
9.045	0.88877	-0.00122411
9.06	0.913629	2.98535e-05
9.075	0.917646	-0.00194769
9.09	0.811445	-0.000765986
9.105	0.833753	-0.00126665
9.12	0.837329	-0.000676556
9.135	0.794559	-0.00153827
9.15	0.834159	-0.00210061
9.165	0.85057	-0.00147487
9.18	0.874108	-0.000377529
9.195	0.813286	-0.000409949
9.21	0.76207	-0.00125496
9.225	0.73293	-0.00174127
9.24	0.789793	-0.00123887
9.255	0.735354	-0.00156188
9.27	0.761008	-0.0012134
9.285	0.780457	-0.00124958
9.3	0.796514	-0.000326486
9.315	0.746871	-0.000960039
9.33	0.675768	-0.0016201
9.345	0.686744	-0.00200991
9.36	0.694247	-0.00075943
9.375	0.6678	-0.00167725
9.39	0.676868	-0.00232336
9.405	0.678002	-0.000905646
9.42	0.700427	-0.000905587
9.435	0.710016	-0.00124696
9.45	0.658991	-0.000848998
9.465	0.584776	-0.0016072
9.48	0.595529	-0.00156042
9.495	0.592953	-0.00197753
9.51	0.622068	-0.00149754
9.525	0.58144	-0.00155348
9.54	0.58059	-0.00191305
9.555	0.58272	-0.00131552
9.57	0.586266	-0.00118909
9.585	0.590816	-0.00109536
9.6	0.59009	-0.00142628
9.615	0.559998	-0.00151304
9.63	0.520849	-0.00124575
9.645	0.467571	-0.001209
9.66	0.475005	-0.00172605
9.675	0.498555	-0.00210814
9.69	0.479399	-0.00170685
9.705	0.496045	-0.0010121
9.72	0.474422	-0.00188683
9.735	0.433545	-0.0017873
9.75	0.450041	-0.00194645
9.765	0.450789	-0.00195498
9.78	0.444941	-0.00179057
9.795	0.437053	-0.00104818
9.81	0.428486	-0.0010393
9.825	0.424788	-0.00129673
9.84	0.413249	-0.001074
9.855	0.406051	-0.00101252
9.87	0.398631	-0.00157625
9.885	0.389199	-0.00153923
9.9	0.35922	-0.00192593
9.915	0.359256	-0.00210618
9.93	0.35161	-0.000688986
9.945	0.325015	-0.000908598
9.96	0.328256	-0.00151195
9.975	0.320411	-0.00123271
9.99	0.304811	-0.00134653
