timestep	Fx	Fy
0.01	43.2667	-0.0354675
0.02	22.116	-0.00701819
0.03	11.5364	0.00312121
0.04	6.1716	0.00343893
0.05	3.41478	0.00195134
0.06	1.97943	0.0032061
0.07	1.21543	0.00174674
0.08	0.809538	0.000844814
0.09	0.585185	0.000439864
0.1	0.457445	6.58796e-05
0.11	0.391271	-0.0120567
0.12	0.344847	-0.00493751
0.13	0.313555	-0.00140714
0.14	0.291379	0.0113106
0.15	0.274058	0.00655101
0.16	0.26046	-0.00615259
0.17	0.234504	-0.00202647
0.18	0.265959	-3.25697e-05
0.19	0.208756	0.00132847
0.2	0.215531	0.00290304
0.21	0.256425	0.00267629
0.22	0.212265	0.000299283
0.23	0.20831	0.000703634
0.24	0.197153	0.008075
0.25	0.330515	-0.00290445
0.26	0.254087	-0.00112247
0.27	0.219966	-0.000279213
0.28	0.202189	0.000873568
0.29	0.231404	0.00683908
0.3	-0.0368167	0.00395274
0.31	0.0671065	0.00211186
0.32	0.11242	0.00279849
0.33	0.137475	-0.00104447
0.34	0.121542	-0.000959501
0.35	0.150054	-0.00862788
0.36	0.0459509	-0.00442531
0.37	0.0451151	0.000274368
0.38	0.0658952	-0.000207865
0.39	0.085956	0.000868145
0.4	0.120499	0.000758913
0.41	0.135921	0.000994719
0.42	0.132709	0.00548299
0.43	0.131074	0.00426411
0.44	0.149394	0.00304464
0.45	0.217644	0.00218573
0.46	0.309473	-0.00092666
0.47	0.3804	-0.00129809
0.48	0.226765	0.00226874
0.49	0.174969	-0.000212511
0.5	0.108686	0.000968353
0.51	0.375497	-0.0121943
0.52	0.227969	-0.00584126
0.53	0.174426	-0.00317163
0.54	0.0981133	-0.00188445
0.55	0.103089	-0.00168209
0.56	0.0930291	-0.0029233
0.57	0.0891225	-0.00155186
0.58	0.106689	0.0113055
0.59	0.0922238	0.0052138
0.6	0.104061	0.00292976
0.61	0.118218	0.001471
0.62	0.111031	0.00253658
0.63	0.0932024	0.000445655
0.64	0.206323	-0.000338389
0.65	0.188376	0.000682777
0.66	0.0275608	-0.000311429
0.67	0.0670695	0.000617562
0.68	0.0767928	-0.00142674
0.69	0.0818647	-0.00701801
0.7	0.0857193	-0.00207066
0.71	0.100844	-0.000511483
0.72	0.1248	0.00070403
0.73	0.126554	0.00400799
0.74	0.137873	0.00299896
0.75	0.318649	0.000505839
0.76	0.345844	-0.000218048
0.77	0.218818	0.00254115
0.78	0.154423	-6.50523e-05
0.79	0.358748	-0.0107553
0.8	0.254766	-0.0052056
0.81	0.167508	-0.00283178
0.82	0.133942	-0.00201726
0.83	0.133419	-0.0024289
0.84	0.143005	0.00901235
0.85	0.128266	0.0060635
0.86	0.151197	0.00291518
0.87	0.145298	0.00270217
0.88	0.145084	0.000532385
0.89	0.257311	0.00021479
0.9	0.192016	-0.0021578
0.91	0.0713264	-0.000295185
0.92	0.125376	-0.00773067
0.93	0.134711	-0.00348266
0.94	0.1546	-0.00121312
0.95	0.177024	0.00028042
0.96	0.181675	0.0031089
0.97	0.189588	0.00240523
0.98	0.340676	9.97881e-06
0.99	0.351626	0.00186158
1	0.264127	0.000726781
1.01	0.428352	-0.0105143
1.02	0.318122	-0.00532109
1.03	0.217203	-0.00294848
1.04	0.210723	-0.00312478
1.05	0.203152	-0.002137
1.06	0.212124	0.00781442
1.07	0.21307	0.00566989
1.08	0.20977	0.00348261
1.09	0.201921	0.00161736
1.1	0.323483	0.000550384
1.11	0.263308	-0.00260402
1.12	0.140597	-0.00059154
1.13	0.203919	-0.00749367
1.14	0.215529	-0.00345404
1.15	0.238134	-0.00138096
1.16	0.248835	0.000291546
1.17	0.256141	0.00282246
1.18	0.324637	0.00156668
1.19	0.436457	-0.000782768
1.2	0.389477	0.000271189
1.21	0.488959	-0.000659084
1.22	0.379846	-0.00916031
1.23	0.336993	-0.0050868
1.24	0.264141	-0.00330726
1.25	0.291629	-0.00319976
1.26	0.300476	0.0072796
1.27	0.288492	0.00508182
1.28	0.293782	0.00354599
1.29	0.290953	0.000962004
1.3	0.409058	0.000114488
1.31	0.353142	-0.00289854
1.32	0.218916	-0.00106436
1.33	0.296994	-0.00775801
1.34	0.321478	-0.00312699
1.35	0.284685	-0.00171297
1.36	0.346757	0.000939365
1.37	0.347102	0.00136529
1.38	0.525881	-0.000534915
1.39	0.470174	-0.0007178
1.4	0.460174	0.000214271
1.41	0.574286	-0.000754175
1.42	0.473416	-0.00932391
1.43	0.43134	-0.0052761
1.44	0.348368	-0.00355495
1.45	0.394273	-0.00352573
1.46	0.404838	0.00727076
1.47	0.380768	0.00500383
1.48	0.407011	0.00258712
1.49	0.386829	0.000686813
1.5	0.492925	-0.000656873
1.51	0.47412	-0.000392274
1.52	0.342522	-0.00169296
1.53	0.363075	-0.00336991
1.54	0.41075	-0.00771785
1.55	0.408015	-0.0039349
1.56	0.433527	-0.00176091
1.57	0.458906	0.00122442
1.58	0.464516	0.000620712
1.59	0.643619	-0.00138268
1.6	0.568053	-0.00139069
1.61	0.580883	-0.000295883
1.62	0.701959	-0.00091975
1.63	0.597266	-0.0098474
1.64	0.519426	-0.00566361
1.65	0.464614	-0.00394383
1.66	0.519204	-0.00418355
1.67	0.529682	-0.00291051
1.68	0.515398	0.0077814
1.69	0.48538	0.00464536
1.7	0.515644	0.00308091
1.71	0.521669	0.000412278
1.72	0.628506	-0.000850078
1.73	0.572838	-0.000249789
1.74	0.49319	-0.000962251
1.75	0.433453	-0.00423266
1.76	0.547858	-0.00903945
1.77	0.537827	-0.00499611
1.78	0.522561	-0.00298972
1.79	0.55675	-0.00189016
1.8	0.586798	0.00112353
1.81	0.590323	0.000481813
1.82	0.669598	-0.000821851
1.83	0.709087	-0.00255181
1.84	0.742861	-0.000960153
1.85	0.725728	-0.00159593
1.86	0.64842	-0.00146977
1.87	0.860874	-0.0117227
1.88	0.76787	-0.00677244
1.89	0.671871	-0.00436418
1.9	0.622752	-0.00332045
1.91	0.606806	-0.00423486
1.92	0.654883	-0.0032016
1.93	0.67778	0.00941824
1.94	0.667017	0.00417279
1.95	0.678951	0.00136736
1.96	0.618218	0.000889238
1.97	0.670174	0.00100751
1.98	0.680462	-0.0010676
1.99	0.702238	-0.00122548
2	0.803143	-0.00174696
2.01	0.755286	-0.00106039
2.02	0.643811	-0.00209672
2.03	0.684443	-0.00034115
2.04	0.588253	-0.00501844
2.05	0.726174	-0.0104779
2.06	0.700305	-0.00622365
2.07	0.716222	-0.00341805
2.08	0.729121	-0.00342519
2.09	0.69941	-0.00245125
2.1	0.725246	-0.00214205
2.11	0.768977	-7.70924e-05
2.12	0.773188	-0.000187121
2.13	0.777248	-0.000492907
2.14	0.802725	-0.00106712
2.15	0.875721	-0.00188628
2.16	0.977603	-0.00384023
2.17	1.00573	-0.00315281
2.18	0.882951	-0.0013849
2.19	0.829051	-0.00198488
2.2	0.845755	-0.00255961
2.21	0.833901	-0.00306584
2.22	0.801692	-0.00170373
2.23	1.09291	-0.014893
2.24	0.962854	-0.00960694
2.25	0.903475	-0.00505671
2.26	0.875714	-0.00380187
2.27	0.899855	-0.00333152
2.28	0.842519	-0.00297331
2.29	0.893437	-0.00253433
2.3	0.830877	-0.00244002
2.31	0.876793	-0.00285566
2.32	0.87862	-0.00276007
2.33	0.821228	-0.00268655
2.34	0.823634	-0.00415204
2.35	0.892952	-0.00427483
2.36	0.896406	-0.00377608
2.37	0.905167	-0.00289826
2.38	0.910318	-0.00289867
2.39	0.915652	-0.00279496
2.4	0.921088	-0.00274706
2.41	0.931951	-0.00291582
2.42	0.95688	0.0128348
2.43	0.948997	0.00644948
2.44	0.947901	0.00271898
2.45	0.950065	0.000627236
2.46	0.954035	-0.000506975
2.47	0.958593	-0.00111434
2.48	0.963534	-0.00141802
2.49	0.968544	-0.0013364
2.5	0.974105	-0.00171918
2.51	0.978532	-0.00161923
2.52	0.984526	-0.00163856
2.53	0.988941	-0.0014965
2.54	0.993951	-0.00193954
2.55	0.998972	-0.00189913
2.56	1.00391	-0.00185399
2.57	1.0086	-0.00183436
2.58	1.01349	-0.00182007
2.59	1.01827	-0.00181642
2.6	1.02321	-0.00151098
2.61	1.00524	-0.0186941
2.62	1.01306	-0.0119629
2.63	1.02749	-0.00787433
2.64	1.03722	-0.00564974
2.65	1.04492	-0.00426819
2.66	1.04705	-0.00428531
2.67	1.04399	-0.00365961
2.68	1.0504	-0.00237317
2.69	1.0663	-0.00112764
2.7	1.07285	-0.00194534
2.71	1.06345	-0.00271867
2.72	1.08477	-0.00166774
2.73	1.08984	-0.00188158
2.74	1.04386	-0.00196866
2.75	1.11847	-0.00218839
2.76	1.06513	-0.00221563
2.77	1.08899	-0.00192835
2.78	1.1016	-0.0051204
2.79	1.09598	-0.00518752
2.8	0.77995	0.0114172
2.81	0.938934	0.00234548
2.82	1.03953	-0.00124334
2.83	1.08479	-0.0017093
2.84	1.11472	-0.00215601
2.85	1.13833	-0.0049649
2.86	0.877542	-0.00366029
2.87	0.833887	-0.000543064
2.88	0.891925	-0.00249385
2.89	0.980516	-0.0031952
2.9	1.07586	-0.00403608
2.91	1.09076	-0.00597463
2.92	1.12916	-0.00945784
2.93	1.14817	-0.00755674
2.94	1.1459	-0.00639025
2.95	1.16355	-0.00534993
2.96	1.17216	-0.00791833
2.97	1.10946	-0.00707799
2.98	1.18232	0.00214924
2.99	1.19031	0.000927741
3	1.22373	-0.00425302
3.01	1.33493	-0.00113415
3.02	1.26987	-0.00118081
3.03	1.09156	-0.000587065
3.04	1.1644	-0.00202504
3.05	1.10291	-0.000361687
3.06	1.21842	0.000136929
3.07	1.21388	0.000157331
3.08	1.19467	-0.000951052
3.09	1.20899	-0.000284228
3.1	1.13641	-0.0209331
3.11	1.15914	-0.0135151
3.12	1.17101	-0.00683019
3.13	1.22641	-0.00387551
3.14	1.21534	-0.00251836
3.15	1.14199	-0.00325284
3.16	0.837555	0.0128602
3.17	1.03526	0.00342744
3.18	1.10835	0.000681625
3.19	0.90257	-0.00292469
3.2	0.860634	-0.000610684
3.21	0.89617	-0.00279684
3.22	1.04385	-0.004264
3.23	1.14672	-0.0115371
3.24	1.17281	-0.00908645
3.25	1.19758	-0.00996417
3.26	1.10246	-0.00880614
3.27	1.22304	0.00149539
3.28	1.28017	-0.00291606
3.29	1.38205	0.00100507
3.3	1.31664	-0.000122889
3.31	1.14712	-0.00127227
3.32	1.09874	0.000491397
3.33	1.24839	0.000588609
3.34	1.22879	-0.00109329
3.35	1.24308	-0.0214275
3.36	1.10536	-0.0134378
3.37	1.18195	-0.00670016
3.38	1.19334	-0.00354117
3.39	1.17686	-0.00227863
3.4	1.24347	0.0123058
3.41	0.840619	0.00372966
3.42	1.05996	-0.00134707
3.43	0.864403	-0.00172276
3.44	0.696763	-0.000334442
3.45	0.923094	-0.00325452
3.46	1.0833	-0.0109583
3.47	1.14472	-0.00956699
3.48	1.09274	-0.00918521
3.49	1.12739	0.000763239
3.5	1.26737	-0.00310194
3.51	1.36221	0.00150918
3.52	1.30106	0.000274209
3.53	1.11568	-0.00156565
3.54	1.1207	0.00109335
3.55	1.21757	0.00066843
3.56	1.20735	-0.00141286
3.57	1.06375	-0.0214111
3.58	1.15321	-0.0124799
3.59	1.22867	-0.00664265
3.6	1.11633	-0.00336424
3.61	1.19882	0.0122138
3.62	0.786599	0.00388379
3.63	1.02615	-0.00127587
3.64	0.827819	-0.0017122
3.65	0.627628	-0.000315825
3.66	0.840742	-0.00568036
3.67	1.04876	-0.0112036
3.68	1.09044	-0.00861377
3.69	0.95089	-0.0116241
3.7	1.13808	0.00678402
3.71	1.32622	-0.0016074
3.72	1.23835	0.0025438
3.73	1.0683	0.000277134
3.74	1.00486	0.00139114
3.75	1.17545	0.00131529
3.76	1.15549	-0.00117451
3.77	0.996391	-0.0209046
3.78	1.09514	-0.0121547
3.79	1.16696	-0.00642508
3.8	1.05105	-0.00325223
3.81	1.13006	0.0124599
3.82	0.722501	0.00457469
3.83	0.957591	0.000522428
3.84	0.551228	0.000801801
3.85	0.599594	-0.00201105
3.86	0.898517	-0.00949485
3.87	0.99588	-0.00970413
3.88	0.996962	-0.00986333
3.89	0.866259	-0.0110829
3.9	1.05506	0.00722865
3.91	1.22202	-0.00169825
3.92	1.14156	0.00333938
3.93	0.970886	0.000822294
3.94	0.909945	0.00166046
3.95	1.07726	0.00154279
3.96	1.05496	-0.00169059
3.97	0.945205	-0.02129
3.98	0.945164	-0.0130044
3.99	1.06227	-0.00515467
4	1.02712	-0.00244258
4.01	0.963499	-0.0037575
4.02	0.651936	0.0139618
4.03	0.780693	0.00651493
4.04	0.652502	0.000392805
4.05	0.496968	0.00151689
4.06	0.696265	-0.00187767
4.07	0.849228	-0.0089197
4.08	0.90649	-0.00815689
4.09	0.894881	-0.00879554
4.1	0.749092	-0.0100237
4.11	0.930243	0.00762689
4.12	1.06784	-0.00127649
4.13	1.00142	0.00365164
4.14	0.84741	0.000948076
4.15	0.773944	0.00165404
4.16	0.930827	0.00181704
4.17	0.90668	0.00137073
4.18	0.921177	-0.00206935
4.19	0.757873	-0.0198006
4.2	0.863915	-0.010957
4.21	0.909832	-0.00564658
4.22	0.869884	-0.00266326
4.23	0.8361	-0.00264659
4.24	0.513082	0.0140723
4.25	0.625778	0.00703668
4.26	0.786134	0.000475717
4.27	0.548363	-0.000521244
4.28	0.373698	0.000993304
4.29	0.559877	-0.00164224
4.3	0.695793	-0.00764223
4.31	0.754236	-0.00709829
4.32	0.734125	-0.00551447
4.33	0.675626	-0.00693607
4.34	0.670379	0.0039554
4.35	0.768315	0.00233466
4.36	0.800102	-0.00261725
4.37	0.839106	0.00265023
4.38	0.801269	0.00115908
4.39	0.632781	4.80592e-05
4.4	0.66395	0.000473435
4.41	0.675078	-0.0014381
4.42	0.732549	0.00287813
4.43	0.702356	-0.00195041
4.44	0.712527	-0.000407069
4.45	0.676098	-0.0184105
4.46	0.5734	-0.0105688
4.47	0.675735	-0.00426211
4.48	0.694358	-0.00210865
4.49	0.679143	-0.00124539
4.5	0.599276	-0.000344233
4.51	0.647443	-0.0010103
4.52	0.327368	0.0138763
4.53	0.474999	0.0067048
4.54	0.510138	0.0026607
4.55	0.601861	-0.00116675
4.56	0.362588	-0.00104375
4.57	0.318469	0.0016012
4.58	0.370471	-0.00040464
4.59	0.42023	-0.00127826
4.6	0.498175	-0.00194896
4.61	0.536504	-0.00554502
4.62	0.552285	-0.00499537
4.63	0.549818	-0.0040865
4.64	0.537498	-0.0033485
4.65	0.516976	-0.00286552
4.66	0.491569	-0.00436074
4.67	0.441943	-0.0044188
4.68	0.437545	0.00613269
4.69	0.493003	0.000100834
4.7	0.503108	0.000392554
4.71	0.501698	-0.000240558
4.72	0.489871	-0.000914107
4.73	0.519019	0.00304921
4.74	0.496522	0.00181681
4.75	0.480265	0.00090477
4.76	0.467888	0.000485876
4.77	0.454633	0.000138323
4.78	0.329941	0.000734692
4.79	0.357193	0.000666392
4.8	0.381917	-0.000435063
4.81	0.40021	0.00115175
4.82	0.402887	0.00106199
4.83	0.389166	0.000620109
4.84	0.396138	0.000997008
4.85	0.397858	0.00100358
4.86	0.385075	-0.0025639
4.87	0.377689	0.00229858
4.88	0.368984	-0.00193151
4.89	0.36127	0.002751
4.9	0.354174	0.00174688
4.91	0.345498	0.00126558
4.92	0.319832	-0.0032229
4.93	0.324095	-0.00163645
4.94	0.322644	-0.000780992
4.95	0.318511	-0.000394945
4.96	0.315995	-0.000128038
4.97	0.308157	-0.000117501
4.98	0.301329	-0.000186962
4.99	0.295122	0.000193835
5	0.289028	1.00623e-06
5.01	0.283009	-0.000133779
5.02	0.276921	-0.000208392
5.03	0.271359	-0.00024524
5.04	0.265453	-0.000629909
5.05	0.259363	-0.000505375
5.06	0.2537	-0.000443685
5.07	0.245279	-0.000462283
5.08	0.241664	-0.00037477
5.09	0.236948	-0.000279595
5.1	0.231937	-0.000251393
5.11	0.24477	0.00415729
5.12	0.232454	0.00242024
5.13	0.221889	0.00144198
5.14	0.214174	0.000983037
5.15	0.207699	0.00070787
5.16	0.199587	0.00076849
5.17	0.216748	0.000587117
5.18	0.192839	-0.00275169
5.19	0.166772	0.00237935
5.2	0.173176	0.00137943
5.21	0.165762	0.00140638
5.22	0.173366	0.000452384
5.23	0.171373	0.000467201
5.24	0.194435	-0.00337404
5.25	0.269931	-0.0018635
5.26	0.214922	0.00291137
5.27	0.184925	0.00137363
5.28	0.168137	0.000876669
5.29	0.141161	0.00104649
5.3	0.151676	-0.0032811
5.31	0.144576	-0.00129473
5.32	0.139185	0.00074535
5.33	0.162758	-0.00116837
5.34	0.175121	-0.00103089
5.35	0.132346	-0.00582503
5.36	0.158195	-0.00268452
5.37	0.174398	-0.00115089
5.38	0.176971	-0.000772778
5.39	0.181227	0.000368282
5.4	0.138647	0.000678048
5.41	0.148081	0.00146764
5.42	0.133235	0.00188119
5.43	0.124905	0.00172416
5.44	0.131963	0.00141973
5.45	0.178998	0.000997112
5.46	0.253886	-0.000617734
5.47	0.349634	-0.00012884
5.48	0.229251	0.00113684
5.49	0.152341	0.000722971
5.5	0.151214	-0.0021511
5.51	0.268613	-0.00970864
5.52	0.174966	-0.00450724
5.53	0.189808	-0.00234067
5.54	0.173681	-0.00149809
5.55	0.200724	-0.000722087
5.56	0.0927183	-0.00111166
5.57	0.0875075	-0.000272709
5.58	0.0998684	0.00918599
5.59	0.0854869	0.00432734
5.6	0.161271	0.00667734
5.61	0.0929447	0.00431132
5.62	0.0485958	0.002082
5.63	0.0734353	0.00120034
5.64	0.176054	0.000268185
5.65	0.0947418	0.00131324
5.66	0.112253	-0.00355033
5.67	0.142557	-0.000266475
5.68	0.158592	-0.0013872
5.69	0.113275	-0.00432128
5.7	0.123754	-0.00168839
5.71	0.187033	-0.00024055
5.72	0.143824	0.00102926
5.73	0.11375	0.00169505
5.74	0.110809	0.0014554
5.75	0.243764	1.39966e-05
5.76	0.327728	0.000598048
5.77	0.20926	0.00143405
5.78	0.172917	-0.00253754
5.79	0.241922	-0.00795702
5.8	0.17863	-0.00358942
5.81	0.221426	-0.00236767
5.82	0.246996	-0.0011929
5.83	0.107897	-0.000764097
5.84	0.113648	0.00765055
5.85	0.0988026	0.00840234
5.86	0.186246	0.00496261
5.87	0.0670583	0.00226761
5.88	0.122824	0.000464681
5.89	0.139649	0.00202552
5.9	0.13563	-0.0033553
5.91	0.267517	-0.000198423
5.92	0.115674	-0.00521157
5.93	0.13351	-0.00189307
5.94	0.24369	-0.000844244
5.95	0.186508	0.00076996
5.96	0.149365	0.00115902
5.97	0.144268	0.00118045
5.98	0.325259	-6.33987e-05
5.99	0.313897	0.00234352
6	0.254558	-0.00121217
6.01	0.291634	-0.00801288
6.02	0.223029	-0.00371843
6.03	0.331029	-0.0026753
6.04	0.246627	-0.00135184
6.05	0.156795	-0.000587031
6.06	0.161857	0.00680877
6.07	0.250536	0.00819422
6.08	0.116138	0.00435646
6.09	0.146345	0.00248361
6.1	0.198029	0.00207249
6.11	0.196512	-0.00334758
6.12	0.331111	-0.00014476
6.13	0.170521	-0.00499989
6.14	0.184643	-0.00180645
6.15	0.294588	-0.000670186
6.16	0.275272	0.00121406
6.17	0.204889	0.000723431
6.18	0.247986	0.00051777
6.19	0.473425	0.00014802
6.2	0.295522	0.000993388
6.21	0.410896	-0.00302287
6.22	0.276946	-0.00664379
6.23	0.3545	-0.00405634
6.24	0.38127	-0.00209877
6.25	0.228039	-0.00129242
6.26	0.234228	0.00667128
6.27	0.323518	0.00756203
6.28	0.18737	5.40593e-05
6.29	0.220605	0.00416288
6.3	0.270048	0.00296714
6.31	0.27256	-0.00272742
6.32	0.399357	8.98858e-05
6.33	0.244333	-0.00493291
6.34	0.279653	-0.00196813
6.35	0.420631	-0.00067192
6.36	0.286091	-9.21883e-05
6.37	0.278548	0.000725834
6.38	0.411987	-0.000704401
6.39	0.520083	0.000441932
6.4	0.359352	0.00113879
6.41	0.492862	-0.00290773
6.42	0.360487	-0.00670344
6.43	0.439103	-0.00416079
6.44	0.459977	-0.00219874
6.45	0.316814	-0.00146372
6.46	0.324924	0.0068694
6.47	0.407628	0.00674803
6.48	0.288436	0.00389619
6.49	0.305849	0.00196793
6.5	0.404355	0.000643238
6.51	0.321057	-0.00100068
6.52	0.393269	0.000214595
6.53	0.406053	-0.00196972
6.54	0.338971	-0.00471525
6.55	0.439875	-0.00230726
6.56	0.398523	-0.000405813
6.57	0.375669	0.000383778
6.58	0.375032	0.000108276
6.59	0.517511	-0.001208
6.6	0.615575	-4.81604e-05
6.61	0.467764	0.000829872
6.62	0.613233	-0.00274279
6.63	0.473605	-0.00711694
6.64	0.519133	-0.00421763
6.65	0.56398	-0.00228935
6.66	0.428959	-0.00190722
6.67	0.437381	-0.00105976
6.68	0.424049	0.00754372
6.69	0.50579	0.00685174
6.7	0.389076	0.00377811
6.71	0.426035	-0.000543303
6.72	0.525903	0.00176403
6.73	0.483555	0.000611357
6.74	0.4319	-0.000849909
6.75	0.574583	-0.00171657
6.76	0.453153	-0.00612015
6.77	0.446297	-0.00286102
6.78	0.533472	-0.0015558
6.79	0.50694	-0.000476419
6.8	0.489423	0.000556452
6.81	0.490499	0.000350361
6.82	0.555939	-0.000546907
6.83	0.675109	-0.0019589
6.84	0.710942	0.000226291
6.85	0.601987	-0.000196515
6.86	0.60582	-0.00263081
6.87	0.697641	-0.0086658
6.88	0.631749	-0.00449463
6.89	0.654706	-0.0030006
6.9	0.613832	-0.00156869
6.91	0.599711	-0.00189163
6.92	0.552535	-0.00108144
6.93	0.572413	0.00937191
6.94	0.562415	0.00482778
6.95	0.57616	0.00380696
6.96	0.626673	0.00262494
6.97	0.532089	0.00148935
6.98	0.570615	0.000398932
6.99	0.599268	0.000127421
7	0.678045	-0.000281248
7.01	0.642727	-0.000302573
7.02	0.564746	-0.00109375
7.03	0.586627	0.000928579
7.04	0.701991	-0.00202679
7.05	0.613217	-0.00746184
7.06	0.591036	-0.00386231
7.07	0.605477	-0.00181578
7.08	0.6271	-0.0017568
7.09	0.66215	-0.000933392
7.1	0.652902	-0.000584993
7.11	0.65263	0.00012275
7.12	0.656691	0.000453805
7.13	0.660293	0.000155734
7.14	0.680626	-0.000479147
7.15	0.743622	-0.000976893
7.16	0.833983	-0.00273268
7.17	0.939582	-0.00213661
7.18	0.806266	-0.000210788
7.19	0.776474	-0.00127508
7.2	0.724872	-0.00102119
7.21	0.714775	-0.00128283
7.22	0.746542	-0.00158033
7.23	0.923682	-0.01151
7.24	0.820388	-0.00675457
7.25	0.773543	-0.00288871
7.26	0.7526	-0.0017883
7.27	0.774814	-0.00136286
7.28	0.727172	-0.00103394
7.29	0.772216	-0.000647225
7.3	0.790796	-0.000741271
7.31	0.75716	-0.000670795
7.32	0.758779	-0.00053881
7.33	0.788626	-0.000598667
7.34	0.790278	-0.00169912
7.35	0.771637	-0.00172424
7.36	0.774733	-0.00138464
7.37	0.782379	-0.000671002
7.38	0.786926	-0.00071001
7.39	0.791739	-0.000646328
7.4	0.796555	-0.000630934
7.41	0.806087	-0.000726795
7.42	0.828314	0.0132268
7.43	0.821535	0.00753363
7.44	0.820716	0.00421631
7.45	0.822787	0.0023598
7.46	0.826521	0.00135306
7.47	0.83064	0.000794144
7.48	0.835249	0.000536293
7.49	0.839852	0.000633672
7.5	0.844865	0.000234107
7.51	0.848916	0.000294724
7.52	0.854478	0.000301112
7.53	0.858561	0.00044407
7.54	0.863185	1.94368e-05
7.55	0.867884	0.000100445
7.56	0.872357	0.000113611
7.57	0.876644	0.000165318
7.58	0.881169	0.000157206
7.59	0.885651	0.000192106
7.6	0.890143	0.000417668
7.61	0.874499	-0.0150414
7.62	0.881752	-0.00893414
7.63	0.894645	-0.00524443
7.64	0.903435	-0.00321109
7.65	0.910453	-0.00196437
7.66	0.912736	-0.00192262
7.67	0.911732	-0.00137168
7.68	0.917484	-0.000324074
7.69	0.930334	0.000662403
7.7	0.936705	1.24697e-05
7.71	0.927764	-0.000643588
7.72	0.947673	9.12714e-05
7.73	0.952456	-8.56874e-05
7.74	0.91003	-0.000145582
7.75	0.987738	-0.000341252
7.76	0.935383	-0.000344723
7.77	0.955115	-0.000103906
7.78	0.965725	-0.00285421
7.79	0.958454	-0.00290273
7.8	0.681342	0.0125711
7.81	0.822071	0.00344219
7.82	0.910288	0.000534993
7.83	0.94767	-0.000667677
7.84	0.975541	-0.000435259
7.85	0.99716	-0.00279764
7.86	0.758591	-0.00187183
7.87	0.716427	0.00094037
7.88	0.769946	-0.000823108
7.89	0.849977	-0.00124299
7.9	0.938165	-0.00193695
7.91	0.950108	-0.00382491
7.92	0.986817	-0.00720247
7.93	1.00451	-0.00552418
7.94	1.00635	-0.00459102
7.95	1.02878	-0.00377617
7.96	1.04167	-0.00602757
7.97	0.977682	-0.00523359
7.98	1.04264	0.00327415
7.99	1.04665	0.00191342
8	1.0795	-0.00232803
8.01	1.15935	0.000183644
8.02	1.10963	-0.000761825
8.03	0.949778	0.00025454
8.04	1.02517	-0.000748016
8.05	0.964463	0.000743606
8.06	1.07129	0.00145091
8.07	1.06766	0.00218463
8.08	1.05395	0.0014429
8.09	1.06504	0.00157023
8.1	1.00334	-0.0177237
8.11	1.02238	-0.0109915
8.12	1.02831	-0.00501586
8.13	1.08079	-0.00233843
8.14	1.08055	-0.0010679
8.15	1.00559	-0.00164187
8.16	0.726969	0.0139215
8.17	0.904293	0.00435417
8.18	0.97457	0.00188631
8.19	0.780841	-0.00127802
8.2	0.740861	0.000736881
8.21	0.768741	-0.000903385
8.22	0.907549	-0.00234806
8.23	1.00556	-0.00967034
8.24	1.03357	-0.00755023
8.25	1.07109	-0.0085562
8.26	0.97831	-0.00727831
8.27	1.086	0.00235371
8.28	1.13802	-0.00127265
8.29	1.21181	0.000800613
8.3	1.16018	0.000239444
8.31	1.0121	-0.000506002
8.32	0.963632	0.00108935
8.33	1.10284	0.00127219
8.34	1.08891	0.00104427
8.35	1.09996	-0.018785
8.36	0.984585	-0.0113678
8.37	1.04151	-0.00533645
8.38	1.05267	-0.00246801
8.39	1.04139	-0.00105603
8.4	1.10382	0.0129773
8.41	0.725046	0.00437458
8.42	0.93156	5.56005e-05
8.43	0.745315	-0.000555522
8.44	0.583915	0.000716579
8.45	0.797359	-0.00173065
8.46	0.950062	-0.009673
8.47	1.01066	-0.00848518
8.48	0.970796	-0.00830478
8.49	1.01515	0.00114793
8.5	1.13188	-0.00240446
8.51	1.20102	0.001426
8.52	1.15169	0.000440027
8.53	0.989699	-0.0010603
8.54	0.987139	0.00135096
8.55	1.07925	3.00487e-05
8.56	1.0737	0.000329617
8.57	0.953093	-0.0193419
8.58	1.01889	-0.011218
8.59	1.09139	-0.00581397
8.6	0.984969	-0.00254212
8.61	1.06556	0.0124882
8.62	0.676909	0.00410012
8.63	0.903038	-0.000367034
8.64	0.713594	-0.00102452
8.65	0.522203	0.000557258
8.66	0.720861	-0.00472453
8.67	0.922623	-0.0106474
8.68	0.970417	-0.00827632
8.69	0.855544	-0.0110031
8.7	1.01124	0.00637017
8.71	1.18084	-0.00182938
8.72	1.09931	0.00236457
8.73	0.949457	0.00030898
8.74	0.886445	0.00120011
8.75	1.04542	0.00137473
8.76	1.03041	-0.000705978
8.77	0.898067	-0.0198146
8.78	0.969156	-0.0116545
8.79	1.03882	-0.00621542
8.8	0.925115	-0.00292349
8.81	1.00554	0.0121253
8.82	0.620783	0.00432418
8.83	0.843489	0.000768492
8.84	0.454538	0.000820524
8.85	0.500388	-0.00159484
8.86	0.783912	-0.00928309
8.87	0.880309	-0.00958967
8.88	0.886214	-0.00981385
8.89	0.783496	-0.0108611
8.9	0.937777	0.00677611
8.91	1.09103	-0.00150706
8.92	1.01499	0.00224028
8.93	0.863981	0.000254361
8.94	0.803255	0.000328822
8.95	0.959281	0.00127072
8.96	0.941671	-0.00179392
8.97	0.852456	-0.0206772
8.98	0.840277	-0.0130664
8.99	0.947213	-0.0055066
9	0.914222	-0.00291421
9.01	0.845333	-0.00406884
9.02	0.554943	0.0129891
9.03	0.694998	0.00606791
9.04	0.557703	0.000170105
9.05	0.411355	0.00102497
9.06	0.598403	-0.00209817
9.07	0.745969	-0.00942875
9.08	0.802354	-0.00866583
9.09	0.792173	-0.00923575
9.1	0.683421	-0.0103637
9.11	0.825272	0.00620008
9.12	0.954546	-0.0017677
9.13	0.889147	0.00280199
9.14	0.751273	0.000356705
9.15	0.682889	0.000734968
9.16	0.82815	0.000845161
9.17	0.807975	0.000469972
9.18	0.819676	-0.00296628
9.19	0.694703	-0.0199458
9.2	0.758792	-0.0115901
9.21	0.808903	-0.00638487
9.22	0.770008	-0.00352287
9.23	0.737305	-0.00318653
9.24	0.433555	0.0126572
9.25	0.553459	0.00605799
9.26	0.69255	-0.000159477
9.27	0.464932	-0.00128472
9.28	0.306554	2.07598e-05
9.29	0.475546	-0.00244852
9.3	0.605824	-0.00869589
9.31	0.663107	-0.00806677
9.32	0.646796	-0.00648779
9.33	0.586804	-0.00773653
9.34	0.616523	0.00279802
9.35	0.677354	0.000976316
9.36	0.719533	-0.00351978
9.37	0.736598	0.00157763
9.38	0.705353	6.28071e-06
9.39	0.559042	-0.000886277
9.4	0.584113	-2.92949e-05
9.41	0.590821	-6.04209e-05
9.42	0.645916	-3.60856e-05
9.43	0.61982	-0.00406256
9.44	0.62827	-0.00219318
9.45	0.593345	-0.0190817
9.46	0.537463	-0.0115902
9.47	0.583915	-0.005794
9.48	0.611295	-0.0034179
9.49	0.596652	-0.00256096
9.5	0.51875	-0.00167151
9.51	0.564743	-0.00199459
9.52	0.264522	0.0120567
9.53	0.40425	0.00533033
9.54	0.46126	0.0014267
9.55	0.524141	-0.00220637
9.56	0.295942	-0.00218285
9.57	0.253249	0.000210041
9.58	0.304032	-0.00179029
9.59	0.368363	-0.00271525
9.6	0.425161	-0.00328385
9.61	0.463527	-0.00715824
9.62	0.478617	-0.00644174
9.63	0.476477	-0.00551828
9.64	0.465731	-0.00472378
9.65	0.446775	-0.00415588
9.66	0.419035	-0.0055793
9.67	0.366024	-0.00562524
9.68	0.402776	0.0045353
9.69	0.430991	-0.00139319
9.7	0.434416	-0.000675405
9.71	0.433642	-0.00191716
9.72	0.438264	-0.00249486
9.73	0.440816	0.00151662
9.74	0.424351	0.000248512
9.75	0.411431	-0.0006615
9.76	0.400869	-0.00111097
9.77	0.388684	-0.00146979
9.78	0.269696	-0.00088672
9.79	0.298764	-0.000983325
9.8	0.333822	-0.00167584
9.81	0.338652	-0.000573988
9.82	0.340992	-0.000653855
9.83	0.329981	-0.00109033
9.84	0.331226	-0.000719673
9.85	0.336445	-0.000853696
9.86	0.32454	-0.00195187
9.87	0.317575	-0.000524104
9.88	0.309561	-0.00075338
9.89	0.302272	-0.000900304
9.9	0.295529	-0.00452342
9.91	0.287247	0.000682912
9.92	0.265709	-0.00445163
9.93	0.268479	-0.00309801
9.94	0.26659	-0.00238124
9.95	0.262505	-0.00206852
9.96	0.260231	-0.00178375
9.97	0.25286	-0.00184785
9.98	0.246556	-0.00190712
9.99	0.240871	-0.00161503
10	0.235258	-0.00176426
