timestep	Fx	Fy
0.005	86.6899	-0.0180215
0.01	44.5118	0.000538316
0.015	23.4409	0.00524997
0.02	12.7311	0.00326043
0.025	7.29435	0.000310073
0.03	4.50264	0.000394232
0.035	3.02853	0.000418058
0.04	2.2509	-0.000114175
0.045	1.82521	0.000182486
0.05	1.55852	-3.25791e-06
0.055	1.38768	0.000355971
0.06	1.26939	0.000533162
0.065	1.18171	0.000561448
0.07	1.11256	-1.42468e-05
0.075	1.05341	-0.000635741
0.08	1.00433	-0.000870653
0.085	0.939639	-0.000691711
0.09	0.912176	-0.000316615
0.095	0.880983	-6.25669e-05
0.1	0.850815	-4.52116e-05
0.105	0.838052	0.000264014
0.11	0.801937	-0.000207948
0.115	0.77096	-0.000425559
0.12	0.742984	-0.000920569
0.125	0.719537	-0.000837138
0.13	0.698718	-0.000524873
0.135	0.679737	-0.0004709
0.14	0.660416	-0.00068854
0.145	0.643026	-0.000499701
0.15	0.625384	0.000404306
0.155	0.609538	-9.13114e-05
0.16	0.593674	-0.000224409
0.165	0.573369	0.000168997
0.17	0.557253	-9.09271e-05
0.175	0.546974	-0.000230654
0.18	0.556994	-0.00021224
0.185	0.527547	-0.000328953
0.19	0.536524	-0.000206035
0.195	0.515701	-4.22162e-05
0.2	0.492749	-0.000271081
0.205	0.472235	-0.000226004
0.21	0.466997	-0.000507915
0.215	0.4683	-0.000500741
0.22	0.475534	-0.000525076
0.225	0.468773	-0.000409697
0.23	0.458482	-0.000283599
0.235	0.443171	-0.000107782
0.24	0.418987	-0.000125845
0.245	0.426545	-0.000316298
0.25	0.43511	-0.000374493
0.255	0.413617	6.38231e-05
0.26	0.395404	-0.000350604
0.265	0.394538	-0.000196488
0.27	0.380797	-0.000380466
0.275	0.379081	-0.000102688
0.28	0.367702	-0.000209905
0.285	0.374039	-0.00014704
0.29	0.362776	-0.000280027
0.295	0.365036	-0.000591867
0.3	0.351717	-0.000454061
0.305	0.336582	-0.000226501
0.31	0.343917	-0.000233903
0.315	0.335801	-0.000374153
0.32	0.329397	-0.000395199
0.325	0.326762	-0.00030272
0.33	0.319543	2.9923e-05
0.335	0.313386	-0.00012498
0.34	0.313814	-0.000346106
0.345	0.335936	-0.000325503
0.35	0.321081	-0.000247826
0.355	0.306261	-0.000207429
0.36	0.299023	-0.000283302
0.365	0.315221	-0.000343711
0.37	0.311777	-0.000277244
0.375	0.305161	6.89304e-05
0.38	0.318302	-0.000381918
0.385	0.305154	-0.000412448
0.39	0.293174	-8.15699e-05
0.395	0.27933	-0.000181492
0.4	0.275683	-9.83313e-05
0.405	0.281145	-0.000102506
0.41	0.270668	-0.00014434
0.415	0.275417	-0.000429367
0.42	0.262118	-0.000313765
0.425	0.266037	-0.000128901
0.43	0.260339	-0.000303505
0.435	0.259078	-0.00025341
0.44	0.25242	-8.13914e-05
0.445	0.25508	-0.000132195
0.45	0.261102	-0.000231924
0.455	0.270549	-2.36212e-05
0.46	0.257315	-0.000318479
0.465	0.266357	-0.000214068
0.47	0.272576	-0.000286338
0.475	0.257914	-0.000234729
0.48	0.270908	-0.00034069
0.485	0.255349	-0.000162859
0.49	0.248666	-7.46263e-05
0.495	0.240524	-0.00010965
0.5	0.244512	-1.02325e-05
0.505	0.241294	-0.000312899
0.51	0.236786	-0.000223176
0.515	0.23605	-8.78189e-05
0.52	0.23024	-0.000234901
0.525	0.229578	-0.000177613
0.53	0.22523	9.34123e-05
0.535	0.240669	-0.000220998
0.54	0.247286	-0.000195323
0.545	0.236114	-0.000387713
0.55	0.243577	2.1097e-05
0.555	0.248975	-0.000225771
0.56	0.252668	-0.000242585
0.565	0.249406	-0.000200041
0.57	0.234898	-0.000330426
0.575	0.22532	-0.000334989
0.58	0.22869	-8.71447e-05
0.585	0.225238	-0.000136921
0.59	0.221565	-0.000108734
0.595	0.221347	0.000115465
0.6	0.217248	-0.000166438
0.605	0.21578	-0.000108515
0.61	0.221636	0.000229735
0.615	0.237908	3.37233e-05
0.62	0.231855	-0.000210719
0.625	0.237443	-5.91752e-05
0.63	0.236933	-0.000261271
0.635	0.248416	-0.000268244
0.64	0.239874	-0.000117196
0.645	0.228321	-9.54112e-05
0.65	0.221907	-0.000122529
0.655	0.221785	0.000339295
0.66	0.225391	2.87374e-05
0.665	0.221625	-6.04897e-05
0.67	0.21501	-2.63145e-05
0.675	0.214095	-7.43362e-05
0.68	0.220244	-0.000253149
0.685	0.240381	-0.000143385
0.69	0.229557	-4.63687e-05
0.695	0.243125	-5.2514e-05
0.7	0.241168	0.00012387
0.705	0.253762	-0.000333177
0.71	0.233651	-0.000181793
0.715	0.221926	-7.33981e-05
0.72	0.225013	0.000281532
0.725	0.227382	4.6155e-05
0.73	0.224056	-5.44612e-07
0.735	0.217304	1.25576e-05
0.74	0.216777	-0.00023735
0.745	0.223973	-0.000374507
0.75	0.244783	-2.99445e-05
0.755	0.232789	0.000231288
0.76	0.255237	-0.000102685
0.765	0.255669	-7.87871e-05
0.77	0.24584	0.000117947
0.775	0.233825	8.01346e-05
0.78	0.228848	-7.14074e-05
0.785	0.235104	-0.000327444
0.79	0.229511	0.00016972
0.795	0.231232	-0.000181373
0.8	0.227683	5.46805e-05
0.805	0.232826	0.000148628
0.81	0.251419	0.000145723
0.815	0.241851	0.000216373
0.82	0.262846	-0.000213596
0.825	0.264231	-5.77344e-05
0.83	0.252974	3.86061e-05
0.835	0.243937	9.96134e-05
0.84	0.245532	-9.06489e-05
0.845	0.245522	-0.000168133
0.85	0.241044	4.12605e-05
0.855	0.235204	-6.79117e-05
0.86	0.236362	9.66229e-05
0.865	0.250534	0.000253717
0.87	0.259609	0.00016877
0.875	0.264013	-4.16318e-05
0.88	0.270899	8.95789e-05
0.885	0.278375	0.000108222
0.89	0.259306	0.000147404
0.895	0.251901	-9.84588e-05
0.9	0.256848	6.84024e-05
0.905	0.251544	0.00014703
0.91	0.253406	0.000136043
0.915	0.250324	-0.000157112
0.92	0.265539	-0.000141578
0.925	0.274778	-0.000185241
0.93	0.27641	0.000367892
0.935	0.284978	0.000433344
0.94	0.292032	0.000151521
0.945	0.272909	8.56542e-05
0.95	0.265948	0.000286809
0.955	0.276566	0.000195299
0.96	0.270505	3.77591e-05
0.965	0.264069	-5.56592e-05
0.97	0.264819	-0.000227789
0.975	0.278785	-0.000237788
0.98	0.290758	0.00042335
0.985	0.297351	1.79569e-05
0.99	0.308507	-2.35317e-05
0.995	0.296505	0.000193074
1	0.289002	0.000121825
1.005	0.286756	0.000395087
1.01	0.287576	0.000142457
1.015	0.285884	-7.01439e-05
1.02	0.282898	-0.000146618
1.025	0.288282	0.000262997
1.03	0.30689	0.000188347
1.035	0.301012	0.000195874
1.04	0.324045	0.000113419
1.045	0.32619	6.10357e-05
1.05	0.307557	8.84014e-05
1.055	0.30016	0.000259414
1.06	0.310751	0.000290826
1.065	0.304776	0.0001473
1.07	0.300997	-0.000154554
1.075	0.301251	0.000259839
1.08	0.322284	0.000254182
1.085	0.320938	0.000161787
1.09	0.338556	-1.95055e-05
1.095	0.344887	0.000209853
1.1	0.332346	4.59821e-05
1.105	0.322029	0.000466704
1.11	0.325589	0.000296603
1.115	0.320687	0.000182664
1.12	0.323609	-4.74458e-05
1.125	0.322372	0.000302548
1.13	0.344305	0.000176427
1.135	0.341637	-8.18829e-05
1.14	0.358316	0.000273761
1.145	0.358646	6.4729e-05
1.15	0.355224	0.000287283
1.155	0.34322	0.000200742
1.16	0.348356	0.000370255
1.165	0.341996	0.000281288
1.17	0.34432	9.15837e-05
1.175	0.343612	-3.96232e-05
1.18	0.365511	0.000361115
1.185	0.362559	0.000291695
1.19	0.379892	-2.6801e-05
1.195	0.37986	0.000158611
1.2	0.376676	0.000127642
1.205	0.365161	0.00027652
1.21	0.369828	0.000558424
1.215	0.364338	0.000290171
1.22	0.367185	0.000127279
1.225	0.365991	0.000295283
1.23	0.388072	0.000266438
1.235	0.384996	0.000313329
1.24	0.402451	-1.70183e-05
1.245	0.40919	0.000149209
1.25	0.396704	0.000155312
1.255	0.387898	0.000268255
1.26	0.392054	0.000515466
1.265	0.387266	0.000342499
1.27	0.390428	0.000129159
1.275	0.38965	0.000392479
1.28	0.411699	0.000265761
1.285	0.408735	0.000301252
1.29	0.426456	0.000151237
1.295	0.432993	0.00016185
1.3	0.420593	0.000140408
1.305	0.412675	0.000129259
1.31	0.417036	0.000499429
1.315	0.413882	0.000279395
1.32	0.414837	0.000263697
1.325	0.415538	0.000408414
1.33	0.436297	0.000395663
1.335	0.433419	0.000260418
1.34	0.451712	0.000119556
1.345	0.458007	0.000176677
1.35	0.447121	0.000356721
1.355	0.438381	0.000243441
1.36	0.443132	0.000376081
1.365	0.439847	0.000412107
1.37	0.440761	0.000341336
1.375	0.441549	0.000344114
1.38	0.46268	0.000252875
1.385	0.459774	0.000377042
1.39	0.478289	0.000133643
1.395	0.484384	0.000255992
1.4	0.473627	0.000213933
1.405	0.465315	0.000253041
1.41	0.470286	0.00054762
1.415	0.464859	0.000392352
1.42	0.468442	0.000379258
1.425	0.468084	0.000505461
1.43	0.490819	0.000339426
1.435	0.487068	0.000329298
1.44	0.506289	0.000257032
1.445	0.505549	0.000267507
1.45	0.499338	0.000348466
1.455	0.495475	0.000371218
1.46	0.495935	0.000563293
1.465	0.497462	0.00020402
1.47	0.498522	0.000361369
1.475	0.495899	0.000416964
1.48	0.509965	0.000412129
1.485	0.518797	0.000390887
1.49	0.524587	0.000165568
1.495	0.530182	0.000343551
1.5	0.540067	0.000423746
1.505	0.526502	0.000510426
1.51	0.528248	0.000406952
1.515	0.529478	0.000497481
1.52	0.525957	0.000336241
1.525	0.525908	0.000313049
1.53	0.524036	0.000515324
1.535	0.552244	0.00040898
1.54	0.542868	0.000449396
1.545	0.56218	0.00012973
1.55	0.572437	0.000362706
1.555	0.562692	0.000363754
1.56	0.552557	0.000347831
1.565	0.555337	0.000260381
1.57	0.557787	0.000433526
1.575	0.559617	0.000638013
1.58	0.55726	0.000524899
1.585	0.562227	0.000380058
1.59	0.583656	0.00039866
1.595	0.577604	0.000474831
1.6	0.601302	0.000213607
1.605	0.605479	0.000505301
1.61	0.589835	0.000448984
1.615	0.584252	0.000625677
1.62	0.59241	0.000647105
1.625	0.58681	0.00048364
1.63	0.590307	0.00015272
1.635	0.589084	0.000439906
1.64	0.594472	0.000450112
1.645	0.615988	0.00047746
1.65	0.611339	0.00045698
1.655	0.624732	0.000133373
1.66	0.63786	0.00078811
1.665	0.629006	0.000634249
1.67	0.619474	0.000578746
1.675	0.622829	0.000712862
1.68	0.625415	0.000475747
1.685	0.625138	0.000227326
1.69	0.624349	0.000189298
1.695	0.622285	0.000531852
1.7	0.648363	0.000459813
1.705	0.644189	0.000635231
1.71	0.659776	0.000286963
1.715	0.656707	0.000450627
1.72	0.671499	0.00081782
1.725	0.657882	0.000701539
1.73	0.654046	0.000556388
1.735	0.663432	0.000535829
1.74	0.65743	0.00025998
1.745	0.660857	0.000277715
1.75	0.659998	0.000355724
1.755	0.659067	0.000641922
1.76	0.686043	0.000543575
1.765	0.681225	0.000216211
1.77	0.690667	0.000414716
1.775	0.698154	0.000827707
1.78	0.710885	0.000341408
1.785	0.696817	0.000323158
1.79	0.690507	0.00031313
1.795	0.696219	0.000348829
1.8	0.699262	0.000783988
1.805	0.698536	0.000584685
1.81	0.695012	0.000769259
1.815	0.696605	0.000711768
1.82	0.703654	0.000490546
1.825	0.728306	0.000442998
1.83	0.717194	0.000562549
1.835	0.736539	0.000494474
1.84	0.734144	0.000570234
1.845	0.750648	0.000589871
1.85	0.736956	0.000496357
1.855	0.731173	0.000407783
1.86	0.735648	0.00050209
1.865	0.741133	0.000869011
1.87	0.731491	0.000616137
1.875	0.739765	0.000466639
1.88	0.739312	0.000701083
1.885	0.738508	0.000530722
1.89	0.756368	0.000618117
1.895	0.766286	0.000479008
1.9	0.763852	0.000593177
1.905	0.785217	0.000476748
1.91	0.77308	0.000519712
1.915	0.791787	0.000564606
1.92	0.778946	0.000562064
1.925	0.774964	0.000757148
1.93	0.779567	0.000889736
1.935	0.780834	0.000689503
1.94	0.779323	0.000668888
1.945	0.78266	0.000426307
1.95	0.780354	0.000441747
1.955	0.783014	0.000523501
1.96	0.793423	0.000668657
1.965	0.810674	0.00058591
1.97	0.805193	0.000645368
1.975	0.799124	0.000743837
1.98	0.825432	0.000613857
1.985	0.826998	0.00061231
1.99	0.834242	0.000621356
1.995	0.82453	0.000706966
2	0.823068	0.00082031
2.005	0.821001	0.000630245
2.01	0.827468	0.000211351
2.015	0.829882	0.00101761
2.02	0.828168	0.000833722
2.025	0.832085	0.00038735
2.03	0.829584	0.000662573
2.035	0.832397	0.000802111
2.04	0.831491	0.000730487
2.045	0.840838	0.00048822
2.05	0.865747	0.00043389
2.055	0.858699	0.000588167
2.06	0.851736	0.000514741
2.065	0.870791	0.000799914
2.07	0.872867	0.000333833
2.075	0.872143	0.000686536
2.08	0.894914	0.000772515
2.085	0.875421	0.000463878
2.09	0.876187	0.00075788
2.095	0.875517	0.000593391
2.1	0.871934	0.000386086
2.105	0.883262	0.000894914
2.11	0.89037	0.001087
2.115	0.882859	0.000887237
2.12	0.889018	0.00049666
2.125	0.88635	0.000582643
2.13	0.885804	0.000783279
2.135	0.890776	0.000900809
2.14	0.892426	0.000684131
2.145	0.900901	0.000542558
2.15	0.914033	0.000669294
2.155	0.925711	0.000615156
2.16	0.916622	0.000650554
2.165	0.910695	0.000674762
2.17	0.933025	0.000383252
2.175	0.942059	0.000683165
2.18	0.933203	0.0011553
2.185	0.940879	0.000764821
2.19	0.94925	0.000733914
2.195	0.935801	0.00065866
2.2	0.938866	0.000621036
2.205	0.933491	0.000971999
2.21	0.939469	0.00073643
2.215	0.938008	0.00063016
2.22	0.949899	0.000662293
2.225	0.948267	0.00095334
2.23	0.958159	0.000793468
2.235	0.952053	0.000915633
2.24	0.949494	0.000562108
2.245	0.961369	0.000475135
2.25	0.959014	0.000710982
2.255	0.958996	0.000633562
2.26	0.960362	0.000568214
2.265	0.966058	0.00113316
2.27	0.966803	0.00073189
2.275	0.96899	0.000779036
2.28	0.979971	0.000808825
2.285	0.992643	0.000745851
2.29	1.00269	0.000633555
2.295	0.999392	0.000754569
2.3	0.990718	0.000779407
2.305	0.990498	0.000782477
2.31	0.988933	0.000761737
2.315	0.992329	0.000829051
2.32	1.01349	0.000736412
2.325	1.0209	0.000529789
2.33	1.02105	0.000858271
2.335	1.00746	0.000648407
2.34	1.0196	0.00118607
2.345	1.0119	0.000855111
2.35	1.02647	0.000955257
2.355	1.03325	0.00090716
2.36	1.03553	0.00072209
2.365	1.02909	0.00113149
2.37	1.02415	0.000864433
2.375	1.02482	0.00094323
2.38	1.03344	0.000886863
2.385	1.03181	0.00104743
2.39	1.03374	0.000802457
2.395	1.03423	0.00100548
2.4	1.03886	0.000917105
2.405	1.04509	0.000834855
2.41	1.04503	0.000776086
2.415	1.04581	0.000709366
2.42	1.04739	0.000908349
2.425	1.05093	0.000826804
2.43	1.05296	0.000799544
2.435	1.05507	0.000638572
2.44	1.07157	0.000694572
2.445	1.06876	0.000865904
2.45	1.06835	0.00114374
2.455	1.06969	0.000935319
2.46	1.07065	0.000983542
2.465	1.07234	0.00097288
2.47	1.07419	0.000971906
2.475	1.07685	0.000944995
2.48	1.07905	0.000855528
2.485	1.08168	0.000727892
2.49	1.0924	0.000777515
2.495	1.09154	0.000858769
2.5	1.09189	0.000865433
2.505	1.09318	0.000873697
2.51	1.09489	0.0008843
2.515	1.09732	0.000799979
2.52	1.09945	0.000958625
2.525	1.10199	0.000829357
2.53	1.10463	0.000965066
2.535	1.09842	0.000942509
2.54	1.1045	0.00103614
2.545	1.10945	0.000749686
2.55	1.113	0.00112631
2.555	1.11627	0.00105701
2.56	1.11915	0.000680707
2.565	1.12185	0.00103583
2.57	1.12336	0.00100021
2.575	1.12517	0.000631827
2.58	1.1283	0.000742009
2.585	1.11451	0.000836568
2.59	1.12487	0.000946621
2.595	1.13156	0.00101588
2.6	1.13416	0.000985881
2.605	1.13869	0.000995394
2.61	1.1419	0.000966768
2.615	1.14463	0.00113711
2.62	1.1417	0.0010682
2.625	1.14392	0.00100026
2.63	1.14919	0.000939691
2.635	1.15143	0.000959961
2.64	1.15535	0.000822689
2.645	1.14862	0.000665347
2.65	1.15557	0.000976718
2.655	1.16099	0.000856137
2.66	1.16413	0.0009433
2.665	1.15294	0.000945835
2.67	1.14634	0.000981147
2.675	1.13971	0.000834126
2.68	1.16112	0.000828801
2.685	1.15128	0.000871227
2.69	1.17155	0.000719023
2.695	1.16295	0.000858805
2.7	1.15435	0.00112593
2.705	1.14269	0.00110444
2.71	1.16076	0.00111673
2.715	1.17572	0.000958926
2.72	1.17987	0.000991459
2.725	1.18859	0.000962456
2.73	1.18487	0.00102024
2.735	1.16702	0.00102121
2.74	1.16439	0.00110481
2.745	1.16783	0.00113889
2.75	1.18334	0.000865627
2.755	1.19461	0.00116244
2.76	1.19672	0.000662169
2.765	1.20327	0.000909139
2.77	1.2083	0.000967884
2.775	1.21225	0.00113818
2.78	1.20064	0.00125655
2.785	1.21158	0.00149737
2.79	1.21814	0.00122765
2.795	1.20392	0.000680327
2.8	1.21306	0.000853745
2.805	1.20329	0.000968416
2.81	1.21523	0.000843605
2.815	1.21288	0.00136371
2.82	1.22421	0.00104915
2.825	1.2189	0.00103288
2.83	1.22806	0.00112156
2.835	1.20402	0.00112809
2.84	1.19808	0.00108315
2.845	1.20967	0.000804602
2.85	1.1965	0.0012481
2.855	1.18306	0.00102284
2.86	1.21286	0.000980178
2.865	1.22655	0.000904033
2.87	1.20718	0.000950233
2.875	1.20246	0.00106724
2.88	1.21071	0.00124552
2.885	1.22834	0.00140173
2.89	1.23617	0.00131475
2.895	1.24675	0.000895736
2.9	1.25397	0.00101427
2.905	1.24433	0.00143353
2.91	1.25545	0.00118206
2.915	1.24283	0.000725332
2.92	1.23451	0.000574457
2.925	1.25088	0.000810485
2.93	1.25151	0.00123436
2.935	1.24981	0.000957487
2.94	1.26236	0.00141894
2.945	1.21351	0.00105509
2.95	1.22708	0.00100756
2.955	1.22587	0.00142437
2.96	1.21312	0.000871063
2.965	1.24058	0.0012654
2.97	1.25079	0.000961439
2.975	1.21695	0.00116642
2.98	1.22955	0.0013219
2.985	1.25559	0.00122354
2.99	1.26326	0.00104294
2.995	1.27543	0.00102499
3	1.26847	0.00153957
3.005	1.27314	0.00143349
3.01	1.2713	0.000687826
3.015	1.26208	0.00113022
3.02	1.26977	0.00131217
3.025	1.2711	0.00104638
3.03	1.26915	0.0011055
3.035	1.24514	0.00108619
3.04	1.24052	0.00119325
3.045	1.21482	0.00128769
3.05	1.25212	0.00110133
3.055	1.26568	0.00108121
3.06	1.23673	0.00137942
3.065	1.24534	0.00118944
3.07	1.26713	0.00128961
3.075	1.28681	0.00125868
3.08	1.28313	0.00167813
3.085	1.28934	0.00142589
3.09	1.2876	0.000758102
3.095	1.27924	0.00111293
3.1	1.2861	0.00129059
3.105	1.28929	0.000991955
3.11	1.24334	0.000955868
3.115	1.26653	0.000887487
3.12	1.2289	0.00146183
3.125	1.25393	0.00126952
3.13	1.2496	0.00127456
3.135	1.23627	0.00129095
3.14	1.27137	0.00155565
3.145	1.28742	0.00144911
3.15	1.28546	0.00138095
3.155	1.30659	0.00150406
3.16	1.29258	0.000247963
3.165	1.28778	0.00109371
3.17	1.29735	0.00132664
3.175	1.2994	0.00120395
3.18	1.25193	0.00150052
3.185	1.25844	0.000785803
3.19	1.23395	0.00126155
3.195	1.2726	0.00119462
3.2	1.23577	0.00134304
3.205	1.25537	0.00177654
3.21	1.28318	0.00138186
3.215	1.30471	0.000945995
3.22	1.3024	0.00111925
3.225	1.29616	0.000617121
3.23	1.28941	0.00124504
3.235	1.30253	0.0012929
3.24	1.30418	0.00147611
3.245	1.25845	0.00211093
3.25	1.24581	0.000994055
3.255	1.24715	0.000609283
3.26	1.27098	0.00139056
3.265	1.22814	0.00159048
3.27	1.27239	0.00101427
3.275	1.2941	0.00135175
3.28	1.29607	0.00160671
3.285	1.30869	0.00195827
3.29	1.28726	0.00146156
3.295	1.29855	0.00151491
3.3	1.30495	0.00180592
3.305	1.25654	0.00103488
3.31	1.26437	0.000589295
3.315	1.24089	0.00150025
3.32	1.26812	0.00118232
3.325	1.22675	0.00146724
3.33	1.27318	0.000842478
3.335	1.29429	0.00151651
3.34	1.29768	0.00191859
3.345	1.29558	0.00175027
3.35	1.29183	0.00147465
3.355	1.30384	0.0011295
3.36	1.29023	0.00106621
3.365	1.24782	0.000607051
3.37	1.23145	0.00168949
3.375	1.26173	0.00141586
3.38	1.2296	0.00136846
3.385	1.25282	0.00155109
3.39	1.28365	0.00105374
3.395	1.28942	0.00177174
3.4	1.30494	0.00179715
3.405	1.28405	0.00139377
3.41	1.29654	0.000864205
3.415	1.30223	0.00132556
3.42	1.25721	0.000924649
3.425	1.21125	0.00152591
3.43	1.24964	0.00131684
3.435	1.22024	0.00135233
3.44	1.24523	0.00174254
3.445	1.2778	0.00133638
3.45	1.28368	0.00116888
3.455	1.28389	0.00101034
3.46	1.28276	0.00124062
3.465	1.29547	0.00142651
3.47	1.28156	0.00165592
3.475	1.23953	0.00144538
3.48	1.20656	0.00173987
3.485	1.25541	0.00152224
3.49	1.20065	0.00166688
3.495	1.25218	0.00112827
3.5	1.27642	0.00146365
3.505	1.28274	0.00170562
3.51	1.27781	0.00118639
3.515	1.2694	0.0016458
3.52	1.27826	0.00141279
3.525	1.23353	0.00145055
3.53	1.22315	0.00113411
3.535	1.2254	0.00175731
3.54	1.21658	0.00160604
3.545	1.21265	0.00151476
3.55	1.25211	0.00135847
3.555	1.26226	0.00125431
3.56	1.26395	0.00194644
3.565	1.2631	0.00103434
3.57	1.26271	0.00145218
3.575	1.24983	0.00163942
3.58	1.23567	0.00121414
3.585	1.19093	0.00167166
3.59	1.22308	0.00167153
3.595	1.183	0.00175658
3.6	1.22651	0.00135516
3.605	1.24224	0.00134291
3.61	1.26256	0.00168614
3.615	1.24586	0.000917459
3.62	1.25822	0.001241
3.625	1.24749	0.00160951
3.63	1.20716	0.00162627
3.635	1.17131	0.00147407
3.64	1.20621	0.00162214
3.645	1.16842	0.00174612
3.65	1.21036	0.00157028
3.655	1.2315	0.00159993
3.66	1.24509	0.00113653
3.665	1.22867	0.00141993
3.67	1.2436	0.00162105
3.675	1.23114	0.00126211
3.68	1.19206	0.0013556
3.685	1.15493	0.00182036
3.69	1.18971	0.00179578
3.695	1.1518	0.00180071
3.7	1.19323	0.00133536
3.705	1.21492	0.0016013
3.71	1.22788	0.00183036
3.715	1.21208	0.00100614
3.72	1.22421	0.00150056
3.725	1.21483	0.00175428
3.73	1.17446	0.00164777
3.735	1.13694	0.00211123
3.74	1.17187	0.00162165
3.745	1.13154	0.00166476
3.75	1.17574	0.00138569
3.755	1.19153	0.00173901
3.76	1.21043	0.00199313
3.765	1.19418	0.00120286
3.77	1.20621	0.0013021
3.775	1.19513	0.00150569
3.78	1.15497	0.00125639
3.785	1.11737	0.0021297
3.79	1.15101	0.00172471
3.795	1.1104	0.00169721
3.8	1.15481	0.00133314
3.805	1.17006	0.00180426
3.81	1.18862	0.00200999
3.815	1.17	0.00108498
3.82	1.18586	0.0012901
3.825	1.15348	0.00153922
3.83	1.14109	0.00123676
3.835	1.09927	0.00209612
3.84	1.12953	0.00179284
3.845	1.08906	0.0011118
3.85	1.1324	0.00180771
3.855	1.14723	0.0018816
3.86	1.16536	0.00212287
3.865	1.14609	0.00159266
3.87	1.16084	0.00129771
3.875	1.12918	0.00141162
3.88	1.1169	0.0014096
3.885	1.07497	0.0014561
3.89	1.10486	0.00186792
3.895	1.06345	0.00206829
3.9	1.10652	0.00149683
3.905	1.12028	0.00190944
3.91	1.13835	0.00196811
3.915	1.12162	0.00152164
3.92	1.13455	0.00159847
3.925	1.12103	0.00155315
3.93	1.08069	0.00137076
3.935	1.04367	0.00180192
3.94	1.07487	0.00178374
3.945	1.03735	0.00192669
3.95	1.07984	0.00105763
3.955	1.10902	0.0020451
3.96	1.11149	0.00221582
3.965	1.08253	0.00162152
3.97	1.09929	0.00173057
3.975	1.107	0.00155504
3.98	1.06091	0.00168811
3.985	1.01411	0.00177462
3.99	1.04707	0.00175353
3.995	1.01711	0.00169104
4	1.038	0.00102791
4.005	1.06905	0.00161733
4.01	1.07246	0.00210235
4.015	1.06974	0.00230386
4.02	1.06781	0.00156158
4.025	1.06431	0.00157578
4.03	1.04928	0.00158369
4.035	1.0124	0.00152755
4.04	0.998187	0.00221648
4.045	0.997397	0.00117337
4.05	0.986405	0.00156376
4.055	1.0221	0.00226396
4.06	1.05091	0.00198154
4.065	1.04894	0.00214898
4.07	1.0181	0.00203813
4.075	1.03385	0.0015764
4.08	1.04153	0.00203052
4.085	0.993234	0.00220434
4.09	0.970443	0.00129157
4.095	0.97803	0.000727305
4.1	0.962665	0.00119982
4.105	0.955333	0.0017344
4.11	0.991715	0.00233418
4.115	0.998375	0.00192581
4.12	1.0106	0.00200057
4.125	0.991854	0.00189631
4.13	1.00181	0.00201112
4.135	1.00627	0.00200699
4.14	0.956595	0.00178601
4.145	0.938717	0.00152391
4.15	0.93875	0.00191441
4.155	0.932673	0.00197885
4.16	0.916526	0.00146504
4.165	0.948887	0.00152308
4.17	0.975071	0.00183312
4.175	0.972241	0.00201757
4.18	0.962451	0.00167009
4.185	0.950505	0.00210279
4.19	0.955542	0.00184417
4.195	0.940627	0.00197392
4.2	0.919606	0.00175664
4.205	0.877349	0.00206471
4.21	0.913037	0.0022105
4.215	0.878714	0.00184721
4.22	0.892743	0.00162574
4.225	0.919179	0.0015657
4.23	0.920764	0.00199049
4.235	0.928046	0.00153906
4.24	0.908983	0.00173943
4.245	0.916043	0.00214512
4.25	0.921303	0.00207015
4.255	0.898577	0.00183282
4.26	0.877816	0.00186082
4.265	0.834949	0.00227961
4.27	0.870186	0.00153158
4.275	0.833765	0.00157487
4.28	0.847113	0.00188952
4.285	0.873223	0.00239491
4.29	0.891888	0.00212418
4.295	0.884151	0.00204645
4.3	0.87227	0.00208776
4.305	0.866837	0.00135972
4.31	0.874562	0.00156235
4.315	0.874701	0.00157266
4.32	0.827335	0.00257223
4.325	0.822725	0.00170727
4.33	0.800157	0.00187956
4.335	0.825238	0.0016599
4.34	0.789042	0.00187601
4.345	0.799732	0.00217748
4.35	0.823115	0.00215165
4.355	0.839749	0.00197876
4.36	0.832733	0.00207239
4.365	0.82124	0.00213685
4.37	0.818576	0.00126175
4.375	0.820267	0.00164063
4.38	0.821271	0.00183156
4.385	0.79922	0.0017628
4.39	0.775001	0.00202316
4.395	0.767543	0.0022554
4.4	0.763581	0.00189026
4.405	0.76868	0.0022736
4.41	0.744401	0.00223095
4.415	0.749476	0.00163334
4.42	0.770245	0.00194765
4.425	0.783158	0.00220559
4.43	0.775688	0.00178482
4.435	0.776822	0.00187074
4.44	0.773273	0.00186454
4.445	0.760428	0.00162774
4.45	0.76484	0.0019291
4.455	0.762906	0.00232151
4.46	0.736672	0.00214121
4.465	0.718345	0.00219026
4.47	0.708991	0.00233384
4.475	0.706282	0.00177012
4.48	0.718714	0.0021446
4.485	0.696802	0.00241414
4.49	0.681749	0.00199039
4.495	0.709169	0.0020528
4.5	0.715991	0.00208478
4.505	0.725075	0.00224054
4.51	0.712667	0.00207455
4.515	0.712484	0.00188123
4.52	0.708003	0.00207348
4.525	0.695519	0.00201269
4.53	0.699426	0.00205436
4.535	0.696312	0.00214564
4.54	0.690185	0.00192859
4.545	0.660725	0.00209671
4.55	0.666381	0.0020222
4.555	0.648023	0.00231175
4.56	0.641837	0.00225327
4.565	0.652811	0.00215931
4.57	0.63843	0.0021822
4.575	0.630998	0.00206697
4.58	0.627453	0.00184172
4.585	0.64966	0.00208918
4.59	0.649567	0.00216256
4.595	0.653453	0.00226074
4.6	0.643339	0.00205469
4.605	0.64719	0.00200735
4.61	0.629596	0.00214912
4.615	0.638752	0.00220431
4.62	0.622309	0.00206659
4.625	0.623969	0.00205765
4.63	0.630784	0.00197181
4.635	0.621881	0.0017747
4.64	0.612112	0.00205623
4.645	0.582833	0.00252419
4.65	0.587603	0.00191465
4.655	0.572509	0.00206632
4.66	0.561837	0.00222272
4.665	0.582086	0.0018102
4.67	0.580389	0.00244023
4.675	0.577758	0.00242983
4.68	0.544128	0.00209938
4.685	0.548246	0.00212179
4.69	0.559745	0.00210823
4.695	0.572162	0.00205523
4.7	0.567288	0.00215011
4.705	0.570291	0.00221395
4.71	0.567401	0.00228407
4.715	0.554496	0.00224417
4.72	0.556708	0.00196394
4.725	0.557736	0.00205022
4.73	0.537237	0.00219442
4.735	0.543693	0.00222198
4.74	0.532265	0.00208112
4.745	0.534113	0.00205276
4.75	0.528947	0.00194205
4.755	0.534321	0.00220684
4.76	0.52454	0.00213593
4.765	0.525777	0.00229593
4.77	0.526198	0.00201325
4.775	0.499497	0.00204155
4.78	0.489497	0.00233475
4.785	0.499039	0.00217333
4.79	0.491132	0.0021031
4.795	0.483445	0.00217228
4.8	0.48084	0.00216308
4.805	0.469546	0.0023298
4.81	0.473363	0.00242885
4.815	0.480255	0.00222586
4.82	0.474675	0.00226013
4.825	0.474923	0.0022062
4.83	0.467947	0.00215629
4.835	0.45728	0.00216042
4.84	0.455592	0.00216117
4.845	0.447779	0.0022071
4.85	0.439484	0.00218684
4.855	0.445493	0.00242443
4.86	0.447416	0.00190734
4.865	0.450564	0.002169
4.87	0.450014	0.00247349
4.875	0.448597	0.00227853
4.88	0.438591	0.00237541
4.885	0.438969	0.00214591
4.89	0.436646	0.00207004
4.895	0.434554	0.0023448
4.9	0.430585	0.00232849
4.905	0.425657	0.00242539
4.91	0.423865	0.00230126
4.915	0.421503	0.00236606
4.92	0.406787	0.00238818
4.925	0.408277	0.00230193
4.93	0.408382	0.00220644
4.935	0.406099	0.00207154
4.94	0.401652	0.00214375
4.945	0.399913	0.00228756
4.95	0.397015	0.00216935
4.955	0.393409	0.00221194
4.96	0.390623	0.00226818
4.965	0.387508	0.00222944
4.97	0.384417	0.00232838
4.975	0.380929	0.00234863
4.98	0.372853	0.00222339
4.985	0.372104	0.00218941
4.99	0.366869	0.00231697
4.995	0.365606	0.00223584
5	0.363617	0.0023563
5.005	0.360872	0.00230658
5.01	0.357968	0.00222777
5.015	0.355002	0.0023607
5.02	0.351932	0.00225404
5.025	0.348729	0.00228385
5.03	0.345672	0.00236976
5.035	0.345959	0.00228606
5.04	0.34152	0.00248169
5.045	0.342256	0.00239198
5.05	0.336673	0.00229268
5.055	0.332103	0.0023568
5.06	0.328477	0.00228412
5.065	0.325051	0.00244591
5.07	0.32269	0.00232306
5.075	0.319561	0.00234952
5.08	0.316284	0.00244763
5.085	0.315593	0.00234356
5.09	0.31233	0.00264444
5.095	0.308545	0.0025249
5.1	0.306668	0.00245261
5.105	0.312855	0.00244009
5.11	0.304268	0.0024001
5.115	0.299339	0.00248112
5.12	0.297913	0.00237322
5.125	0.294892	0.00236425
5.13	0.290747	0.00225179
5.135	0.288535	0.00235271
5.14	0.285102	0.00246858
5.145	0.287934	0.00248578
5.15	0.281966	0.00237826
5.155	0.278334	0.00268518
5.16	0.274879	0.0025118
5.165	0.275059	0.00242194
5.17	0.274765	0.00244375
5.175	0.282527	0.00237098
5.18	0.282807	0.00253663
5.185	0.280075	0.00254489
5.19	0.278475	0.00241594
5.195	0.274621	0.00256556
5.2	0.268542	0.00227586
5.205	0.268344	0.00210916
5.21	0.25955	0.00259923
5.215	0.258608	0.00251862
5.22	0.265911	0.00234383
5.225	0.261939	0.00242139
5.23	0.260823	0.00246279
5.235	0.260011	0.00256418
5.24	0.25025	0.00254416
5.245	0.255023	0.00240918
5.25	0.258868	0.00253703
5.255	0.244295	0.00266371
5.26	0.235981	0.00254792
5.265	0.235553	0.00255818
5.27	0.227576	0.00242559
5.275	0.227861	0.00255279
5.28	0.226719	0.0024798
5.285	0.229239	0.00262933
5.29	0.221646	0.00264478
5.295	0.230865	0.00243687
5.3	0.220781	0.00256022
5.305	0.215861	0.00277163
5.31	0.2188	0.00268406
5.315	0.216085	0.00258875
5.32	0.210067	0.00257311
5.325	0.211007	0.0024151
5.33	0.205074	0.0027577
5.335	0.206731	0.00256596
5.34	0.214331	0.00264532
5.345	0.22869	0.00267129
5.35	0.220523	0.002769
5.355	0.21782	0.00254994
5.36	0.205056	0.00248098
5.365	0.213537	0.00246884
5.37	0.21923	0.00253739
5.375	0.212104	0.00275512
5.38	0.218535	0.00235338
5.385	0.207082	0.00265911
5.39	0.20031	0.00283539
5.395	0.188977	0.0026606
5.4	0.186097	0.00265122
5.405	0.192554	0.00270173
5.41	0.183096	0.00273707
5.415	0.191665	0.00259806
5.42	0.184208	0.00264525
5.425	0.184183	0.00286979
5.43	0.181074	0.00274619
5.435	0.180798	0.00283123
5.44	0.173554	0.00260977
5.445	0.186046	0.00266195
5.45	0.190704	0.00279725
5.455	0.193437	0.00276283
5.46	0.189949	0.00284912
5.465	0.190516	0.00254208
5.47	0.192991	0.00262142
5.475	0.187702	0.00258826
5.48	0.192302	0.00272219
5.485	0.178888	0.00292322
5.49	0.17474	0.00275892
5.495	0.167652	0.00267693
5.5	0.17159	0.00286376
5.505	0.169291	0.00256608
5.51	0.167235	0.00295572
5.515	0.167757	0.00292131
5.52	0.163544	0.00276835
5.525	0.162641	0.00278091
5.53	0.15831	0.00281786
5.535	0.174018	0.0026913
5.54	0.180576	0.00279403
5.545	0.177526	0.00261419
5.55	0.176047	0.00291404
5.555	0.177656	0.00274963
5.56	0.180805	0.00271015
5.565	0.177245	0.00283395
5.57	0.166207	0.00272357
5.575	0.157313	0.00257969
5.58	0.160089	0.00286461
5.585	0.15748	0.0028017
5.59	0.155769	0.0030061
5.595	0.156049	0.00314919
5.6	0.153714	0.00290437
5.605	0.151717	0.00291094
5.61	0.160956	0.00298948
5.615	0.169986	0.00298132
5.62	0.169463	0.00276434
5.625	0.171307	0.00294996
5.63	0.172507	0.00258721
5.635	0.174994	0.00256598
5.64	0.166642	0.00282348
5.645	0.158711	0.00274822
5.65	0.155311	0.00261646
5.655	0.151748	0.00306758
5.66	0.157779	0.00298859
5.665	0.154701	0.00286333
5.67	0.150134	0.00284824
5.675	0.149017	0.00272933
5.68	0.157652	0.00259444
5.685	0.170867	0.00290643
5.69	0.167034	0.0028357
5.695	0.171679	0.00272853
5.7	0.17158	0.00283048
5.705	0.17602	0.0026131
5.71	0.160968	0.00276069
5.715	0.151368	0.00269902
5.72	0.153679	0.00304683
5.725	0.15799	0.0028978
5.73	0.155356	0.00303946
5.735	0.150487	0.00296805
5.74	0.149403	0.00268468
5.745	0.157727	0.00269993
5.75	0.172743	0.00280941
5.755	0.166368	0.00298994
5.76	0.179237	0.0027877
5.765	0.178149	0.00280769
5.77	0.168135	0.00306131
5.775	0.159823	0.00282987
5.78	0.156905	0.00279817
5.785	0.160017	0.0026354
5.79	0.158303	0.00310167
5.795	0.160115	0.00292086
5.8	0.156477	0.0029301
5.805	0.162994	0.00298077
5.81	0.174432	0.00304421
5.815	0.171365	0.00299697
5.82	0.183312	0.00284828
5.825	0.182668	0.00288536
5.83	0.172051	0.00299583
5.835	0.166063	0.00295614
5.84	0.167172	0.00294046
5.845	0.169079	0.00301527
5.85	0.165231	0.00296325
5.855	0.161983	0.00286822
5.86	0.161637	0.00291153
5.865	0.177158	0.00310726
5.87	0.181678	0.0030545
5.875	0.183857	0.00306511
5.88	0.188749	0.0030322
5.885	0.189981	0.00307312
5.89	0.17665	0.00305122
5.895	0.172054	0.00276335
5.9	0.174602	0.00298152
5.905	0.172656	0.00313719
5.91	0.175278	0.00303168
5.915	0.171904	0.0025911
5.92	0.183822	0.00280104
5.925	0.194184	0.00267806
5.93	0.193789	0.00314604
5.935	0.199244	0.00303919
5.94	0.200179	0.0030617
5.945	0.186629	0.00291342
5.95	0.18249	0.00291524
5.955	0.191552	0.00301316
5.96	0.18626	0.00293574
5.965	0.183043	0.00288506
5.97	0.182499	0.0025431
5.975	0.19682	0.00286453
5.98	0.20618	0.00288166
5.985	0.206891	0.00300516
5.99	0.214206	0.00292332
5.995	0.203504	0.00311692
6	0.199014	0.00285986
6.005	0.197366	0.00314231
6.01	0.200715	0.00293226
6.015	0.199679	0.00294184
6.02	0.198241	0.00287841
6.025	0.202824	0.00298348
6.03	0.215276	0.00302345
6.035	0.213416	0.00309687
6.04	0.228103	0.00299098
6.045	0.227068	0.00301066
6.05	0.213837	0.002943
6.055	0.209436	0.0029947
6.06	0.218544	0.00310516
6.065	0.213152	0.00308953
6.07	0.21332	0.00293362
6.075	0.211156	0.00303281
6.08	0.227918	0.0030282
6.085	0.230229	0.00318618
6.09	0.241018	0.00290983
6.095	0.242716	0.00308519
6.1	0.233202	0.00290056
6.105	0.227168	0.00301677
6.11	0.228976	0.0031353
6.115	0.226605	0.00330941
6.12	0.230956	0.00303615
6.125	0.22864	0.00298893
6.13	0.246523	0.00322741
6.135	0.247199	0.00269865
6.14	0.257624	0.00298468
6.145	0.255095	0.00281383
6.15	0.252246	0.0030858
6.155	0.243574	0.00283092
6.16	0.248214	0.00314613
6.165	0.244821	0.00317276
6.17	0.247994	0.0029267
6.175	0.246902	0.00265914
6.18	0.26431	0.00318546
6.185	0.264861	0.00310185
6.19	0.275769	0.00276145
6.195	0.272808	0.002898
6.2	0.270537	0.0028918
6.205	0.261998	0.0029502
6.21	0.266864	0.00326431
6.215	0.2636	0.00318795
6.22	0.267993	0.00292013
6.225	0.265723	0.00291553
6.23	0.28337	0.00316509
6.235	0.283711	0.00306464
6.24	0.295008	0.00285347
6.245	0.296887	0.00294171
6.25	0.288039	0.0029422
6.255	0.282865	0.00301853
6.26	0.28549	0.00334269
6.265	0.283117	0.00318706
6.27	0.288012	0.00297455
6.275	0.285919	0.00301376
6.28	0.303664	0.00320323
6.285	0.303917	0.00311025
6.29	0.315868	0.00298194
6.295	0.317482	0.00301972
6.3	0.308815	0.0029362
6.305	0.30449	0.00291763
6.31	0.307433	0.00330073
6.315	0.306695	0.00323375
6.32	0.308999	0.00310243
6.325	0.308654	0.00310697
6.33	0.324914	0.0032454
6.335	0.325344	0.00312092
6.34	0.338061	0.00306725
6.345	0.339569	0.00292358
6.35	0.332076	0.00297002
6.355	0.326924	0.00286445
6.36	0.330629	0.00292381
6.365	0.32967	0.00318965
6.37	0.3321	0.00304627
6.375	0.331687	0.00291907
6.38	0.348376	0.00293929
6.385	0.348525	0.00317376
6.39	0.361768	0.00281858
6.395	0.363154	0.00289953
6.4	0.355566	0.0028998
6.405	0.351169	0.00290782
6.41	0.354771	0.00324782
6.415	0.351874	0.00312603
6.42	0.356408	0.00308147
6.425	0.355522	0.00305226
6.43	0.373541	0.00304738
6.435	0.372924	0.00317801
6.44	0.386685	0.00285677
6.445	0.38304	0.00299112
6.45	0.379217	0.00307076
6.455	0.37581	0.00300498
6.46	0.377408	0.00323525
6.465	0.381508	0.00302278
6.47	0.38373	0.00313071
6.475	0.381156	0.00307338
6.48	0.391148	0.00309019
6.485	0.399348	0.00306283
6.49	0.40482	0.00299508
6.495	0.407613	0.00305994
6.5	0.412936	0.00313094
6.505	0.40432	0.0030491
6.51	0.406653	0.00309817
6.515	0.41042	0.00336763
6.52	0.40628	0.00315047
6.525	0.409154	0.00305384
6.53	0.405985	0.00314131
6.535	0.42789	0.00314513
6.54	0.42307	0.00322123
6.545	0.438668	0.00286985
6.55	0.442291	0.00288958
6.555	0.43592	0.00296626
6.56	0.42829	0.00286354
6.565	0.431779	0.00285137
6.57	0.436653	0.0030869
6.575	0.439039	0.00314376
6.58	0.436854	0.00323988
6.585	0.440602	0.00280974
6.59	0.457192	0.00300541
6.595	0.453656	0.00308569
6.6	0.471434	0.00283201
6.605	0.472671	0.00317783
6.61	0.462112	0.00296481
6.615	0.459492	0.00310408
6.62	0.466155	0.00313193
6.625	0.462508	0.00322871
6.63	0.467317	0.0028058
6.635	0.466013	0.0030966
6.64	0.469971	0.00295434
6.645	0.48603	0.00307309
6.65	0.484916	0.00311502
6.655	0.496287	0.00286404
6.66	0.502246	0.00330042
6.665	0.496682	0.00313163
6.67	0.490181	0.0031229
6.675	0.493872	0.00324617
6.68	0.498838	0.00318145
6.685	0.498303	0.00291188
6.69	0.498784	0.00288033
6.695	0.495202	0.00308121
6.7	0.51732	0.00309147
6.705	0.515609	0.00325335
6.71	0.527235	0.00293188
6.715	0.523763	0.00316911
6.72	0.533808	0.0032888
6.725	0.525416	0.00322954
6.73	0.523791	0.00318431
6.735	0.53169	0.00293181
6.74	0.527773	0.00302407
6.745	0.532461	0.00303474
6.75	0.531509	0.00314323
6.755	0.529464	0.00316765
6.76	0.551957	0.00289798
6.765	0.549708	0.00275647
6.77	0.556806	0.00294196
6.775	0.56138	0.00322649
6.78	0.57068	0.00294086
6.785	0.561593	0.0028401
6.79	0.556927	0.00278648
6.795	0.562331	0.00283113
6.8	0.56782	0.00321408
6.805	0.565744	0.00317595
6.81	0.564674	0.00310349
6.815	0.565535	0.00318867
6.82	0.570984	0.00286703
6.825	0.590259	0.00297175
6.83	0.58353	0.00297439
6.835	0.598834	0.00287121
6.84	0.595841	0.00310722
6.845	0.607968	0.00314254
6.85	0.599198	0.00303255
6.855	0.594903	0.00283534
6.86	0.599375	0.00282146
6.865	0.606306	0.00330155
6.87	0.597128	0.00316229
6.875	0.605795	0.00306072
6.88	0.60569	0.00320901
6.885	0.603174	0.00295972
6.89	0.620442	0.00300681
6.895	0.626518	0.00299748
6.9	0.626173	0.00314855
6.905	0.644244	0.00301837
6.91	0.632622	0.00303269
6.915	0.646964	0.0031201
6.92	0.638612	0.00312996
6.925	0.636591	0.00314604
6.93	0.641065	0.00329772
6.935	0.643056	0.00310171
6.94	0.64238	0.00320417
6.945	0.644704	0.00302179
6.95	0.644614	0.00298517
6.955	0.646482	0.00297853
6.96	0.653731	0.00313816
6.965	0.669599	0.00305901
6.97	0.664674	0.00313159
6.975	0.660689	0.00324241
6.98	0.68258	0.00306909
6.985	0.682657	0.00314347
6.99	0.687829	0.00318456
6.995	0.681353	0.00327478
7	0.681617	0.00324949
7.005	0.680543	0.00306919
7.01	0.686582	0.00253041
7.015	0.689217	0.00331112
7.02	0.688668	0.00312368
7.025	0.691619	0.002835
7.03	0.69073	0.00292368
7.035	0.69318	0.00310548
7.04	0.691474	0.00303408
7.045	0.69989	0.00286801
7.05	0.721309	0.00287807
7.055	0.714449	0.00293043
7.06	0.710341	0.00293207
7.065	0.726468	0.00294419
7.07	0.728711	0.00309611
7.075	0.72607	0.00294342
7.08	0.744515	0.00309553
7.085	0.729835	0.00284413
7.09	0.732238	0.00299512
7.095	0.732449	0.00285735
7.1	0.72999	0.00290124
7.105	0.739419	0.00323289
7.11	0.746459	0.0032956
7.115	0.740291	0.00323497
7.12	0.745316	0.00285041
7.125	0.744173	0.00295147
7.13	0.74383	0.00317285
7.135	0.748036	0.00325062
7.14	0.748561	0.00299396
7.145	0.756711	0.00287424
7.15	0.769143	0.00293311
7.155	0.776582	0.00299664
7.16	0.770755	0.00297289
7.165	0.766034	0.0030798
7.17	0.785052	0.00309774
7.175	0.793336	0.0027087
7.18	0.784502	0.00340635
7.185	0.790368	0.00308037
7.19	0.798697	0.00294137
7.195	0.788544	0.00307888
7.2	0.79214	0.00312491
7.205	0.788433	0.00321142
7.21	0.793962	0.00296617
7.215	0.792949	0.00295092
7.22	0.80272	0.00299888
7.225	0.801681	0.00324516
7.23	0.81117	0.00326095
7.235	0.806122	0.00314
7.24	0.803577	0.00295306
7.245	0.814348	0.00286226
7.25	0.812943	0.0028319
7.255	0.812922	0.00303019
7.26	0.814137	0.00294137
7.265	0.819262	0.00317433
7.27	0.820183	0.00313266
7.275	0.82056	0.00315464
7.28	0.831686	0.00308992
7.285	0.842462	0.0032586
7.29	0.852097	0.00299712
7.295	0.848688	0.00295672
7.3	0.840924	0.00304715
7.305	0.842084	0.00310694
7.31	0.841074	0.00309281
7.315	0.844213	0.00315128
7.32	0.862485	0.00305989
7.325	0.869946	0.00286493
7.33	0.86966	0.00321435
7.335	0.858393	0.00294321
7.34	0.867016	0.00342085
7.345	0.861134	0.00331899
7.35	0.873207	0.0031511
7.355	0.880657	0.00315725
7.36	0.883175	0.0031686
7.365	0.878163	0.00330397
7.37	0.874489	0.00317856
7.375	0.875456	0.00300815
7.38	0.883304	0.00326628
7.385	0.882209	0.00333453
7.39	0.883982	0.00312223
7.395	0.88481	0.00327601
7.4	0.889004	0.00320199
7.405	0.89475	0.00321224
7.41	0.895034	0.003055
7.415	0.895746	0.00307915
7.42	0.896542	0.00295582
7.425	0.900349	0.00317329
7.43	0.902359	0.00311259
7.435	0.904436	0.00302575
7.44	0.91877	0.0030249
7.445	0.916453	0.0031078
7.45	0.916604	0.00336087
7.455	0.918103	0.003256
7.46	0.919006	0.00327324
7.465	0.920668	0.00317637
7.47	0.922586	0.00314725
7.475	0.925075	0.00313363
7.48	0.926979	0.00307376
7.485	0.929516	0.00305364
7.49	0.939574	0.00308623
7.495	0.938778	0.00310867
7.5	0.939101	0.0031245
7.505	0.940464	0.00313898
7.51	0.942431	0.00309235
7.515	0.944532	0.00317852
7.52	0.946723	0.00308904
7.525	0.949171	0.00320419
7.53	0.95165	0.00316894
7.535	0.946214	0.00317309
7.54	0.951804	0.00332612
7.545	0.956314	0.00326808
7.55	0.959966	0.0031664
7.555	0.962766	0.00317671
7.56	0.965309	0.00319815
7.565	0.967822	0.00310314
7.57	0.969015	0.00313922
7.575	0.971173	0.00272901
7.58	0.974227	0.00300054
7.585	0.962397	0.00299671
7.59	0.971725	0.0032639
7.595	0.977383	0.00326792
7.6	0.980337	0.00336254
7.605	0.98476	0.00315843
7.61	0.987563	0.00316772
7.615	0.989727	0.00321207
7.62	0.987231	0.00313203
7.625	0.989223	0.00327369
7.63	0.994414	0.003215
7.635	0.99606	0.00316096
7.64	0.999732	0.0030111
7.645	0.994053	0.00309146
7.65	1.00112	0.00294918
7.655	1.00524	0.00336945
7.66	1.00824	0.00301454
7.665	0.998645	0.00309654
7.67	0.99268	0.00314147
7.675	0.988641	0.00321565
7.68	1.00714	0.00313975
7.685	1.00038	0.00289677
7.69	1.01616	0.00287438
7.695	1.00901	0.00301058
7.7	1.00102	0.00320809
7.705	0.990717	0.00323444
7.71	1.00695	0.00309262
7.715	1.02077	0.00320533
7.72	1.02392	0.00307998
7.725	1.03261	0.00308203
7.73	1.02845	0.00318379
7.735	1.01245	0.00319665
7.74	1.01038	0.00320736
7.745	1.01277	0.00319124
7.75	1.02829	0.00312049
7.755	1.03817	0.00314122
7.76	1.03981	0.00306379
7.765	1.04633	0.0030192
7.77	1.05069	0.00316251
7.775	1.05474	0.00319712
7.78	1.04399	0.00336889
7.785	1.0539	0.00363096
7.79	1.05992	0.00339758
7.795	1.04812	0.00325628
7.8	1.05594	0.00275401
7.805	1.04715	0.00304158
7.81	1.05874	0.00318944
7.815	1.0561	0.00330319
7.82	1.06567	0.00307233
7.825	1.0617	0.00268441
7.83	1.06952	0.00315644
7.835	1.04788	0.00339649
7.84	1.04495	0.0034941
7.845	1.05575	0.00284462
7.85	1.04287	0.00333558
7.855	1.03079	0.00304367
7.86	1.05698	0.00305991
7.865	1.06921	0.00318871
7.87	1.05329	0.00318939
7.875	1.04718	0.0030678
7.88	1.05427	0.0032402
7.885	1.07112	0.0033306
7.89	1.0785	0.00335459
7.895	1.08795	0.00299527
7.9	1.09507	0.00295186
7.905	1.0857	0.00360899
7.91	1.09621	0.00323877
7.915	1.08557	0.00286311
7.92	1.07777	0.00265225
7.925	1.09324	0.00299067
7.93	1.09266	0.00319665
7.935	1.09147	0.00296612
7.94	1.10311	0.00337582
7.945	1.05992	0.00286296
7.95	1.07362	0.00313007
7.955	1.07115	0.00321112
7.96	1.05963	0.00304804
7.965	1.08385	0.00322009
7.97	1.09365	0.00318494
7.975	1.06202	0.00324825
7.98	1.07338	0.00343229
7.985	1.09741	0.0033088
7.99	1.10514	0.00309352
7.995	1.11685	0.00287245
8	1.10948	0.00355051
8.005	1.11468	0.00339016
8.01	1.11235	0.00245842
8.015	1.10507	0.00337845
8.02	1.11085	0.00346599
8.025	1.11276	0.00318009
8.03	1.11036	0.00321134
8.035	1.08942	0.00322307
8.04	1.08672	0.00332153
8.045	1.06259	0.00330734
8.05	1.096	0.00321114
8.055	1.10909	0.00324274
8.06	1.07997	0.00352617
8.065	1.08963	0.00327107
8.07	1.10977	0.00332893
8.075	1.12835	0.00341729
8.08	1.12416	0.00370175
8.085	1.13045	0.00341096
8.09	1.12881	0.0033138
8.095	1.12172	0.00309447
8.1	1.12687	0.00312026
8.105	1.13083	0.00306882
8.11	1.08925	0.00305171
8.115	1.11099	0.00325115
8.12	1.0771	0.00335212
8.125	1.09815	0.00318387
8.13	1.09604	0.00328347
8.135	1.08092	0.00332776
8.14	1.1141	0.00351127
8.145	1.12966	0.00328573
8.15	1.12811	0.00346174
8.155	1.14723	0.00358751
8.16	1.13515	0.00238657
8.165	1.1307	0.00315556
8.17	1.13898	0.00321008
8.175	1.14091	0.00348534
8.18	1.0984	0.0034184
8.185	1.10496	0.00303738
8.19	1.08182	0.00312787
8.195	1.1176	0.0034192
8.2	1.08237	0.00315618
8.205	1.1003	0.00346916
8.21	1.12634	0.0032436
8.215	1.14699	0.00312831
8.22	1.14412	0.00325823
8.225	1.13945	0.00260438
8.23	1.13384	0.00322219
8.235	1.14441	0.00322169
8.24	1.14636	0.00340403
8.245	1.10538	0.00403062
8.25	1.09422	0.00271779
8.255	1.09512	0.00275228
8.26	1.11716	0.00339492
8.265	1.07514	0.0037205
8.27	1.11728	0.003113
8.275	1.13783	0.00348383
8.28	1.14021	0.0035999
8.285	1.15199	0.00356777
8.29	1.13189	0.00376536
8.295	1.14262	0.00383478
8.3	1.1483	0.00378166
8.305	1.10436	0.00309213
8.31	1.11228	0.00268391
8.315	1.09006	0.00350045
8.32	1.11577	0.00341851
8.325	1.0749	0.00339774
8.33	1.11885	0.00288995
8.335	1.13951	0.003479
8.34	1.14246	0.00387384
8.345	1.14092	0.00397071
8.35	1.13761	0.00343637
8.355	1.14825	0.00313381
8.36	1.13608	0.00356192
8.365	1.0986	0.002448
8.37	1.08258	0.00355313
8.375	1.11006	0.00338915
8.38	1.07906	0.00335665
8.385	1.10117	0.00324763
8.39	1.13062	0.00316154
8.395	1.13615	0.00372021
8.4	1.15047	0.00381757
8.405	1.13122	0.00344967
8.41	1.14303	0.00286362
8.415	1.14834	0.00325713
8.42	1.10737	0.00294359
8.425	1.06535	0.00348786
8.43	1.10021	0.00337944
8.435	1.07255	0.00337586
8.44	1.09496	0.00371842
8.445	1.12609	0.00322823
8.45	1.13205	0.00315555
8.455	1.13272	0.00291164
8.46	1.13174	0.00330496
8.465	1.143	0.00314395
8.47	1.13018	0.00357473
8.475	1.09288	0.00338764
8.48	1.06164	0.00402857
8.485	1.10707	0.00349603
8.49	1.05392	0.00367701
8.495	1.10303	0.00337619
8.5	1.12689	0.00338679
8.505	1.13196	0.00357311
8.51	1.12827	0.00325288
8.515	1.12042	0.00368019
8.52	1.12807	0.00345007
8.525	1.08741	0.00346271
8.53	1.07881	0.00316664
8.535	1.08053	0.00380817
8.54	1.07064	0.00359335
8.545	1.06697	0.00348638
8.55	1.10469	0.00336458
8.555	1.11462	0.0032033
8.56	1.11669	0.00393538
8.565	1.11639	0.00339071
8.57	1.11473	0.00331117
8.575	1.10332	0.00351333
8.58	1.09102	0.00341895
8.585	1.04936	0.00349908
8.59	1.07939	0.00358015
8.595	1.04032	0.0036676
8.6	1.08215	0.00331769
8.605	1.09755	0.00329182
8.61	1.11677	0.00351115
8.615	1.10093	0.00298362
8.62	1.11231	0.00313989
8.625	1.10265	0.00359679
8.63	1.06597	0.00328681
8.635	1.03229	0.00364087
8.64	1.06469	0.00350482
8.645	1.02831	0.00368304
8.65	1.06822	0.00346659
8.655	1.08884	0.00351152
8.66	1.10149	0.00326119
8.665	1.08692	0.00328183
8.67	1.10031	0.0033635
8.675	1.08816	0.00316623
8.68	1.05336	0.00372977
8.685	1.0184	0.00398942
8.69	1.05076	0.00368141
8.695	1.01397	0.00371834
8.7	1.0536	0.00331807
8.705	1.07466	0.00355457
8.71	1.08713	0.00385638
8.715	1.07221	0.00303935
8.72	1.08365	0.00354514
8.725	1.07504	0.00371468
8.73	1.03811	0.00363322
8.735	1.00268	0.00412292
8.74	1.03537	0.0035772
8.745	0.996397	0.0037937
8.75	1.03877	0.00327669
8.755	1.05473	0.00379421
8.76	1.07166	0.00383487
8.765	1.05716	0.00311459
8.77	1.06831	0.00326217
8.775	1.05812	0.0034721
8.78	1.02094	0.00327076
8.785	0.986339	0.00405287
8.79	1.01731	0.00362035
8.795	0.97789	0.00358053
8.8	1.02057	0.00331271
8.805	1.03551	0.00384854
8.81	1.05358	0.00381959
8.815	1.03587	0.00307465
8.82	1.05052	0.00323332
8.825	1.02027	0.00346681
8.83	1.01021	0.00316394
8.835	0.970515	0.00383675
8.84	0.998811	0.00364833
8.845	0.959187	0.00308278
8.85	1.00107	0.00375417
8.855	1.01567	0.00383762
8.86	1.03314	0.00383029
8.865	1.01533	0.00354762
8.87	1.02883	0.00320646
8.875	0.999142	0.00332621
8.88	0.988574	0.00370349
8.885	0.94912	0.00299234
8.89	0.976805	0.00389201
8.895	0.936924	0.0038836
8.9	0.977999	0.00360608
8.905	0.992124	0.00389838
8.91	1.00904	0.0039497
8.915	0.993692	0.00389419
8.92	1.00607	0.00310522
8.925	0.993476	0.00363269
8.93	0.95555	0.00338666
8.935	0.921233	0.00390993
8.94	0.950142	0.00370756
8.945	0.913961	0.00384766
8.95	0.953984	0.00305331
8.955	0.983318	0.00386353
8.96	0.985277	0.00411365
8.965	0.95822	0.00332833
8.97	0.974175	0.00380115
8.975	0.981792	0.00358515
8.98	0.938678	0.0036714
8.985	0.895246	0.00375979
8.99	0.925853	0.00365317
8.995	0.896882	0.00369448
9	0.916315	0.00324069
9.005	0.946638	0.00349937
9.01	0.949938	0.00343051
9.015	0.94771	0.00436996
9.02	0.946434	0.00351646
9.025	0.943167	0.00349837
9.03	0.92886	0.00344294
9.035	0.894499	0.0034937
9.04	0.881821	0.00385425
9.045	0.880848	0.00311876
9.05	0.868934	0.0035277
9.055	0.903288	0.00416917
9.06	0.931533	0.00405333
9.065	0.929581	0.00415144
9.07	0.900798	0.00388567
9.075	0.915635	0.0033213
9.08	0.922853	0.00380674
9.085	0.878311	0.00401182
9.09	0.856659	0.00328935
9.095	0.864312	0.00246706
9.1	0.848309	0.00307594
9.105	0.841608	0.00357519
9.11	0.876621	0.00410387
9.115	0.883616	0.00377807
9.12	0.894952	0.00392076
9.125	0.877607	0.0038917
9.13	0.887119	0.00395887
9.135	0.891021	0.00397583
9.14	0.845379	0.00377153
9.145	0.828017	0.00349225
9.15	0.828612	0.00385248
9.155	0.822706	0.00384957
9.16	0.806231	0.00346231
9.165	0.837398	0.00346223
9.17	0.863338	0.00379899
9.175	0.860297	0.00392774
9.18	0.851657	0.00357404
9.185	0.840393	0.00397129
9.19	0.845304	0.00373481
9.195	0.83115	0.00387003
9.2	0.811929	0.00364704
9.205	0.772154	0.00399289
9.21	0.805487	0.00399512
9.215	0.772698	0.00376565
9.22	0.785698	0.00348169
9.225	0.811401	0.00349336
9.23	0.813515	0.00381404
9.235	0.820394	0.0035171
9.24	0.802665	0.00385892
9.245	0.80936	0.00390096
9.25	0.814527	0.00380206
9.255	0.793152	0.00368179
9.26	0.774062	0.00372909
9.265	0.733577	0.00395513
9.27	0.766824	0.00318049
9.275	0.73165	0.00362342
9.28	0.744	0.00393518
9.285	0.76942	0.00415162
9.29	0.787976	0.00396393
9.295	0.780167	0.00396107
9.3	0.76936	0.00386081
9.305	0.764543	0.00318133
9.31	0.771713	0.0033723
9.315	0.772255	0.00338111
9.32	0.72799	0.00435603
9.325	0.723276	0.00363067
9.33	0.702293	0.0036285
9.335	0.725634	0.00358692
9.34	0.691115	0.00360414
9.345	0.70065	0.00392876
9.35	0.723676	0.00393503
9.355	0.740144	0.00375474
9.36	0.733382	0.00381636
9.365	0.722836	0.00389921
9.37	0.720243	0.00305954
9.375	0.722094	0.00342002
9.38	0.722935	0.00359015
9.385	0.702532	0.00355049
9.39	0.680564	0.00374459
9.395	0.672811	0.00408709
9.4	0.669152	0.00392041
9.405	0.673458	0.00394431
9.41	0.650631	0.00422097
9.415	0.655141	0.00355019
9.42	0.67514	0.00381716
9.425	0.688122	0.00408547
9.43	0.681085	0.00365145
9.435	0.682337	0.00372007
9.44	0.678969	0.00353185
9.445	0.667023	0.00359676
9.45	0.671361	0.00382516
9.455	0.669745	0.00417599
9.46	0.644718	0.0039912
9.465	0.628245	0.0039259
9.47	0.618952	0.00429333
9.475	0.616693	0.00382495
9.48	0.628009	0.00396679
9.485	0.607149	0.00409304
9.49	0.592928	0.00381423
9.495	0.619282	0.00384542
9.5	0.625972	0.00388924
9.505	0.63482	0.00408139
9.51	0.623089	0.00385565
9.515	0.623151	0.00370141
9.52	0.618906	0.00389077
9.525	0.606987	0.00380746
9.53	0.610998	0.00383984
9.535	0.608094	0.00383445
9.54	0.603065	0.00376619
9.545	0.574894	0.00393009
9.55	0.580403	0.00383967
9.555	0.56374	0.00402127
9.56	0.556793	0.00401447
9.565	0.567538	0.00394613
9.57	0.553873	0.00388707
9.575	0.546717	0.00390468
9.58	0.543068	0.00395974
9.585	0.564512	0.00375704
9.59	0.564749	0.00366197
9.595	0.56908	0.0040357
9.6	0.55942	0.0038251
9.605	0.563147	0.00371553
9.61	0.546377	0.00394688
9.615	0.555241	0.00395063
9.62	0.539847	0.00368073
9.625	0.541476	0.00384748
9.63	0.548064	0.00396505
9.635	0.539862	0.00352529
9.64	0.530534	0.00357051
9.645	0.503363	0.00427398
9.65	0.507963	0.00367427
9.655	0.493342	0.00380839
9.66	0.483648	0.00383701
9.665	0.502759	0.00405811
9.67	0.500974	0.00412285
9.675	0.498154	0.00396426
9.68	0.466682	0.00388114
9.685	0.470227	0.0036949
9.69	0.481319	0.00353149
9.695	0.492731	0.00402178
9.7	0.489181	0.00378065
9.705	0.49222	0.00391221
9.71	0.489813	0.00395588
9.715	0.477502	0.00396924
9.72	0.479456	0.00364052
9.725	0.48077	0.00377156
9.73	0.461271	0.00381454
9.735	0.467408	0.00386339
9.74	0.456865	0.0037818
9.745	0.458625	0.00371447
9.75	0.453904	0.00362914
9.755	0.458921	0.00386974
9.76	0.449958	0.00394273
9.765	0.451366	0.00387863
9.77	0.451537	0.00348854
9.775	0.426714	0.00375281
9.78	0.41753	0.00383379
9.785	0.426031	0.00392055
9.79	0.418669	0.00379585
9.795	0.411721	0.00385423
9.8	0.40951	0.00384095
9.805	0.399137	0.00395982
9.81	0.402124	0.00400065
9.815	0.40954	0.00375158
9.82	0.403362	0.00382026
9.825	0.403697	0.00390084
9.83	0.397364	0.00385698
9.835	0.387701	0.00380342
9.84	0.385407	0.00382098
9.845	0.378619	0.00373619
9.85	0.37049	0.00385796
9.855	0.376376	0.00400201
9.86	0.378189	0.0039005
9.865	0.38116	0.00380771
9.87	0.380907	0.00401127
9.875	0.379898	0.00368469
9.88	0.3705	0.00370544
9.885	0.37114	0.00407994
9.89	0.369105	0.00373939
9.895	0.367109	0.00381339
9.9	0.363497	0.00391115
9.905	0.359026	0.00403788
9.91	0.357254	0.00385954
9.915	0.35506	0.00389707
9.92	0.341284	0.00395579
9.925	0.342947	0.00383369
9.93	0.342905	0.00382572
9.935	0.340768	0.00366177
9.94	0.336614	0.00379591
9.945	0.335026	0.00370636
9.95	0.332505	0.0037273
9.955	0.329311	0.00386946
9.96	0.326638	0.00381959
9.965	0.323797	0.00383758
9.97	0.320853	0.00390247
9.975	0.317821	0.00374482
9.98	0.310184	0.00385206
9.985	0.309658	0.00385528
9.99	0.304732	0.00376426
9.995	0.303726	0.00378833
10	0.301774	0.00387199
