-14.7157
-14.4369
-14.1636
-13.8957
-13.633
-13.3755
-13.123
-12.8755
-12.6328
-12.3949
-12.1616
-11.933
-11.7088
-11.489
-11.2735
-11.0622
-10.8551
-10.6521
-10.453
-10.2578
-10.0665
-9.87886
-9.69495
-9.51464
-9.33786
-9.16456
-8.99465
-8.82807
-8.66476
-8.50465
-8.34768
-8.19378
-8.04291
-7.89499
-7.74997
-7.6078
-7.46842
-7.33176
-7.19779
-7.06644
-6.93767
-6.81143
-6.68766
-6.56631
-6.44735
-6.33072
-6.21637
-6.10427
-5.99437
-5.88662
-5.78098
-5.67742
-5.57588
-5.47634
-5.37875
-5.28307
-5.18926
-5.0973
-5.00714
-4.91875
-4.83209
-4.74713
-4.66384
-4.58218
-4.50212
-4.42363
-4.34668
-4.27124
-4.19727
-4.12476
-4.05367
-3.98397
-3.91564
-3.84865
-3.78298
-3.71859
-3.65546
-3.59357
-3.5329
-3.47341
-3.41509
-3.35792
-3.30186
-3.24691
-3.19303
-3.14021
-3.08842
-3.03765
-2.98788
-2.93908
-2.89124
-2.84434
-2.79835
-2.75327
-2.70907
-2.66574
-2.62326
-2.58161
-2.54077
-2.50074
-2.4615
-2.42302
-2.3853
-2.34831
-2.31205
-2.27651
-2.24166
-2.20749
-2.17399
-2.14115
-2.10896
-2.07739
-2.04645
-2.01611
-1.98636
-1.9572
-1.92861
-1.90058
-1.8731
-1.84616
-1.81975
-1.79386
-1.76847
-1.74358
-1.71918
-1.69526
-1.67181
-1.64881
-1.62627
-1.60417
-1.5825
-1.56126
-1.54043
-1.52002
-1.5
-1.48
-1.46
-1.44
-1.42
-1.4
-1.38
-1.36
-1.34
-1.32
-1.3
-1.28
-1.26
-1.24
-1.22
-1.2
-1.18
-1.16
-1.14
-1.12
-1.1
-1.08
-1.06
-1.04
-1.02
-1
-0.98
-0.96
-0.94
-0.92
-0.9
-0.88
-0.86
-0.84
-0.82
-0.8
-0.78
-0.76
-0.74
-0.72
-0.7
-0.68
-0.66
-0.64
-0.62
-0.6
-0.58
-0.56
-0.54
-0.52
-0.5
-0.48
-0.46
-0.44
-0.42
-0.4
-0.38
-0.36
-0.34
-0.32
-0.3
-0.28
-0.26
-0.24
-0.22
-0.2
-0.18
-0.16
-0.14
-0.12
-0.1
-0.08
-0.06
-0.04
-0.02
1.19696e-15
0.02
0.04
0.06
0.08
0.1
0.12
0.14
0.16
0.18
0.2
0.22
0.24
0.26
0.28
0.3
0.32
0.34
0.36
0.38
0.4
0.42
0.44
0.46
0.48
0.5
0.52
0.54
0.56
0.58
0.6
0.62
0.64
0.66
0.68
0.7
0.72
0.74
0.76
0.78
0.8
0.82
0.84
0.86
0.88
0.9
0.92
0.94
0.96
0.98
1
1.02
1.04
1.06
1.08
1.1
1.12
1.14
1.16
1.18
1.2
1.22
1.24
1.26
1.28
1.3
1.32
1.34
1.36
1.38
1.4
1.42
1.44
1.46
1.48
1.5
1.52002
1.54043
1.56126
1.5825
1.60417
1.62627
1.64881
1.67181
1.69526
1.71918
1.74358
1.76847
1.79386
1.81975
1.84616
1.8731
1.90058
1.92861
1.9572
1.98636
2.01611
2.04645
2.07739
2.10896
2.14115
2.17399
2.20749
2.24166
2.27651
2.31205
2.34831
2.3853
2.42302
2.4615
2.50074
2.54077
2.58161
2.62326
2.66574
2.70907
2.75327
2.79835
2.84434
2.89124
2.93908
2.98788
3.03765
3.08842
3.14021
3.19303
3.24691
3.30186
3.35792
3.41509
3.47341
3.5329
3.59357
3.65546
3.71859
3.78298
3.84865
3.91564
3.98397
4.05367
4.12476
4.19727
4.27124
4.34668
4.42363
4.50212
4.58218
4.66384
4.74713
4.83209
4.91875
5.00714
5.0973
5.18926
5.28307
5.37875
5.47634
5.57588
5.67742
5.78098
5.88662
5.99437
6.10427
6.21637
6.33072
6.44735
6.56631
6.68766
6.81143
6.93767
7.06644
7.19779
7.33176
7.46842
7.6078
7.74997
7.89499
8.04291
8.19378
8.34768
8.50465
8.66476
8.82807
8.99465
9.16456
9.33786
9.51464
9.69495
9.87886
10.0665
10.2578
10.453
10.6521
10.8551
11.0622
11.2735
11.489
11.7088
11.933
12.1616
12.3949
12.6328
12.8755
13.123
13.3755
13.633
13.8957
14.1636
14.4369
14.7157
