-14.8578
-14.5763
-14.3003
-14.0297
-13.7644
-13.5043
-13.2493
-12.9992
-12.7541
-12.5139
-12.2783
-12.0473
-11.8209
-11.5989
-11.3812
-11.1679
-10.9587
-10.7536
-10.5525
-10.3554
-10.1621
-9.97266
-9.78691
-9.60479
-9.42625
-9.25121
-9.0796
-8.91136
-8.74641
-8.5847
-8.42616
-8.27073
-8.11834
-7.96895
-7.82248
-7.67889
-7.53811
-7.40009
-7.26478
-7.13212
-7.00206
-6.87455
-6.74954
-6.62699
-6.50683
-6.38903
-6.27355
-6.16032
-6.04932
-5.94049
-5.8338
-5.7292
-5.62665
-5.52611
-5.42754
-5.33091
-5.23617
-5.14328
-5.05222
-4.96295
-4.87542
-4.78961
-4.70548
-4.62301
-4.54215
-4.46287
-4.38515
-4.30896
-4.23425
-4.16102
-4.08922
-4.01882
-3.94981
-3.88215
-3.81582
-3.75078
-3.68702
-3.62452
-3.56324
-3.50316
-3.44425
-3.38651
-3.32989
-3.27439
-3.21997
-3.16662
-3.11432
-3.06304
-3.01277
-2.96348
-2.91516
-2.86779
-2.82134
-2.77581
-2.73117
-2.6874
-2.6445
-2.60243
-2.56119
-2.52076
-2.48112
-2.44226
-2.40416
-2.3668
-2.33018
-2.29428
-2.25908
-2.22457
-2.19074
-2.15757
-2.12505
-2.09317
-2.06192
-2.03128
-2.00123
-1.97178
-1.94291
-1.9146
-1.88684
-1.85963
-1.83296
-1.8068
-1.78116
-1.75603
-1.73138
-1.70722
-1.68353
-1.66031
-1.63754
-1.61522
-1.59334
-1.57188
-1.55085
-1.53023
-1.51001
-1.49
-1.47
-1.45
-1.43
-1.41
-1.39
-1.37
-1.35
-1.33
-1.31
-1.29
-1.27
-1.25
-1.23
-1.21
-1.19
-1.17
-1.15
-1.13
-1.11
-1.09
-1.07
-1.05
-1.03
-1.01
-0.99
-0.97
-0.95
-0.93
-0.91
-0.89
-0.87
-0.85
-0.83
-0.81
-0.79
-0.77
-0.75
-0.73
-0.71
-0.69
-0.67
-0.65
-0.63
-0.61
-0.59
-0.57
-0.55
-0.53
-0.51
-0.49
-0.47
-0.45
-0.43
-0.41
-0.39
-0.37
-0.35
-0.33
-0.31
-0.29
-0.27
-0.25
-0.23
-0.21
-0.19
-0.17
-0.15
-0.13
-0.11
-0.09
-0.07
-0.05
-0.03
-0.01
0.01
0.03
0.05
0.07
0.09
0.11
0.13
0.15
0.17
0.19
0.21
0.23
0.25
0.27
0.29
0.31
0.33
0.35
0.37
0.39
0.41
0.43
0.45
0.47
0.49
0.51
0.53
0.55
0.57
0.59
0.61
0.63
0.65
0.67
0.69
0.71
0.73
0.75
0.77
0.79
0.81
0.83
0.85
0.87
0.89
0.91
0.93
0.95
0.97
0.99
1.01
1.03
1.05
1.07
1.09
1.11
1.13
1.15
1.17
1.19
1.21
1.23
1.25
1.27
1.29
1.31
1.33
1.35
1.37
1.39
1.41
1.43
1.45
1.47
1.49
1.51001
1.53023
1.55085
1.57188
1.59334
1.61522
1.63754
1.66031
1.68353
1.70722
1.73138
1.75603
1.78116
1.8068
1.83296
1.85963
1.88684
1.9146
1.94291
1.97178
2.00123
2.03128
2.06192
2.09317
2.12505
2.15757
2.19074
2.22457
2.25908
2.29428
2.33018
2.3668
2.40416
2.44226
2.48112
2.52076
2.56119
2.60243
2.6445
2.6874
2.73117
2.77581
2.82134
2.86779
2.91516
2.96348
3.01277
3.06304
3.11432
3.16662
3.21997
3.27439
3.32989
3.38651
3.44425
3.50316
3.56324
3.62452
3.68702
3.75078
3.81582
3.88215
3.94981
4.01882
4.08922
4.16102
4.23425
4.30896
4.38515
4.46287
4.54215
4.62301
4.70548
4.78961
4.87542
4.96295
5.05222
5.14328
5.23617
5.33091
5.42754
5.52611
5.62665
5.7292
5.8338
5.94049
6.04932
6.16032
6.27355
6.38903
6.50683
6.62699
6.74954
6.87455
7.00206
7.13212
7.26478
7.40009
7.53811
7.67889
7.82248
7.96895
8.11834
8.27073
8.42616
8.5847
8.74641
8.91136
9.0796
9.25121
9.42625
9.60479
9.78691
9.97266
10.1621
10.3554
10.5525
10.7536
10.9587
11.1679
11.3812
11.5989
11.8209
12.0473
12.2783
12.5139
12.7541
12.9992
13.2493
13.5043
13.7644
14.0297
14.3003
14.5763
14.8578
