timestep	Fx	Fy
0.005	86.1495	-0.026766
0.01	44.6703	0.010236
0.015	23.6477	0.00197354
0.02	12.892	-6.79889e-05
0.025	7.38797	0.00310909
0.03	4.54527	0.000317235
0.035	3.04989	-0.000408449
0.04	2.23944	-4.62332e-05
0.045	1.80041	-8.27171e-06
0.05	1.52543	-0.000365659
0.055	1.35266	-0.000491652
0.06	1.23615	0.000443603
0.065	1.21006	0.00021735
0.07	1.11312	0.000155101
0.075	1.04178	9.14193e-05
0.08	0.986124	-0.000174401
0.085	0.938318	0.000109429
0.09	0.897887	-0.000135018
0.095	0.862467	7.89619e-05
0.1	0.82936	-0.000314597
0.105	0.801516	0.000439507
0.11	0.7773	-0.000175546
0.115	0.749954	-0.000193561
0.12	0.751807	2.729e-05
0.125	0.716114	-0.000724144
0.13	0.674639	-0.000480596
0.135	0.703353	-0.000182717
0.14	0.667309	4.35864e-05
0.145	0.637806	0.000144365
0.15	0.602655	3.13005e-05
0.155	0.590542	-0.000119671
0.16	0.574172	0.000189283
0.165	0.561405	5.32208e-05
0.17	0.549832	-0.000678186
0.175	0.570702	-4.70153e-05
0.18	0.567273	-0.000216871
0.185	0.53262	4.55549e-05
0.19	0.528095	-1.26382e-05
0.195	0.503198	-0.000147662
0.2	0.489769	0.000567082
0.205	0.472941	0.00028019
0.21	0.459001	-0.00016619
0.215	0.482374	0.000148256
0.22	0.458087	-0.000132702
0.225	0.439087	-0.000422714
0.23	0.461298	-0.000301016
0.235	0.437473	-0.000634644
0.24	0.418742	-0.000278511
0.245	0.388745	-0.000343537
0.25	0.388882	-0.000369452
0.255	0.383341	-0.000216418
0.26	0.358317	-0.00014492
0.265	0.371913	0.000174845
0.27	0.372084	-1.27401e-05
0.275	0.356862	-4.39631e-05
0.28	0.364831	-0.000731286
0.285	0.34944	-0.000127223
0.29	0.33243	-6.22396e-05
0.295	0.334273	-0.000123251
0.3	0.355187	-0.000161062
0.305	0.343409	-8.45181e-05
0.31	0.339363	-0.000298842
0.315	0.329798	-0.000342595
0.32	0.323106	-0.000233196
0.325	0.31657	-0.000216472
0.33	0.293678	-0.0002722
0.335	0.33425	7.3708e-05
0.34	0.319696	7.66836e-05
0.345	0.308701	-0.000232443
0.35	0.322344	-0.000182481
0.355	0.335023	-0.000358449
0.36	0.320427	0.0001357
0.365	0.291074	9.57413e-05
0.37	0.311436	-0.000472297
0.375	0.308892	-8.92922e-05
0.38	0.304435	-0.000304484
0.385	0.289102	0.000517683
0.39	0.304111	0.000259002
0.395	0.280474	0.000276248
0.4	0.297209	-0.000391084
0.405	0.278372	-0.000552406
0.41	0.25578	-0.000377637
0.415	0.251924	-0.000177869
0.42	0.237005	6.32543e-05
0.425	0.253591	0.000128425
0.43	0.255277	-0.000409624
0.435	0.246796	-0.000530433
0.44	0.236633	-0.000285558
0.445	0.258257	-0.000317729
0.45	0.247622	0.000528302
0.455	0.257902	-1.10451e-05
0.46	0.247766	-0.000369086
0.465	0.22712	-7.36155e-05
0.47	0.261298	-0.000706838
0.475	0.247932	-0.000151326
0.48	0.25802	-0.000130979
0.485	0.270254	0.000230934
0.49	0.253097	-2.08507e-05
0.495	0.236577	0.00022743
0.5	0.264942	-0.000157324
0.505	0.25795	-0.000693722
0.51	0.243263	-0.000171141
0.515	0.250619	0.000490425
0.52	0.259554	-0.000394435
0.525	0.237906	-0.000105078
0.53	0.21777	-6.86284e-05
0.535	0.20503	0.000135823
0.54	0.219239	0.00015718
0.545	0.223323	-0.000789217
0.55	0.21247	-0.000217896
0.555	0.22897	-0.000154366
0.56	0.232862	-0.000101345
0.565	0.226932	0.000149436
0.57	0.21747	-1.79666e-05
0.575	0.209744	-0.00019335
0.58	0.231242	5.60251e-05
0.585	0.238723	-0.000183025
0.59	0.249674	-2.33247e-05
0.595	0.232416	0.000139783
0.6	0.239063	-0.0001757
0.605	0.249024	-0.000242088
0.61	0.231417	0.000233473
0.615	0.235404	0.000334177
0.62	0.242797	-0.000284224
0.625	0.218039	-0.000365599
0.63	0.201611	-0.00017207
0.635	0.211146	0.000106558
0.64	0.212691	-0.00070059
0.645	0.205786	-0.00028432
0.65	0.219769	-4.43139e-05
0.655	0.226725	2.55311e-05
0.66	0.220887	9.90119e-05
0.665	0.205424	0.00029732
0.67	0.229468	0.000147337
0.675	0.234252	-0.000251284
0.68	0.244938	-2.56701e-06
0.685	0.229026	0.000105717
0.69	0.247775	-0.00015028
0.695	0.240819	-4.80114e-05
0.7	0.242846	0.000299882
0.705	0.244227	-5.1908e-07
0.71	0.209794	-0.000527202
0.715	0.213025	-0.000328221
0.72	0.213383	0.00041695
0.725	0.214047	-7.83309e-05
0.73	0.209515	-0.000149335
0.735	0.223206	0.000123599
0.74	0.235519	3.99088e-05
0.745	0.221607	7.09985e-05
0.75	0.21407	-8.92983e-05
0.755	0.230318	-0.00021424
0.76	0.262401	6.60557e-05
0.765	0.240987	0.000136973
0.77	0.242079	-0.000121627
0.775	0.250036	-0.000212215
0.78	0.254106	6.53753e-05
0.785	0.252808	-0.000429012
0.79	0.219441	-0.0002288
0.795	0.219209	0.000108588
0.8	0.224092	0.000169147
0.805	0.22776	-0.000119833
0.81	0.219143	-0.000182265
0.815	0.248211	4.57038e-05
0.82	0.240332	-8.20618e-06
0.825	0.224651	5.70679e-05
0.83	0.244607	0.000145483
0.835	0.252218	-1.98771e-05
0.84	0.264085	0.00013915
0.845	0.260157	0.000103895
0.85	0.264143	-0.000633074
0.855	0.266993	0.000722831
0.86	0.265982	3.9639e-05
0.865	0.241761	-0.000326821
0.87	0.22743	-4.10466e-05
0.875	0.234947	1.61958e-05
0.88	0.241742	-0.000213115
0.885	0.250517	-0.00017557
0.89	0.261226	6.82401e-05
0.895	0.247806	0.000171815
0.9	0.259041	0.000364293
0.905	0.25033	-0.000107743
0.91	0.280498	0.000378606
0.915	0.264146	0.000187889
0.92	0.292156	-2.32733e-05
0.925	0.270357	-0.000377819
0.93	0.273661	-0.000160447
0.935	0.265555	-0.000230855
0.94	0.258424	-5.65867e-05
0.945	0.259302	1.73645e-05
0.95	0.262844	-7.75065e-05
0.955	0.269913	0.000404495
0.96	0.280028	0.000508363
0.965	0.266567	0.000321683
0.97	0.278226	-1.10892e-05
0.975	0.282669	0.000205025
0.98	0.29825	-0.000131807
0.985	0.294236	5.5229e-05
0.99	0.298257	-0.000528423
0.995	0.301244	0.000285044
1	0.300848	-0.000269718
1.005	0.279355	-8.89675e-05
1.01	0.272447	0.000185525
1.015	0.280246	-0.000516098
1.02	0.275351	8.1145e-06
1.025	0.292527	0.000224437
1.03	0.299717	0.000473117
1.035	0.288446	6.46284e-05
1.04	0.299448	-0.000166715
1.045	0.327474	5.86431e-05
1.05	0.308581	0.000197217
1.055	0.334575	0.000109105
1.06	0.313781	-0.000175882
1.065	0.316007	0.000414618
1.07	0.316017	-0.000231658
1.075	0.297794	8.19084e-05
1.08	0.303717	-8.28202e-05
1.085	0.305739	-9.95313e-05
1.09	0.314331	0.000325804
1.095	0.327142	-2.98464e-05
1.1	0.310127	-4.96572e-05
1.105	0.326028	0.000519734
1.11	0.352992	0.000217063
1.115	0.334089	0.000269839
1.12	0.349946	0.000254192
1.125	0.343429	-6.51291e-05
1.13	0.34529	-0.000139679
1.135	0.343837	-0.000255219
1.14	0.324515	0.000145656
1.145	0.336509	-0.000291635
1.15	0.328321	4.80584e-05
1.155	0.342118	0.000250496
1.16	0.35106	0.000703773
1.165	0.339652	0.000187618
1.17	0.350689	1.87641e-05
1.175	0.378459	0.000170795
1.18	0.360245	0.000274327
1.185	0.38681	-0.000199623
1.19	0.382369	0.000268682
1.195	0.379	-0.00022248
1.2	0.358242	-0.00034209
1.205	0.351124	0.000262214
1.21	0.357919	-5.3692e-05
1.215	0.35335	3.35678e-05
1.22	0.380339	0.000250581
1.225	0.373091	0.000612967
1.23	0.381998	0.000436499
1.235	0.373145	-0.000713747
1.24	0.401577	0.000243597
1.245	0.404063	4.41156e-05
1.25	0.405517	-0.000557066
1.255	0.407448	0.000395799
1.26	0.407651	0.000454847
1.265	0.387714	0.000250212
1.27	0.386729	0.000299461
1.275	0.388821	-0.000194852
1.28	0.398533	0.000189889
1.285	0.407804	5.33936e-05
1.29	0.396967	0.000625504
1.295	0.409924	0.000471061
1.3	0.415719	8.68794e-05
1.305	0.431092	-9.64539e-06
1.31	0.439991	0.000214635
1.315	0.432524	0.000108215
1.32	0.433143	0.00018696
1.325	0.436881	-0.000263551
1.33	0.419037	-0.000244368
1.335	0.418773	0.000277597
1.34	0.421408	-0.00012716
1.345	0.431184	0.000266735
1.35	0.442146	0.000387063
1.355	0.424786	0.000687049
1.36	0.445989	0.000435643
1.365	0.46537	4.78112e-05
1.37	0.458489	0.000121641
1.375	0.471218	0.000109239
1.38	0.468136	-1.33204e-05
1.385	0.466399	0.000174109
1.39	0.460744	-0.0001517
1.395	0.454721	1.74714e-05
1.4	0.457339	-9.32185e-06
1.405	0.457315	7.5669e-06
1.41	0.467654	0.000243766
1.415	0.477028	0.000698016
1.42	0.462025	-5.90607e-06
1.425	0.480696	-0.000233282
1.43	0.508339	1.60893e-05
1.435	0.489706	0.000382069
1.44	0.506781	0.000239978
1.445	0.502371	-2.82871e-05
1.45	0.502729	0.00036535
1.455	0.497013	-0.00014326
1.46	0.490589	0.000372848
1.465	0.492651	0.000545119
1.47	0.493498	7.73241e-05
1.475	0.50391	9.82289e-05
1.48	0.512991	0.000359173
1.485	0.495895	9.1445e-05
1.49	0.518214	0.000666585
1.495	0.526173	0.000214543
1.5	0.537583	0.000324641
1.505	0.549861	0.000263904
1.51	0.541369	-1.79711e-05
1.515	0.542634	0.000286385
1.52	0.54685	-5.1347e-05
1.525	0.52823	-0.000184036
1.53	0.527614	0.000131438
1.535	0.529328	5.41815e-05
1.54	0.523997	0.000141362
1.545	0.551733	0.000595273
1.55	0.54508	0.000561666
1.555	0.555951	5.75541e-05
1.56	0.550157	7.23101e-05
1.565	0.579475	0.000374842
1.57	0.565359	0.000124203
1.575	0.595802	0.000239905
1.58	0.576744	7.88354e-05
1.585	0.580569	0.000259449
1.59	0.574156	-0.000119486
1.595	0.569382	9.95624e-05
1.6	0.572453	2.37966e-06
1.605	0.571051	0.000110026
1.61	0.583542	0.000197729
1.615	0.591037	0.000121997
1.62	0.581051	0.000259023
1.625	0.594822	8.42452e-05
1.63	0.590879	9.10081e-05
1.635	0.622201	0.000662734
1.64	0.606771	0.000533989
1.645	0.63883	0.000407466
1.65	0.619968	7.59414e-05
1.655	0.621908	0.000357664
1.66	0.630159	2.19356e-05
1.665	0.612237	0.000150357
1.67	0.611463	0.000550739
1.675	0.613074	0.000330562
1.68	0.607167	3.06674e-05
1.685	0.62504	0.00019387
1.69	0.634954	9.68702e-05
1.695	0.620393	0.000171797
1.7	0.643697	0.000147367
1.705	0.652205	0.000147652
1.71	0.667025	0.000642677
1.715	0.668452	0.000631687
1.72	0.674934	0.00030731
1.725	0.660875	0.000520854
1.73	0.668132	0.000172191
1.735	0.675044	-5.36358e-06
1.74	0.657847	-0.000180416
1.745	0.6576	0.000329786
1.75	0.658941	-0.000132389
1.755	0.653414	7.16656e-05
1.76	0.671265	0.000184852
1.765	0.68063	0.000636649
1.77	0.664365	0.00051992
1.775	0.69061	7.68091e-05
1.78	0.685851	0.000134098
1.785	0.718163	0.000378536
1.79	0.701575	0.000524342
1.795	0.723713	0.000384415
1.8	0.715606	8.06554e-05
1.805	0.724697	0.000730985
1.81	0.708291	0.000245734
1.815	0.71935	-1.11356e-05
1.82	0.705164	0.000186922
1.825	0.705416	0.000535667
1.83	0.709455	0.000440466
1.835	0.702062	4.28948e-06
1.84	0.720908	0.000138892
1.845	0.726872	1.84382e-06
1.85	0.723037	5.12033e-05
1.855	0.712295	9.50059e-05
1.86	0.74131	0.000478844
1.865	0.751936	0.000182815
1.87	0.764935	0.000517298
1.875	0.751665	0.000675748
1.88	0.776806	0.000420862
1.885	0.768859	-7.90854e-05
1.89	0.759761	0.000639125
1.895	0.768989	0.000449663
1.9	0.78136	0.000294925
1.905	0.761634	0.000199154
1.91	0.750499	0.00057534
1.915	0.762028	0.000605553
1.92	0.763976	0.000163285
1.925	0.75828	0.000197309
1.93	0.778074	0.000156025
1.935	0.784175	0.000127889
1.94	0.779387	0.000187414
1.945	0.76672	0.000496588
1.95	0.798545	0.000236417
1.955	0.791414	0.000291022
1.96	0.806463	0.000296777
1.965	0.821929	0.000730957
1.97	0.809998	0.000593327
1.975	0.822233	0.00039107
1.98	0.837274	-4.84658e-05
1.985	0.82413	7.21291e-05
1.99	0.832739	0.00105966
1.995	0.842232	0.000427529
2	0.827253	0.000191335
2.005	0.814959	-0.000172419
2.01	0.807108	0.000429251
2.015	0.821912	0.000399685
2.02	0.827131	0.0003715
2.025	0.817705	1.935e-05
2.03	0.821318	0.000148818
2.035	0.843305	0.00011794
2.04	0.849413	0.000163108
2.045	0.84447	0.000575441
2.05	0.840356	0.000532368
2.055	0.837267	0.000585855
2.06	0.863425	0.000424828
2.065	0.861196	0.000364915
2.07	0.872128	0.000127225
2.075	0.890813	0.000650658
2.08	0.878611	0.000560402
2.085	0.892688	0.000425405
2.09	0.892647	0.000428986
2.095	0.893776	-0.000124146
2.1	0.887927	0.000106613
2.105	0.901293	0.00111787
2.11	0.887638	0.000449118
2.115	0.907398	0.000348821
2.12	0.896685	0.00020246
2.125	0.884973	0.000394273
2.13	0.886007	0.00057742
2.135	0.887167	0.000731336
2.14	0.89375	0.000649763
2.145	0.90154	0.000334321
2.15	0.897629	1.13786e-05
2.155	0.894482	0.000265565
2.16	0.9191	0.000194035
2.165	0.914568	0.00035708
2.17	0.923113	0.000196909
2.175	0.920132	0.000510857
2.18	0.91723	0.000179393
2.185	0.917421	0.000438696
2.19	0.909316	4.5408e-05
2.195	0.947121	0.000561921
2.2	0.939976	0.000394517
2.205	0.939999	0.000309722
2.21	0.955655	0.00039519
2.215	0.975845	0.000419093
2.22	0.959414	0.000972056
2.225	0.954757	0.00060655
2.23	0.949031	0.000705287
2.235	0.974297	0.000484865
2.24	0.980742	0.000482675
2.245	0.965892	0.000504023
2.25	0.977856	-6.41395e-05
2.255	0.974264	0.00012949
2.26	0.970238	0.000639689
2.265	0.991628	0.0011736
2.27	0.980496	0.000873878
2.275	0.976819	0.000209554
2.28	1.00158	0.000276895
2.285	0.992817	0.000246449
2.29	0.985806	0.000182074
2.295	0.980422	0.000457933
2.3	0.982937	0.000795619
2.305	0.985095	0.000809093
2.31	0.980271	0.000712248
2.315	0.994709	0.000780942
2.32	1.00035	0.000744784
2.325	0.999008	0.000671584
2.33	0.999997	0.000280667
2.335	1.01115	0.000593154
2.34	1.0086	8.19854e-05
2.345	1.00731	0.000205575
2.35	1.00387	0.000107381
2.355	1.00985	0.000601363
2.36	1.01348	0.000361463
2.365	1.01705	0.000457597
2.37	1.0205	0.000385127
2.375	1.04587	0.000330829
2.38	1.03911	0.000532914
2.385	1.03645	0.000500179
2.39	1.03174	0.000489108
2.395	1.05094	0.00048827
2.4	1.04537	0.000164742
2.405	1.04733	0.000302269
2.41	1.04543	0.000328046
2.415	1.04568	0.000858561
2.42	1.04737	0.000485937
2.425	1.04962	0.000363871
2.43	1.05186	0.000351541
2.435	1.05453	0.000419279
2.44	1.05719	0.000603472
2.445	1.05979	0.000608573
2.45	1.06243	0.000567407
2.455	1.06519	0.000587429
2.46	1.05707	0.000375902
2.465	1.0646	0.000370313
2.47	1.06974	0.000477578
2.475	1.07364	0.000436249
2.48	1.07677	0.000465135
2.485	1.07972	0.000519862
2.49	1.08264	0.000504301
2.495	1.08581	0.000574707
2.5	1.0886	0.000351213
2.505	1.08871	0.000221237
2.51	1.09209	0.000456641
2.515	1.09437	0.000372088
2.52	1.09811	0.000643692
2.525	1.09872	0.000649091
2.53	1.10216	0.000558754
2.535	1.10538	0.000522035
2.54	1.10788	0.000669498
2.545	1.11055	0.000461753
2.55	1.11307	0.000705437
2.555	1.11552	0.000397088
2.56	1.11803	0.000532435
2.565	1.13129	0.000718541
2.57	1.12934	0.00040911
2.575	1.12909	0.000495086
2.58	1.13005	0.000439606
2.585	1.13157	0.000677511
2.59	1.13358	0.000428241
2.595	1.13584	0.000547936
2.6	1.13804	0.000624308
2.605	1.14037	0.000891175
2.61	1.14354	0.000295175
2.615	1.14622	0.000489214
2.62	1.14342	0.000481238
2.625	1.14762	0.00089261
2.63	1.13	0.000756805
2.635	1.14657	0.000738282
2.64	1.1519	0.000697188
2.645	1.15784	0.000580055
2.65	1.13085	0.000631086
2.655	1.14727	0.000672919
2.66	1.15783	0.000611327
2.665	1.16417	0.00060431
2.67	1.16749	0.000620498
2.675	1.17714	0.000395748
2.68	1.17939	0.000744024
2.685	1.18148	0.00123744
2.69	1.17039	0.000830825
2.695	1.17777	0.00103606
2.7	1.18395	0.000819623
2.705	1.18058	0.000555707
2.71	1.17565	0.000346571
2.715	1.19254	0.000355003
2.72	1.19426	0.000235227
2.725	1.19743	-7.1684e-05
2.73	1.19997	0.000142832
2.735	1.20352	0.000338303
2.74	1.20404	0.000609613
2.745	1.16832	0.000536387
2.75	1.18667	0.00121985
2.755	1.20032	0.000817231
2.76	1.16992	9.23401e-06
2.765	1.19021	-0.000193228
2.77	1.19184	0.000156641
2.775	1.17734	0.00102579
2.78	1.19926	0.000878934
2.785	1.18449	0.00104471
2.79	1.16381	0.00091082
2.795	1.19525	0.000637173
2.8	1.20164	0.00063329
2.805	1.21379	-0.000123381
2.81	1.1741	0.000303768
2.815	1.17195	0.000310482
2.82	1.19247	0.000448435
2.825	1.21056	0.00053612
2.83	1.17309	0.000152202
2.835	1.2128	0.00093133
2.84	1.22642	0.000422831
2.845	1.2343	0.00107295
2.85	1.23426	0.000392768
2.855	1.21843	0.000815838
2.86	1.23352	0.000754042
2.865	1.20821	0.000754851
2.87	1.23358	0.000513112
2.875	1.24548	0.00115178
2.88	1.23796	0.00122787
2.885	1.24205	0.000970947
2.89	1.24729	0.00056329
2.895	1.25519	9.4963e-05
2.9	1.25925	0.000225271
2.905	1.26467	0.000641047
2.91	1.22562	0.000527052
2.915	1.24949	0.00119522
2.92	1.22311	-0.000451464
2.925	1.23212	6.25463e-05
2.93	1.22362	0.00111386
2.935	1.2219	0.00126622
2.94	1.20649	0.00100386
2.945	1.2323	0.000662493
2.95	1.20119	4.31979e-05
2.955	1.20642	0.000237886
2.96	1.23258	0.000731295
2.965	1.21253	0.00108275
2.97	1.24238	0.000368748
2.975	1.26344	0.000456465
2.98	1.26775	3.6117e-05
2.985	1.25402	0.00031073
2.99	1.23501	0.000584404
2.995	1.26129	0.000532385
3	1.28377	0.000973862
3.005	1.27506	0.000906185
3.01	1.26689	0.000606815
3.015	1.28886	7.87603e-05
3.02	1.29385	0.000976374
3.025	1.29785	0.0010055
3.03	1.25861	0.00134478
3.035	1.244	-0.000428746
3.04	1.2578	0.000159598
3.045	1.22213	0.0012125
3.05	1.22044	0.00138714
3.055	1.25246	0.000822885
3.06	1.22306	-3.89286e-05
3.065	1.22277	0.000400822
3.07	1.25963	0.000412616
3.075	1.22723	0.000843193
3.08	1.27662	0.000407792
3.085	1.28654	0.000648722
3.09	1.27411	0.00084793
3.095	1.25628	0.00106944
3.1	1.2881	0.000899816
3.105	1.28808	0.00141019
3.11	1.28372	0.000724696
3.115	1.30813	0.000118423
3.12	1.31548	0.000577734
3.125	1.2749	0.000833846
3.13	1.26121	0.000465573
3.135	1.27573	-5.95333e-05
3.14	1.26991	0.00117968
3.145	1.22158	0.00132308
3.15	1.26322	0.000348161
3.155	1.23291	0.000217859
3.16	1.236	0.000534541
3.165	1.22159	5.68798e-05
3.17	1.27798	0.000792194
3.175	1.29426	0.000805529
3.18	1.28328	0.00113127
3.185	1.26758	0.000968631
3.19	1.30158	0.00148876
3.195	1.30151	0.00113805
3.2	1.30333	0.000479101
3.205	1.31456	0.000371462
3.21	1.28627	0.0010893
3.215	1.31143	0.00177256
3.22	1.26601	-0.000599563
3.225	1.26947	0.000681909
3.23	1.22475	0.00123532
3.235	1.26955	-4.46482e-05
3.24	1.20683	0.000596044
3.245	1.2564	0.000361162
3.25	1.23477	0.00111555
3.255	1.29228	0.00138175
3.26	1.27775	-0.000350544
3.265	1.26604	0.000286651
3.27	1.30394	0.000401873
3.275	1.30535	0.00126986
3.28	1.30726	0.00050129
3.285	1.32028	0.0010571
3.29	1.29016	0.00138518
3.295	1.27347	0.00131332
3.3	1.29086	0.000956715
3.305	1.25107	0.000640357
3.31	1.25077	0.000432689
3.315	1.21906	-0.000606112
3.32	1.23151	0.000237905
3.325	1.22335	0.000514675
3.33	1.2848	0.000885597
3.335	1.27415	0.00106251
3.34	1.26347	0.000877154
3.345	1.30192	0.00115186
3.35	1.30434	0.00126715
3.355	1.30728	0.000259119
3.36	1.31913	0.00035504
3.365	1.28568	0.000819222
3.37	1.27476	0.00105433
3.375	1.29084	0.000893564
3.38	1.20443	0.00122699
3.385	1.25975	0.000667618
3.39	1.20116	-0.000237803
3.395	1.25296	0.000172361
3.4	1.24123	0.00107953
3.405	1.28679	0.000677428
3.41	1.2725	0.000778112
3.415	1.26183	0.000977261
3.42	1.28177	0.00082252
3.425	1.28759	0.000983957
3.43	1.29551	0.000727891
3.435	1.29213	0.00157218
3.44	1.27304	0.000933807
3.445	1.28805	0.00119299
3.45	1.19952	0.000869956
3.455	1.24993	0.000995661
3.46	1.19398	0.00075234
3.465	1.24666	0.00108754
3.47	1.23379	0.00117327
3.475	1.26986	0.000699764
3.48	1.22611	-0.000122554
3.485	1.2759	5.6473e-05
3.49	1.28475	0.00116892
3.495	1.28997	0.00046742
3.5	1.30386	0.000927035
3.505	1.27201	0.00161292
3.51	1.25936	0.00114982
3.515	1.2445	0.000797303
3.52	1.20438	0.00113012
3.525	1.19063	0.000750457
3.53	1.20243	0.00121778
3.535	1.19634	-0.000105252
3.54	1.26273	0.00101852
3.545	1.24875	0.000406478
3.55	1.24031	0.000818563
3.555	1.2581	0.0011287
3.56	1.26557	0.000387621
3.565	1.27245	-9.6418e-05
3.57	1.26805	0.00105359
3.575	1.2508	0.00052045
3.58	1.23061	0.000993292
3.585	1.18916	0.00128045
3.59	1.23794	5.0426e-05
3.595	1.16473	0.000432572
3.6	1.16961	0.00106949
3.605	1.23784	0.0023569
3.61	1.22788	0.00025857
3.615	1.22158	0.000742722
3.62	1.24107	0.000614084
3.625	1.24704	0.000996662
3.63	1.25461	0.000974099
3.635	1.25057	0.00152474
3.64	1.23465	0.0011578
3.645	1.21203	0.000981364
3.65	1.17196	0.00131373
3.655	1.19727	0.000714114
3.66	1.15438	0.0010319
3.665	1.15394	0.000916674
3.67	1.22336	0.000659212
3.675	1.20956	0.000114607
3.68	1.20466	0.000494708
3.685	1.221	0.00115493
3.69	1.23102	0.000407643
3.695	1.24781	0.000845058
3.7	1.21913	0.00180654
3.705	1.20639	0.00108216
3.71	1.19185	0.00136957
3.715	1.15284	0.000788842
3.72	1.13328	0.000971769
3.725	1.15	0.0012759
3.73	1.14835	0.000772942
3.735	1.20234	3.51817e-05
3.74	1.1891	0.000744884
3.745	1.1798	0.000188435
3.75	1.19836	0.00136703
3.755	1.20716	0.000813886
3.76	1.22348	0.000832937
3.765	1.19554	0.000747565
3.77	1.16339	-0.000884851
3.775	1.13955	0.00162736
3.78	1.12985	0.00156365
3.785	1.08739	-6.19883e-05
3.79	1.14752	0.0023069
3.795	1.13519	0.00125476
3.8	1.17207	0.00055114
3.805	1.12724	0.000619593
3.81	1.17432	0.000686999
3.815	1.17477	0.00123539
3.82	1.19086	0.000353765
3.825	1.20057	0.00126518
3.83	1.17365	0.00205042
3.835	1.13765	0.000657082
3.84	1.06368	0.00160471
3.845	1.12474	0.00082389
3.85	1.06267	0.000461842
3.855	1.08221	0.0014317
3.86	1.12935	0.00151244
3.865	1.12476	-8.78099e-05
3.87	1.11728	0.000423658
3.875	1.15438	1.62825e-05
3.88	1.13342	0.00147466
3.885	1.1679	0.000699555
3.89	1.13305	0.00134228
3.895	1.11741	0.00119101
3.9	1.10117	0.00163337
3.905	1.06169	0.00155506
3.91	1.10693	0.000831278
3.915	1.03615	0.000820018
3.92	1.04152	-0.000302078
3.925	1.10327	0.000726186
3.93	1.09081	0.00125864
3.935	1.08589	0.000635885
3.94	1.10111	0.000617692
3.945	1.10606	0.00165132
3.95	1.13553	0.000436131
3.955	1.09851	0.00155891
3.96	1.08329	0.000308759
3.965	1.10029	0.000944162
3.97	1.01221	0.00133446
3.975	1.06342	0.000544158
3.98	0.997618	0.000471505
3.985	1.01504	0.00104997
3.99	1.05783	0.00176604
3.995	1.05398	0.000671402
4	1.04239	0.000855922
4.005	1.07753	0.000148336
4.01	1.07178	0.0016912
4.015	1.0833	0.000589052
4.02	1.09111	0.00105808
4.025	1.06213	0.00227309
4.03	1.02747	0.00024669
4.035	1.00153	0.00185816
4.04	1.00944	0.00125457
4.045	0.976226	0.00131326
4.05	0.987346	0.0013037
4.055	0.982011	0.00141224
4.06	1.03083	0.00127679
4.065	1.01457	0.00071865
4.07	1.00721	4.62942e-05
4.075	1.01704	0.000832113
4.08	1.02297	0.000581276
4.085	1.02581	0.000602973
4.09	1.02123	0.00112627
4.095	1.00126	0.000817282
4.1	1.01445	0.00144138
4.105	0.930682	0.00184456
4.11	0.974477	0.00119886
4.115	0.918232	0.000386844
4.12	0.967403	0.00135529
4.125	0.950247	0.000621659
4.13	0.990507	0.000746143
4.135	0.970333	0.000974885
4.14	0.961064	0.000902919
4.145	0.96832	0.00126112
4.15	0.974304	0.0011262
4.155	0.999064	0.000878175
4.16	0.999086	0.00155156
4.165	0.970092	0.0020292
4.17	0.932957	-0.000682603
4.175	0.906689	0.00161768
4.18	0.913848	0.00153484
4.185	0.884168	0.000687608
4.19	0.891631	0.000961457
4.195	0.884341	0.000731776
4.2	0.931083	0.000987358
4.205	0.944042	0.00114091
4.21	0.891902	0.000873111
4.215	0.92678	0.000965828
4.22	0.928462	0.00162532
4.225	0.926334	0.000859996
4.23	0.924331	0.000783334
4.235	0.951519	0.00128011
4.24	0.919293	0.00198027
4.245	0.880481	0.000523166
4.25	0.852534	0.00125678
4.255	0.858455	0.00172952
4.26	0.884803	0.000923362
4.265	0.814682	0.000922044
4.27	0.828189	0.000713166
4.275	0.861422	0.00172594
4.28	0.889282	0.00147285
4.285	0.864259	0.00145917
4.29	0.851389	0.00109403
4.295	0.873551	0.000949593
4.3	0.874708	0.00138718
4.305	0.867306	0.000421784
4.31	0.863709	0.000757634
4.315	0.890555	0.0018569
4.32	0.856811	0.00173656
4.325	0.826753	0.000538627
4.33	0.817542	0.00112478
4.335	0.780418	0.00152144
4.34	0.813969	0.00110262
4.345	0.784592	0.000705627
4.35	0.786759	0.00133955
4.355	0.774103	0.00115249
4.36	0.81096	0.000923258
4.365	0.821244	0.000939524
4.37	0.803953	0.00114544
4.375	0.790413	0.000868617
4.38	0.807967	0.000760893
4.385	0.807025	0.00177616
4.39	0.799706	0.00139064
4.395	0.814018	0.00104867
4.4	0.810239	0.00153403
4.405	0.779903	0.00198145
4.41	0.766334	0.00127464
4.415	0.773435	0.000660831
4.42	0.733744	0.00119488
4.425	0.732315	0.00148423
4.43	0.752201	0.00103974
4.435	0.72079	0.000771561
4.44	0.718765	0.00108848
4.445	0.714789	0.000852365
4.45	0.733546	0.00135537
4.455	0.756042	0.00159497
4.46	0.7543	0.000923265
4.465	0.734234	0.000963173
4.47	0.716838	0.000938592
4.475	0.735221	0.00120262
4.48	0.727486	0.00183502
4.485	0.72019	0.00159424
4.49	0.733347	0.000981308
4.495	0.728766	0.0011103
4.5	0.735038	0.00107663
4.505	0.703025	0.0020882
4.51	0.68753	0.000367316
4.515	0.69279	0.000477146
4.52	0.680324	0.00201655
4.525	0.640884	0.00191122
4.53	0.678692	0.00107106
4.535	0.681212	0.00118748
4.54	0.6453	0.000945929
4.545	0.639003	0.00108866
4.55	0.665861	0.00124126
4.555	0.63505	0.00162527
4.56	0.661971	0.00130419
4.565	0.672758	0.00189655
4.57	0.648004	0.00174448
4.575	0.656242	0.000720664
4.58	0.633226	0.000785487
4.585	0.646941	0.00106722
4.59	0.654438	0.00108654
4.595	0.643443	0.0020468
4.6	0.630251	0.0016851
4.605	0.641243	0.00108452
4.61	0.646559	0.00101512
4.615	0.634852	0.00104007
4.62	0.636278	0.00186857
4.625	0.606164	0.00226265
4.63	0.623633	0.00144405
4.635	0.591001	0.00137932
4.64	0.597232	0.000499829
4.645	0.582142	0.00117342
4.65	0.577726	0.00123837
4.655	0.561332	0.00166631
4.66	0.583687	0.00123938
4.665	0.582101	0.000904226
4.67	0.545332	0.00118749
4.675	0.539358	0.00113333
4.68	0.563888	0.00145007
4.685	0.574579	0.00119243
4.69	0.541076	0.00132908
4.695	0.555902	0.00118864
4.7	0.566692	0.00143943
4.705	0.567702	0.0012055
4.71	0.559989	0.00138022
4.715	0.535649	0.00147009
4.72	0.548447	0.00132072
4.725	0.523215	0.00144152
4.73	0.53806	0.00124727
4.735	0.538419	0.000995403
4.74	0.538727	0.000934739
4.745	0.528094	0.00206467
4.75	0.530276	0.00195459
4.755	0.523141	0.0016841
4.76	0.516005	0.00142369
4.765	0.51828	0.00103049
4.77	0.520091	0.00103136
4.775	0.518587	0.00126961
4.78	0.503985	0.0014316
4.785	0.506739	0.00138311
4.79	0.504798	0.00182346
4.795	0.475481	0.00164337
4.8	0.487268	0.00202734
4.805	0.492945	0.0016579
4.81	0.464027	0.00108852
4.815	0.470437	0.00142617
4.82	0.473558	0.00145518
4.825	0.469262	0.000684578
4.83	0.473198	0.00110611
4.835	0.446933	0.00128888
4.84	0.458469	0.00141502
4.845	0.441511	0.00164827
4.85	0.423347	0.00126729
4.855	0.438617	0.0015483
4.86	0.4472	0.00160379
4.865	0.449564	0.0012103
4.87	0.448242	0.00149016
4.875	0.432949	0.0015232
4.88	0.436452	0.00127129
4.885	0.436485	0.00123462
4.89	0.399135	0.00138818
4.895	0.409501	0.0012835
4.9	0.417138	0.00124331
4.905	0.397259	0.00118468
4.91	0.407846	0.00148255
4.915	0.408465	0.00120034
4.92	0.409562	0.00165576
4.925	0.409654	0.00150504
4.93	0.407114	0.00142678
4.935	0.404586	0.0015466
4.94	0.402166	0.00147346
4.945	0.398497	0.00122582
4.95	0.395157	0.00142684
4.955	0.392138	0.00137038
4.96	0.365575	0.0014535
4.965	0.373893	0.00115837
4.97	0.376251	0.00130218
4.975	0.376349	0.0013447
4.98	0.367824	0.00144923
4.985	0.36869	0.00146482
4.99	0.367734	0.0014598
4.995	0.365655	0.00146551
5	0.363071	0.00133143
5.005	0.36095	0.00167744
5.01	0.357601	0.00176594
5.015	0.354735	0.0015092
5.02	0.351211	0.00121955
5.025	0.348815	0.00138676
5.03	0.345705	0.00143697
5.035	0.342735	0.00151958
5.04	0.339607	0.00149287
5.045	0.34296	0.00149233
5.05	0.337094	0.00138193
5.055	0.332131	0.00161297
5.06	0.328266	0.00170568
5.065	0.343848	0.00155771
5.07	0.332919	0.00153653
5.075	0.324817	0.00159167
5.08	0.319344	0.00172331
5.085	0.314694	0.00160381
5.09	0.311049	0.00152305
5.095	0.308338	0.00150043
5.1	0.304858	0.00146429
5.105	0.302235	0.00121684
5.11	0.301338	0.00155817
5.115	0.297566	0.00150258
5.12	0.312626	0.00156898
5.125	0.300894	0.00176494
5.13	0.29764	0.00160491
5.135	0.316628	0.00153572
5.14	0.300081	0.00167948
5.145	0.288571	0.00186237
5.15	0.29302	0.00158968
5.155	0.282679	0.00152953
5.16	0.274902	0.00173655
5.165	0.270754	0.00166829
5.17	0.267969	0.00142165
5.175	0.28315	0.00179136
5.18	0.286089	0.00163077
5.185	0.269679	0.00152766
5.19	0.27904	0.00145882
5.195	0.264501	0.00135499
5.2	0.258422	0.00199462
5.205	0.254545	0.00180157
5.21	0.253058	0.00163539
5.215	0.263727	0.0019829
5.22	0.250797	0.00188282
5.225	0.242832	0.00139443
5.23	0.255747	0.00142777
5.235	0.244436	0.0011871
5.24	0.237055	0.00134003
5.245	0.243007	0.00134691
5.25	0.235266	0.0013987
5.255	0.228023	0.00166103
5.26	0.227793	0.00208987
5.265	0.230652	0.00193802
5.27	0.232085	0.0018169
5.275	0.226869	0.00146774
5.28	0.227976	0.00133579
5.285	0.223606	0.00120703
5.29	0.223074	0.00143902
5.295	0.215837	0.00158158
5.3	0.230757	0.0015515
5.305	0.219708	0.00186885
5.31	0.231761	0.00144223
5.315	0.225189	0.00188527
5.32	0.215975	0.00153717
5.325	0.208032	0.00178023
5.33	0.211109	0.002028
5.335	0.223328	0.00155944
5.34	0.210834	0.00187792
5.345	0.202366	0.0012928
5.35	0.214194	0.00166746
5.355	0.228904	0.00185268
5.36	0.21539	0.00207921
5.365	0.203076	0.00175997
5.37	0.210421	0.00155234
5.375	0.206991	0.00165358
5.38	0.207722	0.00139337
5.385	0.197782	0.00204089
5.39	0.206745	0.00197763
5.395	0.189529	0.00228235
5.4	0.196466	0.00152966
5.405	0.185189	0.00132696
5.41	0.187829	0.00138945
5.415	0.178014	0.00169106
5.42	0.175241	0.00213464
5.425	0.18537	0.0019086
5.43	0.185659	0.00126792
5.435	0.177957	0.00135037
5.44	0.176645	0.00144969
5.445	0.186868	0.00151802
5.45	0.184793	0.00249488
5.455	0.190567	0.00209767
5.46	0.178788	0.00165086
5.465	0.173099	0.00201709
5.47	0.187652	0.00108887
5.475	0.174867	0.00164158
5.48	0.181997	0.00166848
5.485	0.193103	0.00206804
5.49	0.184112	0.00178299
5.495	0.167766	0.00228054
5.5	0.183675	0.00164793
5.505	0.180928	0.00127561
5.51	0.175028	0.00153869
5.515	0.174287	0.00222336
5.52	0.175355	0.00169585
5.525	0.16097	0.00165731
5.53	0.162496	0.00177326
5.535	0.156115	0.00215149
5.54	0.163659	0.00195827
5.545	0.16658	0.00108127
5.55	0.160245	0.00138512
5.555	0.167903	0.00157077
5.56	0.174095	0.00193591
5.565	0.168429	0.00199794
5.57	0.156081	0.0017525
5.575	0.161113	0.00164152
5.58	0.163847	0.00186741
5.585	0.168089	0.00160676
5.59	0.177155	0.00192262
5.595	0.167097	0.00181466
5.6	0.166296	0.00178201
5.605	0.174379	0.00143147
5.61	0.165547	0.0019407
5.615	0.162516	0.00220272
5.62	0.162322	0.00165941
5.625	0.158857	0.0014033
5.63	0.1499	0.00203919
5.635	0.154682	0.00198193
5.64	0.153226	0.00109012
5.645	0.152505	0.00142328
5.65	0.158899	0.00195964
5.655	0.165258	0.00201897
5.66	0.16043	0.00186356
5.665	0.156335	0.00235387
5.67	0.161217	0.00180913
5.675	0.163703	0.0013817
5.68	0.171757	0.00188866
5.685	0.161368	0.00190035
5.69	0.169512	0.00176265
5.695	0.166111	0.00164968
5.7	0.168777	0.00217262
5.705	0.164037	0.0018915
5.71	0.150156	0.00136655
5.715	0.149066	0.00165656
5.72	0.156802	0.00236444
5.725	0.152734	0.0016745
5.73	0.152008	0.00164336
5.735	0.158406	0.00208498
5.74	0.170955	0.00207883
5.745	0.156992	0.00198601
5.75	0.158077	0.0017484
5.755	0.158676	0.00149293
5.76	0.183569	0.00194727
5.765	0.168361	0.00191836
5.77	0.16417	0.00189507
5.775	0.170641	0.00137221
5.78	0.175149	0.00221098
5.785	0.168679	0.00179985
5.79	0.154937	0.00156406
5.795	0.156417	0.00222423
5.8	0.159582	0.00210645
5.805	0.160562	0.00152216
5.81	0.154653	0.00161529
5.815	0.178607	0.00205342
5.82	0.170743	0.00181997
5.825	0.164673	0.00184587
5.83	0.168514	0.00188098
5.835	0.175671	0.00182361
5.84	0.183231	0.0018722
5.845	0.175821	0.00212954
5.85	0.179859	0.00111757
5.855	0.183701	0.00234412
5.86	0.17741	0.00186037
5.865	0.171305	0.00146748
5.87	0.160512	0.00190713
5.875	0.165464	0.00181116
5.88	0.173202	0.00155219
5.885	0.176236	0.00180596
5.89	0.185984	0.00202769
5.895	0.173526	0.00204615
5.9	0.183287	0.00204417
5.905	0.172155	0.00157504
5.91	0.195805	0.00228411
5.915	0.182935	0.00191942
5.92	0.200875	0.0018445
5.925	0.188724	0.00135516
5.93	0.188924	0.00192012
5.935	0.183013	0.0015111
5.94	0.180849	0.0019654
5.945	0.182466	0.00181751
5.95	0.187181	0.00169041
5.955	0.190115	0.00218746
5.96	0.199434	0.00246987
5.965	0.186937	0.00218491
5.97	0.196993	0.00173702
5.975	0.197845	0.00195482
5.98	0.209853	0.00185317
5.985	0.202042	0.00207691
5.99	0.205686	0.00136301
5.995	0.209705	0.00220118
6	0.204596	0.00173704
6.005	0.198567	0.00140972
6.01	0.19418	0.00223163
6.015	0.19925	0.00148733
6.02	0.196212	0.0018805
6.025	0.210498	0.00228096
6.03	0.214347	0.00232458
6.035	0.209718	0.00190991
6.04	0.208769	0.00161203
6.045	0.230892	0.00186603
6.05	0.216241	0.00188542
6.055	0.233954	0.00212545
6.06	0.222725	0.00142692
6.065	0.222107	0.0021837
6.07	0.222518	0.00149158
6.075	0.211244	0.00201645
6.08	0.217725	0.00184262
6.085	0.219761	0.00153942
6.09	0.224319	0.00213538
6.095	0.237249	0.00192243
6.1	0.227677	0.00186904
6.105	0.230857	0.00219833
6.11	0.252021	0.00208076
6.115	0.236911	0.0020302
6.12	0.247779	0.00223347
6.125	0.246698	0.00144521
6.13	0.246025	0.00187068
6.135	0.245031	0.00155221
6.14	0.232786	0.00208654
6.145	0.244234	0.00159619
6.15	0.238179	0.00167857
6.155	0.249907	0.00231276
6.16	0.255996	0.00250238
6.165	0.250906	0.00249246
6.17	0.250699	0.00132484
6.175	0.273379	0.00208834
6.18	0.25873	0.00211261
6.185	0.276839	0.00150894
6.19	0.276293	0.00198072
6.195	0.270661	0.00185849
6.2	0.262548	0.00142262
6.205	0.257609	0.00221729
6.21	0.262952	0.00176552
6.215	0.25941	0.00186879
6.22	0.281457	0.0022344
6.225	0.275021	0.00238635
6.23	0.281847	0.00212061
6.235	0.271881	0.0011235
6.24	0.294738	0.00202238
6.245	0.293566	0.00186729
6.25	0.295505	0.00129194
6.255	0.299693	0.00220461
6.26	0.295962	0.00235694
6.265	0.288054	0.00192569
6.27	0.290052	0.00199982
6.275	0.288961	0.00148882
6.28	0.297285	0.0018865
6.285	0.305227	0.00200536
6.29	0.295493	0.00234803
6.295	0.305709	0.00213222
6.3	0.30879	0.00196125
6.305	0.320355	0.0018804
6.31	0.323301	0.00223886
6.315	0.321711	0.00166472
6.32	0.322131	0.00218221
6.325	0.32226	0.00142072
6.33	0.314737	0.0015711
6.335	0.317607	0.00217899
6.34	0.318712	0.00151793
6.345	0.324964	0.00217815
6.35	0.336095	0.00240163
6.355	0.322245	0.00233542
6.36	0.334736	0.00230446
6.365	0.350976	0.0017585
6.37	0.344216	0.00192398
6.375	0.350911	0.00221011
6.38	0.356131	0.00154831
6.385	0.350641	0.00198326
6.39	0.348905	0.0016593
6.395	0.34494	0.00206457
6.4	0.348974	0.00182987
6.405	0.348842	0.0017296
6.41	0.356139	0.0022487
6.415	0.36624	0.00229724
6.42	0.357183	0.00202792
6.425	0.364708	0.00158738
6.43	0.38811	0.00174537
6.435	0.372281	0.00196375
6.44	0.385482	0.00209663
6.445	0.386246	0.00164785
6.45	0.382598	0.00210841
6.455	0.380866	0.0015301
6.46	0.377153	0.00229419
6.465	0.380715	0.00212688
6.47	0.38093	0.00164406
6.475	0.388818	0.00189912
6.48	0.398597	0.00216827
6.485	0.38498	0.00209244
6.49	0.39962	0.00226133
6.495	0.407258	0.0019598
6.5	0.414206	0.00194649
6.505	0.421404	0.00219115
6.51	0.419207	0.00135219
6.515	0.420559	0.00221188
6.52	0.421744	0.00173682
6.525	0.412658	0.00165633
6.53	0.414393	0.00218078
6.535	0.413317	0.00168317
6.54	0.408385	0.00187552
6.545	0.432435	0.00239916
6.55	0.42725	0.00232777
6.555	0.435804	0.00222715
6.56	0.429069	0.00167538
6.565	0.454247	0.00201481
6.57	0.44146	0.00195426
6.575	0.464867	0.00194617
6.58	0.454381	0.00174042
6.585	0.456201	0.00208049
6.59	0.450909	0.00166953
6.595	0.448162	0.00202401
6.6	0.4529	0.00202179
6.605	0.450948	0.00176356
6.61	0.461149	0.00181216
6.615	0.467982	0.00191001
6.62	0.459907	0.00206158
6.625	0.471222	0.00174936
6.63	0.466583	0.00165595
6.635	0.493348	0.00229567
6.64	0.479486	0.00212502
6.645	0.505046	0.00227101
6.65	0.494215	0.00184417
6.655	0.492999	0.00203797
6.66	0.497591	0.00167376
6.665	0.489051	0.00182306
6.67	0.490663	0.00216013
6.675	0.489799	0.00206553
6.68	0.484635	0.00167584
6.685	0.500486	0.0019423
6.69	0.508419	0.0018317
6.695	0.499626	0.00200373
6.7	0.513373	0.00183924
6.705	0.521425	0.00185263
6.71	0.533265	0.00219484
6.715	0.532994	0.0023731
6.72	0.540137	0.00187074
6.725	0.533071	0.00210485
6.73	0.537744	0.00205837
6.735	0.539577	0.00166673
6.74	0.53067	0.00156645
6.745	0.533054	0.00208113
6.75	0.532141	0.0019453
6.755	0.527156	0.00168319
6.76	0.54244	0.00206619
6.765	0.551498	0.00216778
6.77	0.538379	0.0023294
6.775	0.558072	0.00204592
6.78	0.553661	0.00167931
6.785	0.58194	0.00206123
6.79	0.567212	0.00226788
6.795	0.583987	0.00228931
6.8	0.579166	0.00173636
6.805	0.589781	0.00257876
6.81	0.576574	0.00192487
6.815	0.582507	0.00161716
6.82	0.575951	0.00182189
6.825	0.576036	0.00209016
6.83	0.579455	0.00203781
6.835	0.572767	0.0015912
6.84	0.588898	0.00180119
6.845	0.593521	0.00178434
6.85	0.590991	0.00176604
6.855	0.58492	0.00190178
6.86	0.604863	0.00202489
6.865	0.614866	0.00175922
6.87	0.625692	0.00213534
6.875	0.61421	0.00220882
6.88	0.634198	0.00216844
6.885	0.629599	0.0015113
6.89	0.625824	0.00209989
6.895	0.631128	0.0022132
6.9	0.639051	0.00194446
6.905	0.628343	0.0017451
6.91	0.618643	0.00225731
6.915	0.629716	0.00213506
6.92	0.629226	0.00209239
6.925	0.624529	0.00169767
6.93	0.641872	0.00182672
6.935	0.646854	0.00184482
6.94	0.643048	0.00188906
6.945	0.634078	0.00213737
6.95	0.659219	0.00187146
6.955	0.653305	0.00189672
6.96	0.667323	0.00201176
6.965	0.679663	0.00231436
6.97	0.669172	0.0021985
6.975	0.67895	0.00220467
6.98	0.692958	0.00157076
6.985	0.685237	0.00185137
6.99	0.690767	0.00265737
6.995	0.696294	0.00201919
7	0.685789	0.00180118
7.005	0.680614	0.00157093
7.01	0.673097	0.00216553
7.015	0.686567	0.00202746
7.02	0.688926	0.00206032
7.025	0.680347	0.00173774
7.03	0.683814	0.00186078
7.035	0.703134	0.00187756
7.04	0.707742	0.00196784
7.045	0.703781	0.00228121
7.05	0.700397	0.00219534
7.055	0.701259	0.00243093
7.06	0.720325	0.00204082
7.065	0.718732	0.00166964
7.07	0.729126	0.00200421
7.075	0.744904	0.00227504
7.08	0.734322	0.0021063
7.085	0.745825	0.00204919
7.09	0.746597	0.0021098
7.095	0.748679	0.00142064
7.1	0.746239	0.00182108
7.105	0.756346	0.00249523
7.11	0.745133	0.0020131
7.115	0.759379	0.00189548
7.12	0.751681	0.00176285
7.125	0.747249	0.00186076
7.13	0.746545	0.00217414
7.135	0.748128	0.00228223
7.14	0.753973	0.00218373
7.145	0.759072	0.00192195
7.15	0.754999	0.00158145
7.155	0.752824	0.0017995
7.16	0.77409	0.00184481
7.165	0.771195	0.00197594
7.17	0.778301	0.00182373
7.175	0.77538	0.00210288
7.18	0.773179	0.0018802
7.185	0.773745	0.00191917
7.19	0.769528	0.00167452
7.195	0.799419	0.00210765
7.2	0.793604	0.00195507
7.205	0.794434	0.00183142
7.21	0.8089	0.00197374
7.215	0.825423	0.00201528
7.22	0.811847	0.00249389
7.225	0.807493	0.00213002
7.23	0.803349	0.00220213
7.235	0.825048	0.00209567
7.24	0.831149	0.00209575
7.245	0.819068	0.00211555
7.25	0.829996	0.00147566
7.255	0.828353	0.00168733
7.26	0.825368	0.00201962
7.265	0.841909	0.00276951
7.27	0.832865	0.00243541
7.275	0.830813	0.00186589
7.28	0.848883	0.00186048
7.285	0.842875	0.00182207
7.29	0.838258	0.00183087
7.295	0.837793	0.00195957
7.3	0.838808	0.00252758
7.305	0.840314	0.00218514
7.31	0.836209	0.00217079
7.315	0.848758	0.00214638
7.32	0.854012	0.00236481
7.325	0.853195	0.00226981
7.33	0.85393	0.00181327
7.335	0.862002	0.00201088
7.34	0.860776	0.00172986
7.345	0.858877	0.00167133
7.35	0.856706	0.00183358
7.355	0.862192	0.0019801
7.36	0.865976	0.00204259
7.365	0.869106	0.00206293
7.37	0.87256	0.00194297
7.375	0.894721	0.0019462
7.38	0.888927	0.00205828
7.385	0.886965	0.00209203
7.39	0.88102	0.00204911
7.395	0.899321	0.00205796
7.4	0.895197	0.0017806
7.405	0.895864	0.00192499
7.41	0.895224	0.00187444
7.415	0.895969	0.00239811
7.42	0.897573	0.00204505
7.425	0.899609	0.00192721
7.43	0.902002	0.00204405
7.435	0.904506	0.00203181
7.44	0.906864	0.00202283
7.445	0.909665	0.00193102
7.45	0.912053	0.00200093
7.455	0.91466	0.00203224
7.46	0.909367	0.00215384
7.465	0.915391	0.00191613
7.47	0.919707	0.00198662
7.475	0.923019	0.0020248
7.48	0.925945	0.00211246
7.485	0.928512	0.00196147
7.49	0.931284	0.00209384
7.495	0.934303	0.00222134
7.5	0.936934	0.00194873
7.505	0.937202	0.00174158
7.51	0.940278	0.00178993
7.515	0.942451	0.00191937
7.52	0.945999	0.00227028
7.525	0.94671	0.00222216
7.53	0.949919	0.00200064
7.535	0.952845	0.0019733
7.54	0.955123	0.00201515
7.545	0.957856	0.00203399
7.55	0.960163	0.00208337
7.555	0.962566	0.00204259
7.56	0.964836	0.00210654
7.565	0.97518	0.0020759
7.57	0.974262	0.00205971
7.575	0.974843	0.00207596
7.58	0.976015	0.00203286
7.585	0.977433	0.002033
7.59	0.9795	0.00206565
7.595	0.981984	0.0022633
7.6	0.984073	0.0019653
7.605	0.986301	0.00239808
7.61	0.989312	0.00181334
7.615	0.991602	0.00200558
7.62	0.99089	0.00201145
7.625	0.993925	0.00233897
7.63	0.977872	0.00223863
7.635	0.994619	0.00221338
7.64	0.99859	0.00217258
7.645	1.00394	0.00210585
7.65	0.980613	0.00219728
7.655	0.994415	0.00215457
7.66	1.00358	0.00202894
7.665	1.00936	0.00208923
7.67	1.01223	0.0019691
7.675	1.02072	0.00197649
7.68	1.02444	0.00237909
7.685	1.0259	0.00239372
7.69	1.01619	0.0022344
7.695	1.02304	0.00264896
7.7	1.02854	0.00223406
7.705	1.02561	0.00193997
7.71	1.02085	0.00191564
7.715	1.03515	0.00189852
7.72	1.03727	0.00176041
7.725	1.04016	0.00152604
7.73	1.04004	0.00168607
7.735	1.04474	0.00183701
7.74	1.04555	0.00201238
7.745	1.01935	0.00216671
7.75	1.03319	0.00258311
7.755	1.04491	0.0027177
7.76	1.01873	0.00101401
7.765	1.03633	0.00140196
7.77	1.03785	0.00164523
7.775	1.02446	0.00240506
7.78	1.04489	0.0023069
7.785	1.03052	0.0025173
7.79	1.013	0.00231426
7.795	1.0409	0.00202193
7.8	1.04618	0.00210593
7.805	1.05749	0.00148562
7.81	1.02251	0.0017621
7.815	1.02027	0.00179647
7.82	1.03828	0.00187854
7.825	1.05438	0.00202653
7.83	1.022	0.0015317
7.835	1.05634	0.00215565
7.84	1.06966	0.00198348
7.845	1.07604	0.00254611
7.85	1.07742	0.00185243
7.855	1.06407	0.00225372
7.86	1.07782	0.00218752
7.865	1.05396	0.00223715
7.87	1.07652	0.00179645
7.875	1.08816	0.00257279
7.88	1.0814	0.00261592
7.885	1.08483	0.00244419
7.89	1.08828	0.00186651
7.895	1.09569	0.00156664
7.9	1.09718	0.0017245
7.905	1.10305	0.00204613
7.91	1.07196	0.0020942
7.915	1.09274	0.00244694
7.92	1.06941	0.00105266
7.925	1.07832	0.00151938
7.93	1.07042	0.0024435
7.935	1.06768	0.00251658
7.94	1.05365	0.0024331
7.945	1.07654	0.00208003
7.95	1.04789	0.00170461
7.955	1.05419	0.00189595
7.96	1.07735	0.0025616
7.965	1.05979	0.0024616
7.97	1.08553	0.00188919
7.975	1.10465	0.00203054
7.98	1.1103	0.00162954
7.985	1.09837	0.00186976
7.99	1.08131	0.00217666
7.995	1.10411	0.00212031
8	1.12432	0.00252298
8.005	1.11718	0.00244674
8.01	1.10925	0.00207116
8.015	1.12814	0.00163465
8.02	1.12988	0.00250483
8.025	1.13458	0.00234103
8.03	1.10506	0.00278128
8.035	1.0906	0.0011996
8.04	1.10358	0.00171804
8.045	1.07079	0.00256131
8.05	1.06858	0.00276679
8.055	1.09681	0.0022684
8.06	1.07045	0.00146423
8.065	1.06957	0.00185505
8.07	1.10304	0.00182575
8.075	1.07531	0.00193763
8.08	1.11826	0.00200666
8.085	1.12886	0.00211395
8.09	1.11806	0.0022896
8.095	1.10207	0.00248922
8.1	1.13052	0.0024606
8.105	1.13082	0.00280347
8.11	1.1265	0.00206715
8.115	1.14732	0.00155833
8.12	1.15237	0.0018579
8.125	1.11925	0.00219221
8.13	1.10649	0.0018777
8.135	1.12103	0.00141902
8.14	1.11568	0.00248394
8.145	1.07047	0.00270133
8.15	1.10775	0.00177116
8.155	1.08071	0.00158456
8.16	1.08303	0.00185297
8.165	1.07006	0.00142947
8.17	1.12105	0.00205993
8.175	1.13738	0.00229189
8.18	1.12811	0.00252576
8.185	1.11377	0.00240506
8.19	1.1448	0.00258959
8.195	1.14466	0.0025388
8.2	1.14472	0.00182746
8.205	1.15259	0.00180244
8.21	1.12964	0.00247837
8.215	1.15416	0.00334583
8.22	1.11391	0.0011826
8.225	1.11661	0.00215978
8.23	1.07452	0.00259684
8.235	1.11467	0.00171972
8.24	1.05789	0.00215304
8.245	1.10284	0.00134808
8.25	1.08448	0.00243776
8.255	1.13539	0.00317548
8.26	1.12414	0.00138036
8.265	1.11416	0.0020916
8.27	1.14713	0.00172815
8.275	1.14892	0.00265895
8.28	1.15024	0.00217144
8.285	1.15949	0.00259896
8.29	1.13465	0.00291186
8.295	1.12167	0.00304447
8.3	1.1379	0.0023247
8.305	1.10085	0.00204142
8.31	1.09903	0.0017897
8.315	1.07097	0.000887381
8.32	1.081	0.00153841
8.325	1.07436	0.00194152
8.33	1.13017	0.00223743
8.335	1.12136	0.00238017
8.34	1.11286	0.0023138
8.345	1.14704	0.00246433
8.35	1.14976	0.00259333
8.355	1.15128	0.00175575
8.36	1.16027	0.00172648
8.365	1.13356	0.00216864
8.37	1.12366	0.00229025
8.375	1.13925	0.00195395
8.38	1.0588	0.00269185
8.385	1.10876	0.00206578
8.39	1.05485	0.00122867
8.395	1.10246	0.00152714
8.4	1.09177	0.00238552
8.405	1.13426	0.00201599
8.41	1.12202	0.00213246
8.415	1.11208	0.00247857
8.42	1.13011	0.00250018
8.425	1.13565	0.00238041
8.43	1.14089	0.00221414
8.435	1.13936	0.00305413
8.44	1.12294	0.0024279
8.445	1.13792	0.00265771
8.45	1.05536	0.00232976
8.455	1.10112	0.00246209
8.46	1.04944	0.00229444
8.465	1.09795	0.0029359
8.47	1.08641	0.00234389
8.475	1.12064	0.00151675
8.48	1.08038	0.00166281
8.485	1.12603	0.00203511
8.49	1.13427	0.00246695
8.495	1.1386	0.0019977
8.5	1.14957	0.00257322
8.505	1.12397	0.00283459
8.51	1.11256	0.00254396
8.515	1.09912	0.00247428
8.52	1.0608	0.00273217
8.525	1.04686	0.00195716
8.53	1.05917	0.0025306
8.535	1.05417	0.00114627
8.54	1.11426	0.00235468
8.545	1.10262	0.00173959
8.55	1.09538	0.00214
8.555	1.11107	0.00258873
8.56	1.11884	0.00159926
8.565	1.12355	0.00126408
8.57	1.12076	0.00228471
8.575	1.10511	0.00186349
8.58	1.08713	0.00223853
8.585	1.04845	0.00260945
8.59	1.09286	0.00140807
8.595	1.02479	0.00169807
8.6	1.03006	0.00230976
8.605	1.09298	0.00334694
8.61	1.08465	0.00210081
8.615	1.07975	0.00237966
8.62	1.09633	0.00192598
8.625	1.10311	0.00258227
8.63	1.10816	0.00247494
8.635	1.10599	0.0027168
8.64	1.09199	0.0026839
8.645	1.07212	0.00228433
8.65	1.03416	0.00280979
8.655	1.05665	0.0022736
8.66	1.01696	0.00266468
8.665	1.01845	0.00214815
8.67	1.08109	0.00207969
8.675	1.0691	0.00154752
8.68	1.06497	0.00172807
8.685	1.07976	0.00259212
8.69	1.08909	0.00183261
8.695	1.1029	0.00233588
8.7	1.07924	0.00330284
8.705	1.0688	0.00257538
8.71	1.05473	0.00235722
8.715	1.0179	0.00228846
8.72	0.998381	0.00239072
8.725	1.01472	0.00230684
8.73	1.01328	0.00238493
8.735	1.0642	0.00143377
8.74	1.05173	0.00210379
8.745	1.04354	0.00155364
8.75	1.06085	0.00263852
8.755	1.06893	0.00211213
8.76	1.08247	0.00204653
8.765	1.05918	0.00206699
8.77	1.03042	0.000505546
8.775	1.0076	0.00285994
8.78	0.997594	0.00291076
8.785	0.957725	0.00125102
8.79	1.01417	0.00367332
8.795	1.00264	0.00255342
8.8	1.03785	0.00192465
8.805	0.996089	0.00199116
8.81	1.0398	0.0021503
8.815	1.04066	0.00277346
8.82	1.05478	0.0017099
8.825	1.06318	0.0027318
8.83	1.03996	0.00311292
8.835	1.0085	0.00216258
8.84	0.938536	0.00296276
8.845	0.994821	0.00223223
8.85	0.936301	0.00190949
8.855	0.95563	0.00320322
8.86	0.999234	0.00312012
8.865	0.994877	0.000966759
8.87	0.988067	0.00169821
8.875	1.02278	0.00130489
8.88	1.00358	0.00279309
8.885	1.03656	0.00210758
8.89	1.00335	0.00245228
8.895	0.989555	0.00261193
8.9	0.975032	0.00284468
8.905	0.938145	0.00287987
8.91	0.979979	0.00240196
8.915	0.913443	0.00236539
8.92	0.919159	0.000744438
8.925	0.976614	0.00192699
8.93	0.965068	0.00207748
8.935	0.961003	0.00208321
8.94	0.974764	0.00244099
8.945	0.98005	0.0026568
8.95	1.0075	0.00160827
8.955	0.972492	0.00275426
8.96	0.960274	0.00159564
8.965	0.976282	0.00214873
8.97	0.893349	0.00256475
8.975	0.940838	0.0016549
8.98	0.878809	0.00196715
8.985	0.896273	0.00235551
8.99	0.935643	0.00299542
8.995	0.932418	0.00189076
9	0.922209	0.00205499
9.005	0.953966	0.00156725
9.01	0.950038	0.0031825
9.015	0.959128	0.00185922
9.02	0.967008	0.00246402
9.025	0.942105	0.00350963
9.03	0.910381	0.0021638
9.035	0.885304	0.00289105
9.04	0.892316	0.00245969
9.045	0.859844	0.00257188
9.05	0.87101	0.00203393
9.055	0.866699	0.0029267
9.06	0.913273	0.00270212
9.065	0.897605	0.00211949
9.07	0.890945	0.00147074
9.075	0.900121	0.00193925
9.08	0.907004	0.00197487
9.085	0.908661	0.00190347
9.09	0.904843	0.00238765
9.095	0.885831	0.00238191
9.1	0.899132	0.00275633
9.105	0.819948	0.00286343
9.11	0.861179	0.00253913
9.115	0.807797	0.00159625
9.12	0.854539	0.00260969
9.125	0.838588	0.0018888
9.13	0.876727	0.00199165
9.135	0.857225	0.00221698
9.14	0.85021	0.00217953
9.145	0.856018	0.00247249
9.15	0.861592	0.00233206
9.155	0.885787	0.0021413
9.16	0.884432	0.00273545
9.165	0.858467	0.00319618
9.17	0.82455	0.000605425
9.175	0.799502	0.00277045
9.18	0.806537	0.002606
9.185	0.777615	0.00201542
9.19	0.785313	0.00228547
9.195	0.778935	0.00198503
9.2	0.821735	0.00207735
9.205	0.834893	0.00223783
9.21	0.785844	0.00203226
9.215	0.818854	0.00248425
9.22	0.820635	0.00293584
9.225	0.819033	0.00210013
9.23	0.816236	0.00204172
9.235	0.841671	0.00219246
9.24	0.811782	0.00325617
9.245	0.778419	0.00239075
9.25	0.750235	0.00238632
9.255	0.756116	0.00271771
9.26	0.780339	0.00220633
9.265	0.714085	0.00229796
9.27	0.728082	0.00200789
9.275	0.758554	0.00285749
9.28	0.785763	0.00267962
9.285	0.760646	0.00261217
9.29	0.750081	0.00230559
9.295	0.770507	0.00211882
9.3	0.771686	0.00272218
9.305	0.763484	0.00175856
9.31	0.761761	0.00209252
9.315	0.785505	0.00300124
9.32	0.75622	0.0029169
9.325	0.728738	0.00204894
9.33	0.719318	0.00218066
9.335	0.684196	0.00264025
9.34	0.715357	0.0021386
9.345	0.687586	0.00195206
9.35	0.690164	0.00249808
9.355	0.67861	0.00226013
9.36	0.713297	0.00198333
9.365	0.723105	0.00232826
9.37	0.70615	0.00226306
9.375	0.694176	0.00193761
9.38	0.710807	0.00180144
9.385	0.709165	0.00295822
9.39	0.703612	0.00258284
9.395	0.716641	0.00232817
9.4	0.71111	0.00269934
9.405	0.685235	0.00304544
9.41	0.67273	0.00252249
9.415	0.679987	0.00184556
9.42	0.642004	0.00237203
9.425	0.640914	0.00263912
9.43	0.659089	0.00218181
9.435	0.629168	0.00194913
9.44	0.628074	0.00220758
9.445	0.625048	0.00205549
9.45	0.641824	0.00231291
9.455	0.663359	0.00273557
9.46	0.661739	0.00220442
9.465	0.642303	0.00217416
9.47	0.626453	0.00222554
9.475	0.643303	0.00161571
9.48	0.635702	0.00317671
9.485	0.629659	0.00273856
9.49	0.642919	0.00213453
9.495	0.636254	0.00222949
9.5	0.643978	0.00238977
9.505	0.615052	0.00298063
9.51	0.600747	0.00168858
9.515	0.605918	0.00237717
9.52	0.59346	0.00266275
9.525	0.556572	0.00285423
9.53	0.592217	0.0021933
9.535	0.59391	0.00252179
9.54	0.559868	0.00217135
9.545	0.554546	0.0022567
9.55	0.579869	0.00195481
9.555	0.55219	0.00294468
9.56	0.576274	0.00259665
9.565	0.586948	0.00309071
9.57	0.563045	0.00281564
9.575	0.570864	0.00168618
9.58	0.54969	0.00216467
9.585	0.562186	0.00210815
9.59	0.569459	0.00239563
9.595	0.559025	0.00325869
9.6	0.546996	0.00278899
9.605	0.556842	0.00220948
9.61	0.562127	0.00221161
9.615	0.549853	0.00255356
9.62	0.552991	0.00279141
9.625	0.526674	0.00323907
9.63	0.54188	0.00247924
9.635	0.511529	0.00247876
9.64	0.517475	0.00164525
9.645	0.502812	0.00228624
9.65	0.498557	0.00240456
9.655	0.483703	0.00265556
9.66	0.503894	0.00250001
9.665	0.503266	0.00200787
9.67	0.467616	0.00231913
9.675	0.462458	0.00223741
9.68	0.485872	0.00252629
9.685	0.496151	0.00239682
9.69	0.465465	0.00243346
9.695	0.478401	0.00223761
9.7	0.488599	0.00246025
9.705	0.490065	0.00232707
9.71	0.482388	0.00221238
9.715	0.458936	0.00272514
9.72	0.47152	0.00214769
9.725	0.447975	0.00251933
9.73	0.462455	0.00236595
9.735	0.462864	0.00227473
9.74	0.462522	0.00240627
9.745	0.453098	0.00255336
9.75	0.454553	0.00305034
9.755	0.448491	0.00280823
9.76	0.441853	0.00253745
9.765	0.443534	0.00214911
9.77	0.446114	0.00211953
9.775	0.443921	0.00232227
9.78	0.429686	0.00252666
9.785	0.432405	0.00243084
9.79	0.431765	0.00284772
9.795	0.405303	0.00266513
9.8	0.416087	0.0030526
9.805	0.420612	0.00271188
9.81	0.394708	0.00215187
9.815	0.400483	0.00247258
9.82	0.403411	0.002487
9.825	0.399261	0.00178379
9.83	0.402782	0.00211642
9.835	0.378017	0.00238188
9.84	0.388966	0.00252176
9.845	0.37301	0.00263639
9.85	0.356368	0.00226126
9.855	0.370703	0.00259156
9.86	0.378639	0.00265035
9.865	0.381029	0.00236195
9.87	0.379832	0.00237583
9.875	0.364809	0.0024488
9.88	0.368521	0.00225648
9.885	0.368442	0.00221254
9.89	0.333948	0.00236377
9.895	0.343024	0.00246961
9.9	0.350762	0.00235964
9.905	0.332395	0.00229749
9.91	0.342452	0.00235715
9.915	0.343046	0.0021617
9.92	0.344176	0.00256332
9.925	0.344208	0.00249248
9.93	0.341951	0.00253965
9.935	0.339783	0.00251499
9.94	0.337204	0.00244707
9.945	0.334275	0.00226936
9.95	0.331041	0.00237142
9.955	0.328151	0.00248765
9.96	0.304234	0.0023511
9.965	0.31151	0.0021441
9.97	0.313841	0.00236538
9.975	0.313778	0.00234206
9.98	0.305649	0.0023944
9.985	0.306715	0.00234101
9.99	0.30572	0.00247725
9.995	0.304109	0.00236152
10	0.301611	0.00250866
