-14.714
-14.4335
-14.1586
-13.8891
-13.6248
-13.3658
-13.1118
-12.8628
-12.6186
-12.3793
-12.1446
-11.9146
-11.6891
-11.468
-11.2512
-11.0386
-10.8303
-10.626
-10.4257
-10.2294
-10.0369
-9.8482
-9.66318
-9.48179
-9.30395
-9.12961
-8.95868
-8.79111
-8.62681
-8.46575
-8.30784
-8.15302
-8.00124
-7.85244
-7.70655
-7.56353
-7.42331
-7.28584
-7.15106
-7.01893
-6.88939
-6.76239
-6.63788
-6.51581
-6.39613
-6.2788
-6.16377
-6.051
-5.94043
-5.83204
-5.72577
-5.62158
-5.51944
-5.4193
-5.32113
-5.22487
-5.13051
-5.038
-4.9473
-4.85837
-4.7712
-4.68573
-4.60194
-4.51979
-4.43925
-4.36029
-4.28288
-4.20698
-4.13258
-4.05963
-3.98811
-3.918
-3.84926
-3.78187
-3.7158
-3.65103
-3.58752
-3.52526
-3.46422
-3.40438
-3.34571
-3.2882
-3.23181
-3.17652
-3.12232
-3.06918
-3.01709
-2.96601
-2.91594
-2.86685
-2.81872
-2.77154
-2.72528
-2.67993
-2.63546
-2.59187
-2.54913
-2.50724
-2.46616
-2.42589
-2.3864
-2.3477
-2.30975
-2.27254
-2.23607
-2.20031
-2.16525
-2.13088
-2.09718
-2.06414
-2.03175
-2
-1.96875
-1.9375
-1.90625
-1.875
-1.84375
-1.8125
-1.78125
-1.75
-1.71875
-1.6875
-1.65625
-1.625
-1.59375
-1.5625
-1.53125
-1.5
-1.46875
-1.4375
-1.40625
-1.375
-1.34375
-1.3125
-1.28125
-1.25
-1.21875
-1.1875
-1.15625
-1.125
-1.09375
-1.0625
-1.03125
-1
-0.96875
-0.9375
-0.90625
-0.875
-0.84375
-0.8125
-0.78125
-0.75
-0.71875
-0.6875
-0.65625
-0.625
-0.59375
-0.5625
-0.53125
-0.5
-0.46875
-0.4375
-0.40625
-0.375
-0.34375
-0.3125
-0.28125
-0.25
-0.21875
-0.1875
-0.15625
-0.125
-0.09375
-0.0625
-0.03125
0
0.03125
0.0625
0.09375
0.125
0.15625
0.1875
0.21875
0.25
0.28125
0.3125
0.34375
0.375
0.40625
0.4375
0.46875
0.5
0.53125
0.5625
0.59375
0.625
0.65625
0.6875
0.71875
0.75
0.78125
0.8125
0.84375
0.875
0.90625
0.9375
0.96875
1
1.03125
1.0625
1.09375
1.125
1.15625
1.1875
1.21875
1.25
1.28125
1.3125
1.34375
1.375
1.40625
1.4375
1.46875
1.5
1.53125
1.5625
1.59375
1.625
1.65625
1.6875
1.71875
1.75
1.78125
1.8125
1.84375
1.875
1.90625
1.9375
1.96875
2
2.03175
2.06414
2.09718
2.13088
2.16525
2.20031
2.23607
2.27254
2.30975
2.3477
2.3864
2.42589
2.46616
2.50724
2.54913
2.59187
2.63546
2.67993
2.72528
2.77154
2.81872
2.86685
2.91594
2.96601
3.01709
3.06918
3.12232
3.17652
3.23181
3.2882
3.34571
3.40438
3.46422
3.52526
3.58752
3.65103
3.7158
3.78187
3.84926
3.918
3.98811
4.05963
4.13258
4.20698
4.28288
4.36029
4.43925
4.51979
4.60194
4.68573
4.7712
4.85837
4.9473
5.038
5.13051
5.22487
5.32113
5.4193
5.51944
5.62158
5.72577
5.83204
5.94043
6.051
6.16377
6.2788
6.39613
6.51581
6.63788
6.76239
6.88939
7.01893
7.15106
7.28584
7.42331
7.56353
7.70655
7.85244
8.00124
8.15302
8.30784
8.46575
8.62681
8.79111
8.95868
9.12961
9.30395
9.48179
9.66318
9.8482
10.0369
10.2294
10.4257
10.626
10.8303
11.0386
11.2512
11.468
11.6891
11.9146
12.1446
12.3793
12.6186
12.8628
13.1118
13.3658
13.6248
13.8891
14.1586
14.4335
14.714
