-14.857
-14.5738
-14.2961
-14.0238
-13.757
-13.4953
-13.2388
-12.9873
-12.7407
-12.499
-12.262
-12.0296
-11.8018
-11.5785
-11.3596
-11.1449
-10.9345
-10.7282
-10.5259
-10.3276
-10.1332
-9.94255
-9.75569
-9.57248
-9.39287
-9.21678
-9.04414
-8.87489
-8.70896
-8.54628
-8.38679
-8.23043
-8.07713
-7.92684
-7.7795
-7.63504
-7.49342
-7.35457
-7.21845
-7.085
-6.95416
-6.82589
-6.70013
-6.57684
-6.45597
-6.33747
-6.22129
-6.10738
-5.99572
-5.88624
-5.7789
-5.67368
-5.57051
-5.46937
-5.37021
-5.273
-5.17769
-5.08425
-4.99265
-4.90284
-4.81479
-4.72846
-4.64383
-4.56086
-4.47952
-4.39977
-4.32158
-4.24493
-4.16978
-4.0961
-4.02387
-3.95306
-3.88363
-3.81557
-3.74883
-3.68341
-3.61927
-3.55639
-3.49474
-3.4343
-3.37505
-3.31695
-3.26
-3.20416
-3.14942
-3.09575
-3.04314
-2.99155
-2.94098
-2.8914
-2.84279
-2.79513
-2.74841
-2.7026
-2.65769
-2.61367
-2.5705
-2.52818
-2.4867
-2.44602
-2.40615
-2.36705
-2.32872
-2.29115
-2.25431
-2.21819
-2.18278
-2.14806
-2.11403
-2.08066
-2.04795
-2.01588
-1.98438
-1.95312
-1.92188
-1.89062
-1.85938
-1.82812
-1.79688
-1.76562
-1.73438
-1.70312
-1.67188
-1.64062
-1.60938
-1.57812
-1.54688
-1.51562
-1.48438
-1.45312
-1.42188
-1.39062
-1.35938
-1.32812
-1.29688
-1.26562
-1.23438
-1.20312
-1.17188
-1.14062
-1.10938
-1.07812
-1.04688
-1.01562
-0.984375
-0.953125
-0.921875
-0.890625
-0.859375
-0.828125
-0.796875
-0.765625
-0.734375
-0.703125
-0.671875
-0.640625
-0.609375
-0.578125
-0.546875
-0.515625
-0.484375
-0.453125
-0.421875
-0.390625
-0.359375
-0.328125
-0.296875
-0.265625
-0.234375
-0.203125
-0.171875
-0.140625
-0.109375
-0.078125
-0.046875
-0.015625
0.015625
0.046875
0.078125
0.109375
0.140625
0.171875
0.203125
0.234375
0.265625
0.296875
0.328125
0.359375
0.390625
0.421875
0.453125
0.484375
0.515625
0.546875
0.578125
0.609375
0.640625
0.671875
0.703125
0.734375
0.765625
0.796875
0.828125
0.859375
0.890625
0.921875
0.953125
0.984375
1.01562
1.04688
1.07812
1.10938
1.14062
1.17188
1.20312
1.23438
1.26562
1.29688
1.32812
1.35938
1.39062
1.42188
1.45312
1.48438
1.51562
1.54688
1.57812
1.60938
1.64062
1.67188
1.70312
1.73438
1.76562
1.79688
1.82812
1.85938
1.89062
1.92188
1.95312
1.98438
2.01588
2.04795
2.08066
2.11403
2.14806
2.18278
2.21819
2.25431
2.29115
2.32872
2.36705
2.40615
2.44602
2.4867
2.52818
2.5705
2.61367
2.65769
2.7026
2.74841
2.79513
2.84279
2.8914
2.94098
2.99155
3.04314
3.09575
3.14942
3.20416
3.26
3.31695
3.37505
3.4343
3.49474
3.55639
3.61927
3.68341
3.74883
3.81557
3.88363
3.95306
4.02387
4.0961
4.16978
4.24493
4.32158
4.39977
4.47952
4.56086
4.64383
4.72846
4.81479
4.90284
4.99265
5.08425
5.17769
5.273
5.37021
5.46937
5.57051
5.67368
5.7789
5.88624
5.99572
6.10738
6.22129
6.33747
6.45597
6.57684
6.70013
6.82589
6.95416
7.085
7.21845
7.35457
7.49342
7.63504
7.7795
7.92684
8.07713
8.23043
8.38679
8.54628
8.70896
8.87489
9.04414
9.21678
9.39287
9.57248
9.75569
9.94255
10.1332
10.3276
10.5259
10.7282
10.9345
11.1449
11.3596
11.5785
11.8018
12.0296
12.262
12.499
12.7407
12.9873
13.2388
13.4953
13.757
14.0238
14.2961
14.5738
14.857
