-14.2666
-13.568
-12.9028
-12.2692
-11.6658
-11.0911
-10.5438
-10.0226
-9.52617
-9.05339
-8.60312
-8.17429
-7.76588
-7.37692
-7.00649
-6.65369
-6.31769
-5.99769
-5.69293
-5.40268
-5.12626
-4.863
-4.61227
-4.37348
-4.14606
-3.92948
-3.7232
-3.52675
-3.33966
-3.16147
-2.99177
-2.83015
-2.67622
-2.52963
-2.39001
-2.25705
-2.13041
-2.00981
-1.89495
-1.78556
-1.68138
-1.58215
-1.48766
-1.39766
-1.31195
-1.23032
-1.15258
-1.07854
-1.00802
-0.940867
-0.876908
-0.815995
-0.757983
-0.702732
-0.650113
-0.6
-0.547826
-0.495652
-0.443478
-0.391304
-0.33913
-0.286957
-0.234783
-0.182609
-0.130435
-0.0782609
-0.026087
0.026087
0.0782609
0.130435
0.182609
0.234783
0.286957
0.33913
0.391304
0.443478
0.495652
0.547826
0.6
0.650113
0.702732
0.757983
0.815995
0.876908
0.940867
1.00802
1.07854
1.15258
1.23032
1.31195
1.39766
1.48766
1.58215
1.68138
1.78556
1.89495
2.00981
2.13041
2.25705
2.39001
2.52963
2.67622
2.83015
2.99177
3.16147
3.33966
3.52675
3.7232
3.92948
4.14606
4.37348
4.61227
4.863
5.12626
5.40268
5.69293
5.99769
6.31769
6.65369
7.00649
7.37692
7.76588
8.17429
8.60312
9.05339
9.52617
10.0226
10.5438
11.0911
11.6658
12.2692
12.9028
13.568
14.2666
