-14.6333
-13.9173
-13.2354
-12.586
-11.9675
-11.3785
-10.8175
-10.2832
-9.77438
-9.28978
-8.82825
-8.38871
-7.97009
-7.5714
-7.19171
-6.83009
-6.48569
-6.15769
-5.84531
-5.54781
-5.26447
-4.99463
-4.73763
-4.49287
-4.25977
-4.03777
-3.82634
-3.62498
-3.4332
-3.25056
-3.07662
-2.91096
-2.75318
-2.60292
-2.45982
-2.32353
-2.19373
-2.07011
-1.95238
-1.84025
-1.73347
-1.63176
-1.53491
-1.44266
-1.35481
-1.27114
-1.19145
-1.11556
-1.04328
-0.974445
-0.908888
-0.846452
-0.786989
-0.730358
-0.676423
-0.625057
-0.573913
-0.521739
-0.469565
-0.417391
-0.365217
-0.313043
-0.26087
-0.208696
-0.156522
-0.104348
-0.0521739
6.93889e-18
0.0521739
0.104348
0.156522
0.208696
0.26087
0.313043
0.365217
0.417391
0.469565
0.521739
0.573913
0.625057
0.676423
0.730358
0.786989
0.846452
0.908888
0.974445
1.04328
1.11556
1.19145
1.27114
1.35481
1.44266
1.53491
1.63176
1.73347
1.84025
1.95238
2.07011
2.19373
2.32353
2.45982
2.60292
2.75318
2.91096
3.07662
3.25056
3.4332
3.62498
3.82634
4.03777
4.25977
4.49287
4.73763
4.99463
5.26447
5.54781
5.84531
6.15769
6.48569
6.83009
7.19171
7.5714
7.97009
8.38871
8.82825
9.28978
9.77438
10.2832
10.8175
11.3785
11.9675
12.586
13.2354
13.9173
14.6333
