-14.8516
-14.7048
-14.5593
-14.4153
-14.2728
-14.1316
-13.9919
-13.8535
-13.7165
-13.5809
-13.4466
-13.3136
-13.1819
-13.0516
-12.9225
-12.7947
-12.6682
-12.543
-12.4189
-12.2961
-12.1746
-12.0542
-11.935
-11.817
-11.7002
-11.5845
-11.4699
-11.3565
-11.2443
-11.1331
-11.023
-10.9141
-10.8062
-10.6993
-10.5936
-10.4888
-10.3851
-10.2825
-10.1808
-10.0802
-9.98056
-9.88191
-9.78423
-9.68752
-9.59177
-9.49696
-9.4031
-9.31016
-9.21814
-9.12704
-9.03683
-8.94752
-8.8591
-8.77155
-8.68486
-8.59904
-8.51406
-8.42993
-8.34662
-8.26415
-8.18249
-8.10164
-8.02159
-7.94233
-7.86385
-7.78616
-7.70923
-7.63306
-7.55765
-7.48299
-7.40906
-7.33587
-7.2634
-7.19164
-7.1206
-7.05027
-6.98062
-6.91167
-6.8434
-6.77581
-6.70888
-6.64262
-6.57702
-6.51206
-6.44775
-6.38407
-6.32103
-6.25861
-6.1968
-6.13561
-6.07503
-6.01504
-5.95565
-5.89684
-5.83862
-5.78098
-5.7239
-5.66739
-5.61144
-5.55605
-5.5012
-5.4469
-5.39313
-5.3399
-5.28719
-5.235
-5.18334
-5.13218
-5.08153
-5.03138
-4.98173
-4.93256
-4.88389
-4.8357
-4.78798
-4.74074
-4.69397
-4.64765
-4.6018
-4.5564
-4.51145
-4.46695
-4.42288
-4.37925
-4.33606
-4.29329
-4.25095
-4.20902
-4.16751
-4.12641
-4.08572
-4.04543
-4.00554
-3.96604
-3.92694
-3.88822
-3.84989
-3.81193
-3.77435
-3.73715
-3.70031
-3.66383
-3.62772
-3.59197
-3.55656
-3.52151
-3.48681
-3.45245
-3.41843
-3.38475
-3.3514
-3.31838
-3.28569
-3.25332
-3.22127
-3.18954
-3.15812
-3.12702
-3.09622
-3.06573
-3.03554
-3.00565
-2.97605
-2.94675
-2.91774
-2.88901
-2.86057
-2.83241
-2.80453
-2.77692
-2.74959
-2.72253
-2.69574
-2.66921
-2.64295
-2.61694
-2.5912
-2.5657
-2.54046
-2.51547
-2.49073
-2.46623
-2.44198
-2.41796
-2.39419
-2.37064
-2.34734
-2.32426
-2.30141
-2.27878
-2.25639
-2.23421
-2.21225
-2.19051
-2.16898
-2.14767
-2.12657
-2.10568
-2.08499
-2.06451
-2.04424
-2.02416
-2.00428
-1.9846
-1.96511
-1.94582
-1.92672
-1.9078
-1.88908
-1.87054
-1.85218
-1.83401
-1.81601
-1.79819
-1.78055
-1.76309
-1.74579
-1.72867
-1.71172
-1.69493
-1.67831
-1.66186
-1.64557
-1.62944
-1.61347
-1.59766
-1.582
-1.5665
-1.55116
-1.53596
-1.52092
-1.50602
-1.49127
-1.47667
-1.46221
-1.4479
-1.43373
-1.41969
-1.4058
-1.39205
-1.37843
-1.36494
-1.35159
-1.33837
-1.32528
-1.31232
-1.29949
-1.28679
-1.27421
-1.26176
-1.24943
-1.23722
-1.22514
-1.21317
-1.20132
-1.18959
-1.17797
-1.16647
-1.15509
-1.14381
-1.13265
-1.1216
-1.11066
-1.09983
-1.0891
-1.07848
-1.06796
-1.05755
-1.04725
-1.03704
-1.02694
-1.01693
-1.00703
-0.997218
-0.987508
-0.977894
-0.968375
-0.95895
-0.949618
-0.940379
-0.931232
-0.922175
-0.913207
-0.904329
-0.895538
-0.886834
-0.878217
-0.869685
-0.861237
-0.852873
-0.844592
-0.836392
-0.828274
-0.820237
-0.812279
-0.804399
-0.796598
-0.788874
-0.781226
-0.773655
-0.766158
-0.758735
-0.751386
-0.74411
-0.736905
-0.729772
-0.72271
-0.715717
-0.708794
-0.701939
-0.695153
-0.688433
-0.68178
-0.675193
-0.668671
-0.662213
-0.65582
-0.649489
-0.643222
-0.637016
-0.630872
-0.624789
-0.618766
-0.612803
-0.606899
-0.601053
-0.595265
-0.589534
-0.58386
-0.578243
-0.57268
-0.567173
-0.561721
-0.556322
-0.550977
-0.545685
-0.540445
-0.535257
-0.530121
-0.525035
-0.52
-0.515
-0.51
-0.505
-0.5
-0.495
-0.49
-0.485
-0.48
-0.475
-0.47
-0.465
-0.46
-0.455
-0.45
-0.445
-0.44
-0.435
-0.43
-0.425
-0.42
-0.415
-0.41
-0.405
-0.4
-0.395
-0.39
-0.385
-0.38
-0.375
-0.37
-0.365
-0.36
-0.355
-0.35
-0.345
-0.34
-0.335
-0.33
-0.325
-0.32
-0.315
-0.31
-0.305
-0.3
-0.295
-0.29
-0.285
-0.28
-0.275
-0.27
-0.265
-0.26
-0.255
-0.25
-0.245
-0.24
-0.235
-0.23
-0.225
-0.22
-0.215
-0.21
-0.205
-0.2
-0.195
-0.19
-0.185
-0.18
-0.175
-0.17
-0.165
-0.16
-0.155
-0.15
-0.145
-0.14
-0.135
-0.13
-0.125
-0.12
-0.115
-0.11
-0.105
-0.1
-0.095
-0.09
-0.085
-0.08
-0.075
-0.07
-0.065
-0.06
-0.055
-0.05
-0.045
-0.04
-0.035
-0.03
-0.025
-0.02
-0.015
-0.01
-0.005
-3.38271e-17
0.005
0.01
0.015
0.02
0.025
0.03
0.035
0.04
0.045
0.05
0.055
0.06
0.065
0.07
0.075
0.08
0.085
0.09
0.095
0.1
0.105
0.11
0.115
0.12
0.125
0.13
0.135
0.14
0.145
0.15
0.155
0.16
0.165
0.17
0.175
0.18
0.185
0.19
0.195
0.2
0.205
0.21
0.215
0.22
0.225
0.23
0.235
0.24
0.245
0.25
0.255
0.26
0.265
0.27
0.275
0.28
0.285
0.29
0.295
0.3
0.305
0.31
0.315
0.32
0.325
0.33
0.335
0.34
0.345
0.35
0.355
0.36
0.365
0.37
0.375
0.38
0.385
0.39
0.395
0.4
0.405
0.41
0.415
0.42
0.425
0.43
0.435
0.44
0.445
0.45
0.455
0.46
0.465
0.47
0.475
0.48
0.485
0.49
0.495
0.5
0.505
0.51
0.515
0.52
0.525035
0.530121
0.535257
0.540445
0.545685
0.550977
0.556322
0.561721
0.567173
0.57268
0.578243
0.58386
0.589534
0.595265
0.601053
0.606899
0.612803
0.618766
0.624789
0.630872
0.637016
0.643222
0.649489
0.65582
0.662213
0.668671
0.675193
0.68178
0.688433
0.695153
0.701939
0.708794
0.715717
0.72271
0.729772
0.736905
0.74411
0.751386
0.758735
0.766158
0.773655
0.781226
0.788874
0.796598
0.804399
0.812279
0.820237
0.828274
0.836392
0.844592
0.852873
0.861237
0.869685
0.878217
0.886834
0.895538
0.904329
0.913207
0.922175
0.931232
0.940379
0.949618
0.95895
0.968375
0.977894
0.987508
0.997218
1.00703
1.01693
1.02694
1.03704
1.04725
1.05755
1.06796
1.07848
1.0891
1.09983
1.11066
1.1216
1.13265
1.14381
1.15509
1.16647
1.17797
1.18959
1.20132
1.21317
1.22514
1.23722
1.24943
1.26176
1.27421
1.28679
1.29949
1.31232
1.32528
1.33837
1.35159
1.36494
1.37843
1.39205
1.4058
1.41969
1.43373
1.4479
1.46221
1.47667
1.49127
1.50602
1.52092
1.53596
1.55116
1.5665
1.582
1.59766
1.61347
1.62944
1.64557
1.66186
1.67831
1.69493
1.71172
1.72867
1.74579
1.76309
1.78055
1.79819
1.81601
1.83401
1.85218
1.87054
1.88908
1.9078
1.92672
1.94582
1.96511
1.9846
2.00428
2.02416
2.04424
2.06451
2.08499
2.10568
2.12657
2.14767
2.16898
2.19051
2.21225
2.23421
2.25639
2.27878
2.30141
2.32426
2.34734
2.37064
2.39419
2.41796
2.44198
2.46623
2.49073
2.51547
2.54046
2.5657
2.5912
2.61694
2.64295
2.66921
2.69574
2.72253
2.74959
2.77692
2.80453
2.83241
2.86057
2.88901
2.91774
2.94675
2.97605
3.00565
3.03554
3.06573
3.09622
3.12702
3.15812
3.18954
3.22127
3.25332
3.28569
3.31838
3.3514
3.38475
3.41843
3.45245
3.48681
3.52151
3.55656
3.59197
3.62772
3.66383
3.70031
3.73715
3.77435
3.81193
3.84989
3.88822
3.92694
3.96604
4.00554
4.04543
4.08572
4.12641
4.16751
4.20902
4.25095
4.29329
4.33606
4.37925
4.42288
4.46695
4.51145
4.5564
4.6018
4.64765
4.69397
4.74074
4.78798
4.8357
4.88389
4.93256
4.98173
5.03138
5.08153
5.13218
5.18334
5.235
5.28719
5.3399
5.39313
5.4469
5.5012
5.55605
5.61144
5.66739
5.7239
5.78098
5.83862
5.89684
5.95565
6.01504
6.07503
6.13561
6.1968
6.25861
6.32103
6.38407
6.44775
6.51206
6.57702
6.64262
6.70888
6.77581
6.8434
6.91167
6.98062
7.05027
7.1206
7.19164
7.2634
7.33587
7.40906
7.48299
7.55765
7.63306
7.70923
7.78616
7.86385
7.94233
8.02159
8.10164
8.18249
8.26415
8.34662
8.42993
8.51406
8.59904
8.68486
8.77155
8.8591
8.94752
9.03683
9.12704
9.21814
9.31016
9.4031
9.49696
9.59177
9.68752
9.78423
9.88191
9.98056
10.0802
10.1808
10.2825
10.3851
10.4888
10.5936
10.6993
10.8062
10.9141
11.023
11.1331
11.2443
11.3565
11.4699
11.5845
11.7002
11.817
11.935
12.0542
12.1746
12.2961
12.4189
12.543
12.6682
12.7947
12.9225
13.0516
13.1819
13.3136
13.4466
13.5809
13.7165
13.8535
13.9919
14.1316
14.2728
14.4153
14.5593
14.7048
14.8516
