-14.9258
-14.7782
-14.6321
-14.4873
-14.3441
-14.2022
-14.0618
-13.9227
-13.785
-13.6487
-13.5137
-13.3801
-13.2478
-13.1168
-12.9871
-12.8586
-12.7315
-12.6056
-12.4809
-12.3575
-12.2353
-12.1144
-11.9946
-11.876
-11.7586
-11.6423
-11.5272
-11.4132
-11.3004
-11.1887
-11.0781
-10.9685
-10.8601
-10.7527
-10.6464
-10.5412
-10.437
-10.3338
-10.2317
-10.1305
-10.0304
-9.93124
-9.83307
-9.73588
-9.63964
-9.54437
-9.45003
-9.35663
-9.26415
-9.17259
-9.08194
-8.99218
-8.90331
-8.81532
-8.7282
-8.64195
-8.55655
-8.47199
-8.38828
-8.30539
-8.22332
-8.14206
-8.06161
-7.98196
-7.90309
-7.825
-7.74769
-7.67115
-7.59536
-7.52032
-7.44602
-7.37246
-7.29963
-7.22752
-7.15612
-7.08543
-7.01544
-6.94615
-6.87754
-6.80961
-6.74235
-6.67575
-6.60982
-6.54454
-6.47991
-6.41591
-6.35255
-6.28982
-6.2277
-6.16621
-6.10532
-6.04503
-5.98534
-5.92625
-5.86773
-5.8098
-5.75244
-5.69565
-5.63942
-5.58375
-5.52863
-5.47405
-5.42001
-5.36651
-5.31354
-5.2611
-5.20917
-5.15776
-5.10685
-5.05645
-5.00655
-4.95715
-4.90823
-4.85979
-4.81184
-4.76436
-4.71735
-4.67081
-4.62473
-4.5791
-4.53393
-4.4892
-4.44491
-4.40107
-4.35766
-4.31467
-4.27212
-4.22998
-4.18826
-4.14696
-4.10606
-4.06557
-4.02548
-3.98579
-3.94649
-3.90758
-3.86905
-3.83091
-3.79314
-3.75575
-3.71873
-3.68207
-3.64578
-3.60984
-3.57427
-3.53904
-3.50416
-3.46963
-3.43544
-3.40159
-3.36807
-3.33489
-3.30203
-3.2695
-3.2373
-3.20541
-3.17383
-3.14257
-3.11162
-3.08098
-3.05063
-3.02059
-2.99085
-2.9614
-2.93224
-2.90337
-2.87479
-2.84649
-2.81847
-2.79073
-2.76326
-2.73606
-2.70914
-2.68248
-2.65608
-2.62995
-2.60407
-2.57845
-2.55308
-2.52797
-2.5031
-2.47848
-2.45411
-2.42997
-2.40607
-2.38241
-2.35899
-2.3358
-2.31283
-2.2901
-2.26759
-2.2453
-2.22323
-2.20138
-2.17975
-2.15833
-2.13712
-2.11613
-2.09534
-2.07475
-2.05438
-2.0342
-2.01422
-1.99444
-1.97486
-1.95547
-1.93627
-1.91726
-1.89844
-1.87981
-1.86136
-1.84309
-1.82501
-1.8071
-1.78937
-1.77182
-1.75444
-1.73723
-1.72019
-1.70333
-1.68662
-1.67009
-1.65372
-1.6375
-1.62146
-1.60556
-1.58983
-1.57425
-1.55883
-1.54356
-1.52844
-1.51347
-1.49865
-1.48397
-1.46944
-1.45506
-1.44081
-1.42671
-1.41275
-1.39892
-1.38524
-1.37168
-1.35827
-1.34498
-1.33183
-1.3188
-1.30591
-1.29314
-1.2805
-1.26799
-1.2556
-1.24333
-1.23118
-1.21915
-1.20725
-1.19546
-1.18378
-1.17222
-1.16078
-1.14945
-1.13823
-1.12713
-1.11613
-1.10524
-1.09446
-1.08379
-1.07322
-1.06276
-1.0524
-1.04214
-1.03199
-1.02193
-1.01198
-1.00212
-0.992363
-0.982701
-0.973134
-0.963662
-0.954284
-0.944999
-0.935805
-0.926703
-0.917691
-0.908768
-0.899933
-0.891186
-0.882526
-0.873951
-0.865461
-0.857055
-0.848732
-0.840492
-0.832333
-0.824256
-0.816258
-0.808339
-0.800499
-0.792736
-0.78505
-0.777441
-0.769906
-0.762446
-0.755061
-0.747748
-0.740507
-0.733339
-0.726241
-0.719214
-0.712256
-0.705367
-0.698546
-0.691793
-0.685106
-0.678486
-0.671932
-0.665442
-0.659016
-0.652654
-0.646356
-0.640119
-0.633944
-0.627831
-0.621778
-0.615785
-0.609851
-0.603976
-0.598159
-0.592399
-0.586697
-0.581051
-0.575461
-0.569927
-0.564447
-0.559022
-0.55365
-0.548331
-0.543065
-0.537851
-0.532689
-0.527578
-0.522518
-0.5175
-0.5125
-0.5075
-0.5025
-0.4975
-0.4925
-0.4875
-0.4825
-0.4775
-0.4725
-0.4675
-0.4625
-0.4575
-0.4525
-0.4475
-0.4425
-0.4375
-0.4325
-0.4275
-0.4225
-0.4175
-0.4125
-0.4075
-0.4025
-0.3975
-0.3925
-0.3875
-0.3825
-0.3775
-0.3725
-0.3675
-0.3625
-0.3575
-0.3525
-0.3475
-0.3425
-0.3375
-0.3325
-0.3275
-0.3225
-0.3175
-0.3125
-0.3075
-0.3025
-0.2975
-0.2925
-0.2875
-0.2825
-0.2775
-0.2725
-0.2675
-0.2625
-0.2575
-0.2525
-0.2475
-0.2425
-0.2375
-0.2325
-0.2275
-0.2225
-0.2175
-0.2125
-0.2075
-0.2025
-0.1975
-0.1925
-0.1875
-0.1825
-0.1775
-0.1725
-0.1675
-0.1625
-0.1575
-0.1525
-0.1475
-0.1425
-0.1375
-0.1325
-0.1275
-0.1225
-0.1175
-0.1125
-0.1075
-0.1025
-0.0975
-0.0925
-0.0875
-0.0825
-0.0775
-0.0725
-0.0675
-0.0625
-0.0575
-0.0525
-0.0475
-0.0425
-0.0375
-0.0325
-0.0275
-0.0225
-0.0175
-0.0125
-0.0075
-0.0025
0.0025
0.0075
0.0125
0.0175
0.0225
0.0275
0.0325
0.0375
0.0425
0.0475
0.0525
0.0575
0.0625
0.0675
0.0725
0.0775
0.0825
0.0875
0.0925
0.0975
0.1025
0.1075
0.1125
0.1175
0.1225
0.1275
0.1325
0.1375
0.1425
0.1475
0.1525
0.1575
0.1625
0.1675
0.1725
0.1775
0.1825
0.1875
0.1925
0.1975
0.2025
0.2075
0.2125
0.2175
0.2225
0.2275
0.2325
0.2375
0.2425
0.2475
0.2525
0.2575
0.2625
0.2675
0.2725
0.2775
0.2825
0.2875
0.2925
0.2975
0.3025
0.3075
0.3125
0.3175
0.3225
0.3275
0.3325
0.3375
0.3425
0.3475
0.3525
0.3575
0.3625
0.3675
0.3725
0.3775
0.3825
0.3875
0.3925
0.3975
0.4025
0.4075
0.4125
0.4175
0.4225
0.4275
0.4325
0.4375
0.4425
0.4475
0.4525
0.4575
0.4625
0.4675
0.4725
0.4775
0.4825
0.4875
0.4925
0.4975
0.5025
0.5075
0.5125
0.5175
0.522518
0.527578
0.532689
0.537851
0.543065
0.548331
0.55365
0.559022
0.564447
0.569927
0.575461
0.581051
0.586697
0.592399
0.598159
0.603976
0.609851
0.615785
0.621778
0.627831
0.633944
0.640119
0.646356
0.652654
0.659016
0.665442
0.671932
0.678486
0.685106
0.691793
0.698546
0.705367
0.712256
0.719214
0.726241
0.733339
0.740507
0.747748
0.755061
0.762446
0.769906
0.777441
0.78505
0.792736
0.800499
0.808339
0.816258
0.824256
0.832333
0.840492
0.848732
0.857055
0.865461
0.873951
0.882526
0.891186
0.899933
0.908768
0.917691
0.926703
0.935805
0.944999
0.954284
0.963662
0.973134
0.982701
0.992363
1.00212
1.01198
1.02193
1.03199
1.04214
1.0524
1.06276
1.07322
1.08379
1.09446
1.10524
1.11613
1.12713
1.13823
1.14945
1.16078
1.17222
1.18378
1.19546
1.20725
1.21915
1.23118
1.24333
1.2556
1.26799
1.2805
1.29314
1.30591
1.3188
1.33183
1.34498
1.35827
1.37168
1.38524
1.39892
1.41275
1.42671
1.44081
1.45506
1.46944
1.48397
1.49865
1.51347
1.52844
1.54356
1.55883
1.57425
1.58983
1.60556
1.62146
1.6375
1.65372
1.67009
1.68662
1.70333
1.72019
1.73723
1.75444
1.77182
1.78937
1.8071
1.82501
1.84309
1.86136
1.87981
1.89844
1.91726
1.93627
1.95547
1.97486
1.99444
2.01422
2.0342
2.05438
2.07475
2.09534
2.11613
2.13712
2.15833
2.17975
2.20138
2.22323
2.2453
2.26759
2.2901
2.31283
2.3358
2.35899
2.38241
2.40607
2.42997
2.45411
2.47848
2.5031
2.52797
2.55308
2.57845
2.60407
2.62995
2.65608
2.68248
2.70914
2.73606
2.76326
2.79073
2.81847
2.84649
2.87479
2.90337
2.93224
2.9614
2.99085
3.02059
3.05063
3.08098
3.11162
3.14257
3.17383
3.20541
3.2373
3.2695
3.30203
3.33489
3.36807
3.40159
3.43544
3.46963
3.50416
3.53904
3.57427
3.60984
3.64578
3.68207
3.71873
3.75575
3.79314
3.83091
3.86905
3.90758
3.94649
3.98579
4.02548
4.06557
4.10606
4.14696
4.18826
4.22998
4.27212
4.31467
4.35766
4.40107
4.44491
4.4892
4.53393
4.5791
4.62473
4.67081
4.71735
4.76436
4.81184
4.85979
4.90823
4.95715
5.00655
5.05645
5.10685
5.15776
5.20917
5.2611
5.31354
5.36651
5.42001
5.47405
5.52863
5.58375
5.63942
5.69565
5.75244
5.8098
5.86773
5.92625
5.98534
6.04503
6.10532
6.16621
6.2277
6.28982
6.35255
6.41591
6.47991
6.54454
6.60982
6.67575
6.74235
6.80961
6.87754
6.94615
7.01544
7.08543
7.15612
7.22752
7.29963
7.37246
7.44602
7.52032
7.59536
7.67115
7.74769
7.825
7.90309
7.98196
8.06161
8.14206
8.22332
8.30539
8.38828
8.47199
8.55655
8.64195
8.7282
8.81532
8.90331
8.99218
9.08194
9.17259
9.26415
9.35663
9.45003
9.54437
9.63964
9.73588
9.83307
9.93124
10.0304
10.1305
10.2317
10.3338
10.437
10.5412
10.6464
10.7527
10.8601
10.9685
11.0781
11.1887
11.3004
11.4132
11.5272
11.6423
11.7586
11.876
11.9946
12.1144
12.2353
12.3575
12.4809
12.6056
12.7315
12.8586
12.9871
13.1168
13.2478
13.3801
13.5137
13.6487
13.785
13.9227
14.0618
14.2022
14.3441
14.4873
14.6321
14.7782
14.9258
