timestep	Fx	Fy
0.01	0.177386	-0.000140155
0.02	26.4583	-0.187533
0.03	19.7275	0.0942704
0.04	12.3852	-0.00802044
0.05	8.15313	-0.000707516
0.06	5.40178	0.00788384
0.07	3.65799	0.00999972
0.08	2.54232	-0.0178853
0.09	1.84098	-0.013053
0.1	1.38052	-0.00509984
0.11	1.07481	0.000345158
0.12	0.90334	-4.11903e-05
0.13	0.752404	0.00507469
0.14	0.646121	0.00588225
0.15	0.57097	0.00888586
0.16	0.512712	0.00888141
0.17	0.47759	0.00779405
0.18	0.443784	0.00566032
0.19	0.405254	0.0101569
0.2	0.392509	-0.0150435
0.21	0.377834	-0.00871166
0.22	0.362167	-0.00553754
0.23	0.349714	-0.00404614
0.24	0.340162	-0.000772027
0.25	0.333851	0.00217646
0.26	0.301872	0.0196459
0.27	0.300144	0.0135506
0.28	0.288567	0.0114007
0.29	0.293148	0.0115744
0.3	0.285092	0.00774587
0.31	0.283723	0.00286422
0.32	0.27107	0.00283002
0.33	0.265033	0.00619957
0.34	0.250483	-0.00124195
0.35	0.250977	0.0154061
0.36	0.254042	0.0152887
0.37	0.252615	0.00912068
0.38	0.256289	0.00222393
0.39	0.245392	-0.00450566
0.4	0.241826	-0.0116498
0.41	0.226554	-0.00720561
0.42	0.22832	-0.0124745
0.43	0.22322	-0.00141642
0.44	0.204729	0.0079114
0.45	0.191215	0.0109892
0.46	0.175108	0.0236762
0.47	0.190169	0.0167546
0.48	0.196468	0.0149166
0.49	0.202495	0.00461774
0.5	0.209846	0.00398642
0.51	0.210309	0.00414045
0.52	0.224252	-0.0172557
0.53	0.22148	-0.00108881
0.54	0.22313	-0.00307796
0.55	0.207624	0.000609709
0.56	0.21303	-0.00500492
0.57	0.195772	-0.00304262
0.58	0.215849	-0.00503341
0.59	0.208764	0.0153751
0.6	0.200029	-0.000518181
0.61	0.205635	0.00484635
0.62	0.201838	0.00552296
0.63	0.203369	-0.0128245
0.64	0.213937	-0.0108022
0.65	0.202166	0.00625304
0.66	0.208508	0.00734629
0.67	0.217349	-0.00163501
0.68	0.219582	0.0021239
0.69	0.218944	0.00919203
0.7	0.22344	0.0116188
0.71	0.231945	-0.00269757
0.72	0.216225	-0.00807286
0.73	0.208642	-0.0125045
0.74	0.212643	-0.00313298
0.75	0.196439	0.00386808
0.76	0.187171	0.0138404
0.77	0.198923	0.0134713
0.78	0.209839	0.00913464
0.79	0.217393	0.00744883
0.8	0.235837	-0.0106519
0.81	0.240741	-0.00167609
0.82	0.232495	0.00350452
0.83	0.241445	-0.00276422
0.84	0.236683	-0.00578341
0.85	0.236312	0.0116437
0.86	0.231696	0.00201514
0.87	0.237146	0.000502674
0.88	0.232409	-0.0112737
0.89	0.242731	-0.00741412
0.9	0.241626	0.00370193
0.91	0.255395	-0.0027946
0.92	0.262578	0.0015528
0.93	0.26412	0.0116032
0.94	0.271977	0.00445726
0.95	0.265255	-0.000848646
0.96	0.261037	-0.0147764
0.97	0.268205	-0.00423718
0.98	0.251801	-0.000924677
0.99	0.245613	0.0104561
1	0.252319	0.0106944
1.01	0.265587	0.0105453
1.02	0.283092	-0.0080718
1.03	0.297148	-0.000619585
1.04	0.289493	0.00354668
1.05	0.297771	-0.00491537
1.06	0.301161	-0.00508975
1.07	0.292788	0.00923328
1.08	0.290977	0.00138482
1.09	0.29367	-0.0114297
1.1	0.311196	-0.00795045
1.11	0.306831	0.00438726
1.12	0.321807	-0.00132316
1.13	0.330445	0.000621212
1.14	0.334381	0.00890752
1.15	0.341839	0.00286794
1.16	0.334905	-0.00829847
1.17	0.334777	-0.0111417
1.18	0.331147	-0.00176741
1.19	0.313261	0.0101681
1.2	0.331339	0.006497
1.21	0.334666	0.00949128
1.22	0.348403	-0.00185713
1.23	0.369936	-0.00116263
1.24	0.36917	0.00285831
1.25	0.375216	-0.0018175
1.26	0.380648	-0.00786087
1.27	0.37687	0.00659551
1.28	0.370024	0.000289266
1.29	0.370996	-0.0119487
1.3	0.388562	-0.00789595
1.31	0.388986	0.00332121
1.32	0.404906	-0.00208312
1.33	0.414439	-6.88071e-06
1.34	0.4187	0.00819904
1.35	0.426687	-0.000451748
1.36	0.421375	-0.00906827
1.37	0.420195	-0.0116066
1.38	0.422684	-0.00234685
1.39	0.409865	0.00786284
1.4	0.420276	0.00775704
1.41	0.426301	0.00953482
1.42	0.439578	-0.000679236
1.43	0.460768	5.36331e-05
1.44	0.459741	0.00243294
1.45	0.466046	-0.00213116
1.46	0.476868	-0.00763911
1.47	0.473316	0.00741935
1.48	0.464534	-0.00283653
1.49	0.464683	-0.0011664
1.5	0.478611	-0.0106717
1.51	0.484007	0.00115908
1.52	0.494833	5.11555e-05
1.53	0.511226	-0.00638765
1.54	0.510507	-0.00575547
1.55	0.529265	0.00553123
1.56	0.52569	-0.0025859
1.57	0.524029	-0.0176562
1.58	0.533132	-0.00753251
1.59	0.523602	-0.000476468
1.6	0.521195	0.00970152
1.61	0.529075	0.00944973
1.62	0.535165	0.0100335
1.63	0.545962	0.002305
1.64	0.567121	7.64907e-05
1.65	0.573703	-0.00242396
1.66	0.570701	-0.00185597
1.67	0.57166	-0.00615779
1.68	0.593118	-0.00578041
1.69	0.586396	-0.00242184
1.7	0.582124	0.000237127
1.71	0.577281	-0.00765636
1.72	0.596718	-0.00746869
1.73	0.598561	0.00561577
1.74	0.610737	0.00300864
1.75	0.628032	-0.00585866
1.76	0.629811	-0.00508462
1.77	0.643296	0.00734931
1.78	0.648383	0.00055163
1.79	0.645075	-0.00538831
1.8	0.64793	-0.012003
1.81	0.653459	-0.0128329
1.82	0.648204	-0.00371391
1.83	0.639677	0.00911817
1.84	0.653891	0.00637347
1.85	0.660921	0.0076
1.86	0.668943	0.0077006
1.87	0.680615	0.005173
1.88	0.696259	-0.00950816
1.89	0.703378	-0.000929193
1.9	0.696757	0.00100804
1.91	0.705477	-0.00322716
1.92	0.713447	-0.00775763
1.93	0.734141	-0.00980492
1.94	0.732908	0.013656
1.95	0.725759	-0.00360519
1.96	0.722769	-0.00437415
1.97	0.726101	-0.00150887
1.98	0.724588	-0.0102641
1.99	0.74329	-0.0104874
2	0.750063	-0.00573778
2.01	0.753615	0.00802045
2.02	0.7625	0.00324909
2.03	0.781778	-0.00569399
2.04	0.786342	-0.00211439
2.05	0.782347	-0.00628977
2.06	0.797329	0.00734705
2.07	0.803083	7.20847e-05
2.08	0.807246	-0.00370542
2.09	0.803754	-0.008491
2.1	0.812822	-0.016361
2.11	0.808057	-0.020985
2.12	0.809977	-0.0119918
2.13	0.823556	-0.00228084
2.14	0.821733	0.00186084
2.15	0.823296	0.00351224
2.16	0.813462	0.0163659
2.17	0.833707	0.00897925
2.18	0.84264	0.00829077
2.19	0.84993	0.00604581
2.2	0.84994	0.00283565
2.21	0.86554	0.00321682
2.22	0.871787	0.00327748
2.23	0.876598	0.00219783
2.24	0.885306	-0.0165911
2.25	0.892161	-0.0101221
2.26	0.897498	0.00238861
2.27	0.900991	0.00174188
2.28	0.906397	-0.00171769
2.29	0.906624	-0.00441341
2.3	0.902636	0.00114422
2.31	0.910477	0.00168249
2.32	0.918998	-0.00504348
2.33	0.92495	-0.00328778
2.34	0.930391	-0.00229958
2.35	0.939515	-0.00965153
2.36	0.936136	-0.00870018
2.37	0.946824	-0.00626767
2.38	0.977302	-0.0101376
2.39	0.975213	-0.00762733
2.4	0.97345	-0.00588909
2.41	0.971799	-0.00414746
2.42	0.974257	-0.00238315
2.43	0.978741	0.0267888
2.44	0.9801	0.0207787
2.45	0.983932	0.0128207
2.46	0.987913	0.00747622
2.47	0.991251	0.00533794
2.48	0.995941	0.00313982
2.49	1.00091	0.00145889
2.5	1.00548	0.000512855
2.51	1.01218	-0.000762567
2.52	1.01117	-0.00125122
2.53	1.02171	-0.0012706
2.54	1.02515	-0.00103589
2.55	1.03036	-0.00104969
2.56	1.03442	-0.00108015
2.57	1.03852	-0.00122497
2.58	1.04358	-0.0022875
2.59	1.04764	-0.00212982
2.6	1.05176	-0.00151162
2.61	1.0536	-0.00367103
2.62	1.05761	-0.0336375
2.63	1.06295	-0.0276805
2.64	1.06606	-0.018539
2.65	1.06979	-0.0119854
2.66	1.07095	-0.00831323
2.67	1.04197	0.000761597
2.68	1.05534	9.53822e-05
2.69	1.07445	0.000162568
2.7	1.07705	0.00868522
2.71	1.08212	0.00603787
2.72	1.08698	0.003494
2.73	1.09001	0.00758368
2.74	1.09472	0.00437004
2.75	1.11463	-0.00629585
2.76	1.1172	0.000507948
2.77	1.11078	0.00239289
2.78	1.11828	0.00241202
2.79	1.11201	-0.014673
2.8	1.11181	-0.0110602
2.81	1.11466	0.0186667
2.82	1.12333	0.00982105
2.83	1.12575	0.00672102
2.84	1.12676	5.8027e-05
2.85	1.14398	0.00175543
2.86	1.14879	-0.0020016
2.87	1.15791	-0.00696326
2.88	1.14939	-0.00168048
2.89	1.19143	-0.0236371
2.9	1.20224	-0.0232581
2.91	1.20531	-0.0226327
2.92	1.18816	-0.0221432
2.93	1.19959	-0.0221688
2.94	1.22206	-0.00348644
2.95	1.20979	0.00961499
2.96	1.21299	0.0112728
2.97	1.20328	0.00959241
2.98	1.19616	0.00445859
2.99	1.18827	-0.015276
3	1.19489	0.00386309
3.01	1.20082	-0.0082158
3.02	1.17705	0.0103694
3.03	1.1764	0.00450995
3.04	1.19387	-0.0134462
3.05	1.19479	-0.0116392
3.06	1.1868	-0.00288689
3.07	1.21556	0.0159086
3.08	1.21706	0.00881156
3.09	1.22155	0.00311055
3.1	1.228	0.0232145
3.11	1.21891	-0.0199676
3.12	1.17483	-0.0131588
3.13	1.18558	0.00546847
3.14	1.1886	0.0107903
3.15	1.20927	-0.000904999
3.16	1.19947	-0.0110426
3.17	1.19181	0.0213197
3.18	1.18624	0.00983291
3.19	1.191	0.00654411
3.2	1.20179	-0.00671576
3.21	1.20505	-0.00560993
3.22	1.2658	-0.0311815
3.23	1.27906	-0.0314793
3.24	1.27476	-0.0181143
3.25	1.27163	-0.00171205
3.26	1.27494	0.00761482
3.27	1.25528	0.00302059
3.28	1.24164	-0.0180998
3.29	1.24213	-0.00427745
3.3	1.21562	0.0108567
3.31	1.20508	0.00709193
3.32	1.22415	-0.0170368
3.33	1.21132	-0.00410422
3.34	1.2453	0.0131309
3.35	1.24545	0.00385343
3.36	1.23883	-0.00871267
3.37	1.19831	-0.00534305
3.38	1.20819	0.0100363
3.39	1.21842	0.0075509
3.4	1.21292	0.00870904
3.41	1.18975	0.00960472
3.42	1.19123	0.0158766
3.43	1.19522	0.00271195
3.44	1.20148	-0.00564839
3.45	1.24303	-0.0268522
3.46	1.26888	-0.0306523
3.47	1.25692	-0.0350115
3.48	1.27356	0.00276078
3.49	1.26597	0.00897989
3.5	1.22981	-0.0123925
3.51	1.23669	-0.00074719
3.52	1.20592	0.0121074
3.53	1.19134	0.00950188
3.54	1.20383	-0.0150769
3.55	1.19377	0.0175445
3.56	1.22222	0.00797426
3.57	1.2291	0.0207323
3.58	1.2132	-0.0237062
3.59	1.17369	0.00349327
3.6	1.16325	0.00994696
3.61	1.17846	0.00257689
3.62	1.1579	-0.00129247
3.63	1.14969	0.0152582
3.64	1.15642	0.0024208
3.65	1.16455	-0.0055009
3.66	1.21105	-0.0299464
3.67	1.2033	-0.0353504
3.68	1.24265	-0.0187864
3.69	1.23632	0.00513788
3.7	1.20628	0.0120254
3.71	1.19172	-0.00993952
3.72	1.17282	-0.00879944
3.73	1.13159	0.0110548
3.74	1.14023	-0.0131992
3.75	1.12199	-0.00430624
3.76	1.15563	0.0154318
3.77	1.16659	0.0283981
3.78	1.1511	-0.020366
3.79	1.10959	0.00476815
3.8	1.099	0.0118917
3.81	1.11336	0.00391413
3.82	1.09022	-0.000555022
3.83	1.08143	0.0172627
3.84	1.08498	0.00195929
3.85	1.07764	0.00465923
3.86	1.14242	-0.0323245
3.87	1.13512	-0.035516
3.88	1.16368	-0.0233194
3.89	1.1502	0.00700524
3.9	1.12143	0.0103302
3.91	1.10648	-0.0101821
3.92	1.08323	-0.00915698
3.93	1.03824	0.00733396
3.94	1.05	-0.0142081
3.95	1.02707	-0.00428943
3.96	1.05797	0.0148203
3.97	1.06138	0.0282917
3.98	1.05711	-0.0176805
3.99	1.0179	-0.0070906
4	1.00729	0.0135791
4.01	1.01765	0.00321256
4.02	1.00187	-0.0101861
4.03	0.981249	0.0226178
4.04	0.978704	0.0103456
4.05	0.982321	-0.00133875
4.06	1.01358	-0.0199235
4.07	1.03457	-0.0239614
4.08	1.01654	-0.0313198
4.09	1.03083	0.00330044
4.1	1.02211	0.00654204
4.11	0.992934	0.00825034
4.12	0.978834	-0.0127175
4.13	0.955124	-0.0111257
4.14	0.913037	0.00741606
4.15	0.918156	-0.0132371
4.16	0.900749	-0.00463441
4.17	0.925575	0.0155716
4.18	0.921669	0.0090896
4.19	0.923738	0.0236221
4.2	0.917152	-0.0175123
4.21	0.877856	0.00253792
4.22	0.86751	0.00962097
4.23	0.881072	-0.00154598
4.24	0.865625	-0.0118845
4.25	0.846294	0.0226209
4.26	0.835446	0.00862473
4.27	0.841292	0.00392472
4.28	0.840674	-0.00345853
4.29	0.870175	-0.0239722
4.3	0.880646	-0.0228751
4.31	0.859397	-0.026205
4.32	0.876014	-0.0104823
4.33	0.861839	0.00247335
4.34	0.837838	0.012142
4.35	0.818754	-0.00163612
4.36	0.796665	-0.00609219
4.37	0.780478	-0.00941155
4.38	0.747753	0.00730406
4.39	0.734228	0.00443745
4.4	0.746512	-0.0172619
4.41	0.73074	-0.00543033
4.42	0.72931	0.015264
4.43	0.743157	0.0086467
4.44	0.738873	-0.00228184
4.45	0.740085	0.0218412
4.46	0.732538	-0.0133906
4.47	0.687939	-0.00802619
4.48	0.691812	0.00596653
4.49	0.68316	0.00965499
4.5	0.696997	-0.000298209
4.51	0.680384	0.000911238
4.52	0.667285	-0.00953628
4.53	0.65088	0.0192123
4.54	0.647132	0.0124571
4.55	0.630771	0.0029423
4.56	0.646338	-0.000387152
4.57	0.638816	-0.00341117
4.58	0.626999	0.000702507
4.59	0.658864	-0.0205838
4.6	0.659876	-0.0177189
4.61	0.651038	-0.0151584
4.62	0.628769	-0.0158488
4.63	0.626873	-0.00429163
4.64	0.622112	-0.00576866
4.65	0.599579	0.0070895
4.66	0.594806	0.00617426
4.67	0.578468	0.00567762
4.68	0.561994	0.00254488
4.69	0.549852	-0.00989004
4.7	0.534194	-0.0128882
4.71	0.531292	-0.00318733
4.72	0.52089	-0.00985442
4.73	0.514241	-0.00725792
4.74	0.492564	0.00774908
4.75	0.485646	0.00436631
4.76	0.479661	0.000364711
4.77	0.474027	-0.000614086
4.78	0.468871	-0.00051611
4.79	0.475449	-0.0146402
4.8	0.472582	-0.0123558
4.81	0.464502	-0.00855975
4.82	0.451744	-0.00117751
4.83	0.445067	-0.00114832
4.84	0.438433	-0.000876848
4.85	0.429781	0.0168246
4.86	0.437861	0.0110321
4.87	0.431661	0.00706331
4.88	0.417899	0.00411349
4.89	0.413203	0.00242866
4.9	0.408063	0.00108587
4.91	0.404794	0.000547014
4.92	0.398745	-0.000129882
4.93	0.394915	-0.00538572
4.94	0.388694	-0.00449988
4.95	0.382068	-0.00314775
4.96	0.375867	-0.002048
4.97	0.366479	0.0168598
4.98	0.360043	0.0116688
4.99	0.355852	0.00655448
5	0.351695	0.00335508
5.01	0.343366	0.000150823
5.02	0.339506	-0.000512236
5.03	0.334999	-0.000907674
5.04	0.33186	-4.70277e-05
5.05	0.324926	-0.00118151
5.06	0.319823	-0.0010869
5.07	0.313677	-0.00170774
5.08	0.312238	-0.0179971
5.09	0.306789	-0.0132537
5.1	0.299448	-0.00889059
5.11	0.293064	-0.00564343
5.12	0.284303	0.00136832
5.13	0.280109	0.00157128
5.14	0.278739	0.000853261
5.15	0.274134	0.000207815
5.16	0.26657	0.00116326
5.17	0.270427	-0.000631874
5.18	0.263446	0.000915972
5.19	0.249952	0.00231898
5.2	0.252154	-0.0129095
5.21	0.252427	-0.008588
5.22	0.250316	-0.00540678
5.23	0.250532	-0.0057946
5.24	0.247554	-0.00318871
5.25	0.237877	0.000304142
5.26	0.229529	0.0109119
5.27	0.232055	0.00737117
5.28	0.234238	0.00462734
5.29	0.234436	0.00400855
5.3	0.233299	0.00149253
5.31	0.238447	-0.00600271
5.32	0.230802	-0.00343608
5.33	0.228004	-0.000594321
5.34	0.218652	-0.00299821
5.35	0.21631	0.00574043
5.36	0.218248	0.00820463
5.37	0.215507	0.00359847
5.38	0.212347	-0.00163531
5.39	0.200234	-0.00144107
5.4	0.199645	-0.00849764
5.41	0.195226	-0.00592729
5.42	0.190003	-0.00829058
5.43	0.192188	-0.000387336
5.44	0.181336	-0.00122329
5.45	0.180167	-0.00260662
5.46	0.16206	0.00929224
5.47	0.168586	0.00436968
5.48	0.173747	0.00298128
5.49	0.156134	0.00211585
5.5	0.169062	0.00414308
5.51	0.171802	0.00312993
5.52	0.181811	-0.0125616
5.53	0.180081	-0.00504954
5.54	0.177882	-0.00230316
5.55	0.168249	0.00145506
5.56	0.171527	-0.00196199
5.57	0.160026	-0.00547544
5.58	0.170364	-0.00704731
5.59	0.158278	0.00716865
5.6	0.147178	-0.0106692
5.61	0.144196	-0.00189155
5.62	0.151316	-0.000146097
5.63	0.152042	-0.00896152
5.64	0.159608	-0.00832337
5.65	0.15223	0.00479021
5.66	0.163933	0.00345617
5.67	0.175468	-0.00371242
5.68	0.17805	-0.00160074
5.69	0.175116	0.00379878
5.7	0.177746	0.00625556
5.71	0.181541	-0.00201229
5.72	0.164757	-0.00430841
5.73	0.164262	-0.00914155
5.74	0.166679	-0.00294717
5.75	0.161622	-0.00168984
5.76	0.144327	0.00562981
5.77	0.150567	0.00410366
5.78	0.136333	0.00215032
5.79	0.151887	0.00522817
5.8	0.169019	-0.00906021
5.81	0.173452	-0.00408874
5.82	0.165574	0.0015303
5.83	0.17061	-0.00116366
5.84	0.167805	-0.00629448
5.85	0.161739	0.00456487
5.86	0.150664	-0.00650951
5.87	0.162957	-0.00374214
5.88	0.159445	-0.00874555
5.89	0.162466	-0.00495842
5.9	0.174785	0.00388288
5.91	0.19047	-0.00450011
5.92	0.199464	-0.00223007
5.93	0.198526	0.00688341
5.94	0.204738	0.0019096
5.95	0.193035	0.000464153
5.96	0.194403	-0.0108964
5.97	0.198791	-0.00191393
5.98	0.192118	-0.00546199
5.99	0.180895	0.00296331
6	0.164696	0.0024358
6.01	0.180829	0.00543889
6.02	0.196694	-0.00727777
6.03	0.207559	-0.00400633
6.04	0.20175	0.00115241
6.05	0.209179	-0.00334844
6.06	0.207591	-0.00630033
6.07	0.194441	0.000854284
6.08	0.192963	-0.00373791
6.09	0.202294	-0.0080217
6.1	0.218358	-0.00767676
6.11	0.219549	0.00462971
6.12	0.237685	-0.00156049
6.13	0.250129	-0.00339587
6.14	0.251027	0.0047482
6.15	0.257445	0.000223097
6.16	0.245746	-0.00644306
6.17	0.250355	-0.00714862
6.18	0.24801	-0.00318783
6.19	0.234522	0.00307476
6.2	0.242687	0.000107732
6.21	0.225411	0.0038352
6.22	0.242656	-0.00407268
6.23	0.264136	-0.00411997
6.24	0.264326	0.000468628
6.25	0.268624	-0.00159161
6.26	0.272556	-0.0075193
6.27	0.263691	-0.000857437
6.28	0.258103	-0.00402776
6.29	0.265918	-0.00881465
6.3	0.283652	-0.00734633
6.31	0.28762	0.0035631
6.32	0.305621	-0.00203403
6.33	0.319328	-0.00322472
6.34	0.320464	0.00322247
6.35	0.32584	-0.00299405
6.36	0.32067	-0.00719066
6.37	0.32211	-0.00823944
6.38	0.320646	-0.00260083
6.39	0.313209	0.00086952
6.4	0.31753	0.000631647
6.41	0.304167	0.0036644
6.42	0.320491	-0.00358981
6.43	0.341681	-0.00353416
6.44	0.342881	0.000400939
6.45	0.347167	-0.00211427
6.46	0.355244	-0.00806856
6.47	0.3486	0.000900907
6.48	0.340703	-0.00606205
6.49	0.346764	-0.0026823
6.5	0.362078	-0.0094055
6.51	0.369562	0.0016422
6.52	0.383571	-0.00109012
6.53	0.401332	-0.00750128
6.54	0.401724	-0.00653734
6.55	0.416067	0.00137118
6.56	0.409606	-0.00244831
6.57	0.410599	-0.0153208
6.58	0.418674	-0.00591803
6.59	0.414274	-0.00532389
6.6	0.406265	0.00305046
6.61	0.411739	0.00320567
6.62	0.400304	0.00409589
6.63	0.414427	-0.00129113
6.64	0.437714	-0.00289599
6.65	0.44468	-0.00381272
6.66	0.44219	-0.00188148
6.67	0.443041	-0.00704621
6.68	0.460159	-0.0068331
6.69	0.451009	-0.00671604
6.7	0.449671	-0.00389147
6.71	0.449932	-0.00611073
6.72	0.468656	-0.00749581
6.73	0.471445	0.00420574
6.74	0.485925	0.000365386
6.75	0.504466	-0.00714578
6.76	0.50779	-0.00545206
6.77	0.517023	0.00298264
6.78	0.522782	-0.0022974
6.79	0.516216	-0.00570393
6.8	0.520439	-0.0117326
6.81	0.526285	-0.0117224
6.82	0.522125	-0.00536643
6.83	0.51638	0.00308506
6.84	0.525083	0.00125582
6.85	0.52536	0.00208823
6.86	0.527349	0.00165544
6.87	0.541784	0.00086924
6.88	0.556078	-0.0104618
6.89	0.564798	-0.00421267
6.9	0.560708	-0.00150662
6.91	0.567228	-0.00338128
6.92	0.573947	-0.0075778
6.93	0.591508	-0.0111212
6.94	0.590345	0.00839005
6.95	0.580935	-0.00677318
6.96	0.578987	-0.00762948
6.97	0.587447	-0.00415837
6.98	0.585379	-0.00910096
6.99	0.60315	-0.0104261
7	0.608365	-0.00532002
7.01	0.614608	0.00423889
7.02	0.625195	0.000263241
7.03	0.643197	-0.00561399
7.04	0.647829	-0.00473321
7.05	0.643267	-0.00678898
7.06	0.656937	0.00345358
7.07	0.661046	-0.00248886
7.08	0.664151	-0.00560943
7.09	0.662165	-0.00896176
7.1	0.669967	-0.0162135
7.11	0.668059	-0.0201152
7.12	0.669311	-0.0122571
7.13	0.68218	-0.00472475
7.14	0.679561	-0.00139878
7.15	0.683805	-0.000870211
7.16	0.674984	0.0107928
7.17	0.690116	0.00271277
7.18	0.698565	0.0025382
7.19	0.701572	0.000940478
7.2	0.699053	-0.00400464
7.21	0.71567	0.000213454
7.22	0.724945	-0.00112926
7.23	0.727837	-0.000666879
7.24	0.735405	-0.0155507
7.25	0.741549	-0.0110673
7.26	0.747587	-0.000239522
7.27	0.750715	-0.00172139
7.28	0.755557	-0.0047366
7.29	0.758126	-0.00609016
7.3	0.753867	-0.00152963
7.31	0.759923	-0.00200937
7.32	0.767433	-0.0049006
7.33	0.773412	-0.00417885
7.34	0.77845	-0.00381456
7.35	0.787511	-0.00977098
7.36	0.784502	-0.00967159
7.37	0.794273	-0.00818547
7.38	0.821818	-0.0108425
7.39	0.820173	-0.0092114
7.4	0.818712	-0.00694581
7.41	0.817281	-0.00608219
7.42	0.819575	-0.00415486
7.43	0.823017	0.0197593
7.44	0.824906	0.0155331
7.45	0.828825	0.00890967
7.46	0.832736	0.0045728
7.47	0.83499	0.00320083
7.48	0.839955	0.000884793
7.49	0.844859	-0.000701985
7.5	0.849272	-0.00212897
7.51	0.854882	-0.00251751
7.52	0.854548	-0.002912
7.53	0.864591	-0.00306548
7.54	0.868499	-0.00277825
7.55	0.873212	-0.00271527
7.56	0.876836	-0.00282193
7.57	0.880349	-0.00338142
7.58	0.885562	-0.00510473
7.59	0.889563	-0.00478869
7.6	0.893326	-0.00410198
7.61	0.896254	-0.00492914
7.62	0.900724	-0.0309126
7.63	0.904456	-0.0268117
7.64	0.907717	-0.0181334
7.65	0.910748	-0.0125539
7.66	0.912047	-0.00956703
7.67	0.887481	-0.000275385
7.68	0.898088	-0.00293943
7.69	0.914915	-0.00133818
7.7	0.917462	0.00551742
7.71	0.923208	0.00309021
7.72	0.9284	0.00086564
7.73	0.932021	0.00297017
7.74	0.936139	0.000925095
7.75	0.954523	-0.00792206
7.76	0.955968	-0.00260448
7.77	0.951584	0.00260131
7.78	0.956037	-0.000306166
7.79	0.952215	-0.0145715
7.8	0.95264	-0.0100532
7.81	0.956603	0.0140897
7.82	0.964535	0.00658382
7.83	0.964611	0.00277741
7.84	0.964311	-0.00202477
7.85	0.979949	0.00011602
7.86	0.983522	-0.00239103
7.87	0.98915	-0.00684402
7.88	0.982897	-0.002821
7.89	1.01878	-0.0224544
7.9	1.02898	-0.0218498
7.91	1.03434	-0.0220782
7.92	1.01353	-0.0236115
7.93	1.029	-0.0218472
7.94	1.04701	-0.0042795
7.95	1.0375	0.0087308
7.96	1.04142	0.0087121
7.97	1.0307	0.00634508
7.98	1.02508	0.00212054
7.99	1.02253	-0.0157268
8	1.02883	0.000686775
8.01	1.03478	-0.00951355
8.02	1.01694	0.00519329
8.03	1.01462	0.00173796
8.04	1.03084	-0.0163256
8.05	1.03177	-0.0119369
8.06	1.02518	-0.00319404
8.07	1.05171	0.0128559
8.08	1.05628	0.00692852
8.09	1.05979	0.00381309
8.1	1.06496	0.0210999
8.11	1.0551	-0.019345
8.12	1.01426	-0.0127367
8.13	1.02431	0.00354267
8.14	1.02796	0.00807513
8.15	1.04467	-0.00220489
8.16	1.03834	-0.0102796
8.17	1.02881	0.0171942
8.18	1.02387	0.00937595
8.19	1.02669	0.00454608
8.2	1.0357	-0.00494406
8.21	1.03867	-0.0049584
8.22	1.09304	-0.0292637
8.23	1.10492	-0.0290274
8.24	1.10148	-0.0165075
8.25	1.09906	-0.00164696
8.26	1.10384	0.00651297
8.27	1.08784	0.00203957
8.28	1.07771	-0.017663
8.29	1.0804	-0.00539869
8.3	1.05901	0.00781805
8.31	1.04983	0.00400315
8.32	1.06815	-0.0170217
8.33	1.05754	-0.00387926
8.34	1.08887	0.0123555
8.35	1.08922	0.00379054
8.36	1.08024	-0.00819734
8.37	1.04318	-0.00383653
8.38	1.05006	0.00928727
8.39	1.06245	0.00523814
8.4	1.05273	0.00738318
8.41	1.03266	0.00883394
8.42	1.03017	0.0151086
8.43	1.03226	0.00339943
8.44	1.0391	-0.00445316
8.45	1.07829	-0.0232571
8.46	1.10089	-0.0279662
8.47	1.09163	-0.0318139
8.48	1.10755	0.00312513
8.49	1.10332	0.00973463
8.5	1.07395	-0.0106823
8.51	1.08083	-0.00195751
8.52	1.05671	0.0110081
8.53	1.0428	0.00728868
8.54	1.05513	-0.0159104
8.55	1.04952	0.0192451
8.56	1.07393	0.00565064
8.57	1.08004	0.0229188
8.58	1.06459	-0.0211658
8.59	1.02535	0.00321661
8.6	1.0147	0.00929196
8.61	1.02681	0.00220941
8.62	1.00797	-0.00116973
8.63	0.997987	0.0160926
8.64	1.00187	0.00523467
8.65	1.00992	-0.00426272
8.66	1.05465	-0.0265817
8.67	1.04927	-0.0300009
8.68	1.08484	-0.0167342
8.69	1.08125	0.00661019
8.7	1.05703	0.0129842
8.71	1.04741	-0.00874514
8.72	1.03102	-0.00817736
8.73	0.99392	0.00889404
8.74	1.00375	-0.0136882
8.75	0.98766	-0.0028736
8.76	1.02056	0.0167303
8.77	1.0277	0.0277685
8.78	1.01383	-0.014887
8.79	0.974013	0.00502382
8.8	0.961537	0.011977
8.81	0.971332	0.00451421
8.82	0.951307	0.000774451
8.83	0.939899	0.0172092
8.84	0.941426	0.00447579
8.85	0.937159	0.00700961
8.86	0.996185	-0.0276159
8.87	0.991942	-0.032917
8.88	1.02196	-0.017125
8.89	1.01073	0.00948305
8.9	0.986471	0.0125829
8.91	0.97275	-0.0109508
8.92	0.953704	-0.008878
8.93	0.915969	0.00954757
8.94	0.923992	-0.0132776
8.95	0.906995	-0.00345477
8.96	0.934953	0.0182331
8.97	0.936093	0.0271059
8.98	0.932099	-0.0131021
8.99	0.89462	-0.00627125
9	0.882641	0.0160491
9.01	0.891898	0.00356626
9.02	0.874597	-0.00948279
9.03	0.855976	0.0253998
9.04	0.850556	0.0119797
9.05	0.852579	0.00273089
9.06	0.884325	-0.0184447
9.07	0.906089	-0.0186659
9.08	0.890255	-0.0263213
9.09	0.903604	0.00464552
9.1	0.899906	0.0101164
9.11	0.873762	0.0105408
9.12	0.862959	-0.0127158
9.13	0.841151	-0.00837994
9.14	0.80502	0.00698878
9.15	0.806947	-0.0088099
9.16	0.793564	-0.00286821
9.17	0.81696	0.0154512
9.18	0.81253	0.010477
9.19	0.815343	0.0264905
9.2	0.805938	-0.0138854
9.21	0.769765	0.00522507
9.22	0.758238	0.0107094
9.23	0.770247	-7.30815e-05
9.24	0.754947	-0.0089839
9.25	0.734709	0.023383
9.26	0.723919	0.0122591
9.27	0.729029	0.00384774
9.28	0.728753	-0.000542997
9.29	0.758429	-0.0167165
9.3	0.769104	-0.0199159
9.31	0.749406	-0.0225728
9.32	0.767721	-0.00616127
9.33	0.757818	0.00613201
9.34	0.731484	0.0115522
9.35	0.719634	0.00117974
9.36	0.700188	-0.00262373
9.37	0.684633	-0.00677559
9.38	0.653409	0.00887808
9.39	0.642639	0.00516779
9.4	0.654805	-0.0133371
9.41	0.640408	-0.00514037
9.42	0.636867	0.0182585
9.43	0.649979	0.0098745
9.44	0.647623	0.00147466
9.45	0.646427	0.0239692
9.46	0.638357	-0.011139
9.47	0.598531	-0.00399493
9.48	0.600344	0.00759123
9.49	0.591388	0.0109065
9.5	0.604827	0.00300162
9.51	0.58843	0.00257315
9.52	0.575625	-0.00679378
9.53	0.560382	0.020954
9.54	0.554439	0.0131702
9.55	0.542195	0.00861409
9.56	0.553835	0.00199895
9.57	0.548305	-0.000502724
9.58	0.538093	0.00272408
9.59	0.568495	-0.0172834
9.6	0.56776	-0.0121665
9.61	0.563375	-0.0110432
9.62	0.541764	-0.0136021
9.63	0.541802	-0.000957523
9.64	0.537658	-0.00193706
9.65	0.516759	0.00995775
9.66	0.51498	0.00829567
9.67	0.498813	0.00794612
9.68	0.483911	0.00510417
9.69	0.474597	-0.00713644
9.7	0.459583	-0.0106852
9.71	0.456795	-0.00163456
9.72	0.447132	-0.00630385
9.73	0.442386	-0.00391949
9.74	0.420587	0.0084021
9.75	0.414972	0.00578084
9.76	0.409675	0.00317684
9.77	0.404565	0.00254303
9.78	0.398812	0.00142243
9.79	0.407212	-0.0100699
9.8	0.402778	-0.00987722
9.81	0.396291	-0.00609991
9.82	0.384102	0.00159956
9.83	0.377565	0.00180974
9.84	0.370319	0.00165646
9.85	0.362672	0.0190746
9.86	0.36973	0.0138218
9.87	0.364698	0.00736478
9.88	0.352131	0.00687697
9.89	0.347641	0.00540033
9.9	0.342777	0.00437525
9.91	0.33951	0.00372751
9.92	0.33395	0.0029886
9.93	0.33047	-0.00264466
9.94	0.324618	-0.00173874
9.95	0.318531	-0.000477539
9.96	0.313055	0.000400816
9.97	0.303596	0.0176704
9.98	0.298809	0.014271
9.99	0.294426	0.00871758
10	0.289506	0.00417373
